R.Time (min)	Intensity
0.00000	-0
0.00833	-0
0.01667	0
0.02500	0
0.03333	0
0.04167	0
0.05000	-0
0.05833	-1
0.06667	-1
0.07500	-1
0.08333	-1
0.09167	-0
0.10000	-0
0.10833	-0
0.11667	-0
0.12500	0
0.13333	0
0.14167	1
0.15000	1
0.15833	2
0.16667	2
0.17500	2
0.18333	2
0.19167	2
0.20000	2
0.20833	2
0.21667	2
0.22500	1
0.23333	1
0.24167	1
0.25000	1
0.25833	1
0.26667	1
0.27500	0
0.28333	1
0.29167	1
0.30000	0
0.30833	-0
0.31667	-0
0.32500	-1
0.33333	-1
0.34167	-1
0.35000	-1
0.35833	-1
0.36667	-0
0.37500	-0
0.38333	0
0.39167	0
0.40000	-0
0.40833	-0
0.41667	-0
0.42500	-1
0.43333	-1
0.44167	-1
0.45000	-1
0.45833	-1
0.46667	-1
0.47500	-1
0.48333	-1
0.49167	-2
0.50000	-2
0.50833	-3
0.51667	-3
0.52500	-3
0.53333	-3
0.54167	-4
0.55000	-4
0.55833	-4
0.56667	-4
0.57500	-4
0.58333	-5
0.59167	-5
0.60000	-5
0.60833	-5
0.61667	-4
0.62500	-4
0.63333	-4
0.64167	-3
0.65000	-3
0.65833	-3
0.66667	-3
0.67500	-3
0.68333	-3
0.69167	-3
0.70000	-3
0.70833	-4
0.71667	-3
0.72500	-3
0.73333	-4
0.74167	-4
0.75000	-4
0.75833	-4
0.76667	-4
0.77500	-3
0.78333	-3
0.79167	-3
0.80000	-3
0.80833	-3
0.81667	-3
0.82500	-3
0.83333	-3
0.84167	-3
0.85000	-2
0.85833	-2
0.86667	-2
0.87500	-2
0.88333	-2
0.89167	-2
0.90000	-2
0.90833	-2
0.91667	-2
0.92500	-2
0.93333	-2
0.94167	-2
0.95000	-2
0.95833	-1
0.96667	-1
0.97500	-1
0.98333	-0
0.99167	-0
1.00000	-0
1.00833	-1
1.01667	-1
1.02500	-1
1.03333	-1
1.04167	-1
1.05000	-1
1.05833	-1
1.06667	-1
1.07500	-1
1.08333	-1
1.09167	-1
1.10000	-1
1.10833	-1
1.11667	-1
1.12500	-1
1.13333	-1
1.14167	-1
1.15000	-2
1.15833	-2
1.16667	-2
1.17500	-2
1.18333	-2
1.19167	-2
1.20000	-2
1.20833	-2
1.21667	-1
1.22500	-1
1.23333	-1
1.24167	-1
1.25000	-1
1.25833	-1
1.26667	-2
1.27500	-2
1.28333	-1
1.29167	-2
1.30000	-2
1.30833	-2
1.31667	-2
1.32500	-2
1.33333	-2
1.34167	-3
1.35000	-3
1.35833	-3
1.36667	-3
1.37500	-3
1.38333	-3
1.39167	-3
1.40000	-3
1.40833	-3
1.41667	-3
1.42500	-3
1.43333	-3
1.44167	-3
1.45000	-4
1.45833	-4
1.46667	-4
1.47500	-4
1.48333	-3
1.49167	-3
1.50000	-3
1.50833	-3
1.51667	-3
1.52500	-3
1.53333	-3
1.54167	-3
1.55000	-3
1.55833	-3
1.56667	-3
1.57500	-3
1.58333	-2
1.59167	-2
1.60000	-2
1.60833	-1
1.61667	-2
1.62500	-2
1.63333	-2
1.64167	-2
1.65000	-2
1.65833	-2
1.66667	-2
1.67500	-2
1.68333	-1
1.69167	-1
1.70000	-1
1.70833	-1
1.71667	-1
1.72500	-1
1.73333	-2
1.74167	-2
1.75000	-2
1.75833	-1
1.76667	-1
1.77500	-1
1.78333	-1
1.79167	-2
1.80000	-2
1.80833	-2
1.81667	-3
1.82500	-3
1.83333	-3
1.84167	-4
1.85000	-4
1.85833	-4
1.86667	-4
1.87500	-4
1.88333	-4
1.89167	-4
1.90000	-4
1.90833	-4
1.91667	-4
1.92500	-4
1.93333	-4
1.94167	-4
1.95000	-4
1.95833	-4
1.96667	-4
1.97500	-4
1.98333	-4
1.99167	-4
2.00000	-5
2.00833	-5
2.01667	-5
2.02500	-5
2.03333	-5
2.04167	-5
2.05000	-5
2.05833	-5
2.06667	-5
2.07500	-4
2.08333	-5
2.09167	-5
2.10000	-5
2.10833	-5
2.11667	-5
2.12500	-5
2.13333	-5
2.14167	-5
2.15000	-5
2.15833	-5
2.16667	-6
2.17500	-6
2.18333	-5
2.19167	-5
2.20000	-6
2.20833	-6
2.21667	-5
2.22500	-5
2.23333	-5
2.24167	-5
2.25000	-5
2.25833	-5
2.26667	-5
2.27500	-6
2.28333	-6
2.29167	-7
2.30000	-7
2.30833	-7
2.31667	-7
2.32500	-7
2.33333	-7
2.34167	-7
2.35000	-7
2.35833	-7
2.36667	-7
2.37500	-7
2.38333	-7
2.39167	-7
2.40000	-7
2.40833	-7
2.41667	-7
2.42500	-7
2.43333	-7
2.44167	-7
2.45000	-7
2.45833	-7
2.46667	-7
2.47500	-7
2.48333	-7
2.49167	-6
2.50000	-6
2.50833	-6
2.51667	-6
2.52500	-6
2.53333	-5
2.54167	-5
2.55000	-6
2.55833	-6
2.56667	-6
2.57500	-7
2.58333	-7
2.59167	-7
2.60000	-8
2.60833	-8
2.61667	-8
2.62500	-7
2.63333	-7
2.64167	-7
2.65000	-7
2.65833	-7
2.66667	-7
2.67500	-7
2.68333	-8
2.69167	-8
2.70000	-8
2.70833	-8
2.71667	-8
2.72500	-8
2.73333	-7
2.74167	-7
2.75000	-8
2.75833	-8
2.76667	-8
2.77500	-8
2.78333	-8
2.79167	-8
2.80000	-8
2.80833	-8
2.81667	-8
2.82500	-8
2.83333	-7
2.84167	-7
2.85000	-6
2.85833	-6
2.86667	-6
2.87500	-6
2.88333	-6
2.89167	-6
2.90000	-6
2.90833	-5
2.91667	-5
2.92500	-6
2.93333	-5
2.94167	-5
2.95000	-5
2.95833	-5
2.96667	-5
2.97500	-4
2.98333	-4
2.99167	-4
3.00000	-4
3.00833	-4
3.01667	-4
3.02500	-3
3.03333	-3
3.04167	-3
3.05000	-3
3.05833	-3
3.06667	-4
3.07500	-3
3.08333	-3
3.09167	-3
3.10000	-3
3.10833	-3
3.11667	-3
3.12500	-3
3.13333	-3
3.14167	-3
3.15000	-3
3.15833	-3
3.16667	-2
3.17500	-2
3.18333	-2
3.19167	-2
3.20000	-2
3.20833	-2
3.21667	-2
3.22500	-2
3.23333	-2
3.24167	-2
3.25000	-3
3.25833	-3
3.26667	-3
3.27500	-3
3.28333	-3
3.29167	-3
3.30000	-3
3.30833	-3
3.31667	-3
3.32500	-2
3.33333	-2
3.34167	-2
3.35000	-2
3.35833	-2
3.36667	-3
3.37500	-3
3.38333	-3
3.39167	-3
3.40000	-3
3.40833	-3
3.41667	-3
3.42500	-3
3.43333	-3
3.44167	-3
3.45000	-3
3.45833	-3
3.46667	-3
3.47500	-3
3.48333	-3
3.49167	-3
3.50000	-2
3.50833	-2
3.51667	-2
3.52500	-2
3.53333	-3
3.54167	-3
3.55000	-3
3.55833	-2
3.56667	-2
3.57500	-2
3.58333	-2
3.59167	-2
3.60000	-2
3.60833	-2
3.61667	-2
3.62500	-2
3.63333	-3
3.64167	-3
3.65000	-2
3.65833	-2
3.66667	-2
3.67500	-2
3.68333	-2
3.69167	-2
3.70000	-2
3.70833	-1
3.71667	-2
3.72500	-2
3.73333	-2
3.74167	-2
3.75000	-2
3.75833	-2
3.76667	-2
3.77500	-2
3.78333	-2
3.79167	-2
3.80000	-1
3.80833	-1
3.81667	-1
3.82500	-1
3.83333	-1
3.84167	-1
3.85000	-1
3.85833	-1
3.86667	-1
3.87500	-1
3.88333	-1
3.89167	-1
3.90000	-1
3.90833	-1
3.91667	-1
3.92500	-1
3.93333	-1
3.94167	-1
3.95000	-2
3.95833	-1
3.96667	-1
3.97500	-1
3.98333	-1
3.99167	-2
4.00000	-2
4.00833	-2
4.01667	-1
4.02500	-1
4.03333	-1
4.04167	-1
4.05000	-1
4.05833	-2
4.06667	-2
4.07500	-2
4.08333	-1
4.09167	-1
4.10000	-1
4.10833	-1
4.11667	-1
4.12500	-1
4.13333	-1
4.14167	-1
4.15000	-1
4.15833	-1
4.16667	-0
4.17500	-0
4.18333	-0
4.19167	-0
4.20000	-0
4.20833	-1
4.21667	-1
4.22500	-1
4.23333	-1
4.24167	-1
4.25000	-1
4.25833	-0
4.26667	-0
4.27500	-0
4.28333	0
4.29167	0
4.30000	1
4.30833	1
4.31667	1
4.32500	1
4.33333	1
4.34167	0
4.35000	0
4.35833	0
4.36667	1
4.37500	1
4.38333	1
4.39167	1
4.40000	2
4.40833	1
4.41667	1
4.42500	1
4.43333	1
4.44167	2
4.45000	1
4.45833	1
4.46667	1
4.47500	1
4.48333	1
4.49167	1
4.50000	1
4.50833	1
4.51667	1
4.52500	1
4.53333	0
4.54167	0
4.55000	0
4.55833	0
4.56667	1
4.57500	1
4.58333	1
4.59167	0
4.60000	0
4.60833	0
4.61667	0
4.62500	-0
4.63333	-0
4.64167	-0
4.65000	-0
4.65833	-1
4.66667	-1
4.67500	-1
4.68333	-1
4.69167	-1
4.70000	-1
4.70833	-1
4.71667	-1
4.72500	-1
4.73333	-0
4.74167	-0
4.75000	-0
4.75833	-0
4.76667	-0
4.77500	-0
4.78333	-0
4.79167	-0
4.80000	-0
4.80833	-1
4.81667	-0
4.82500	-0
4.83333	-0
4.84167	-1
4.85000	-1
4.85833	-1
4.86667	-0
4.87500	-0
4.88333	-0
4.89167	-0
4.90000	-0
4.90833	0
4.91667	0
4.92500	1
4.93333	1
4.94167	1
4.95000	1
4.95833	2
4.96667	1
4.97500	1
4.98333	1
4.99167	1
5.00000	2
5.00833	2
5.01667	2
5.02500	2
5.03333	3
5.04167	3
5.05000	3
5.05833	3
5.06667	3
5.07500	3
5.08333	3
5.09167	4
5.10000	4
5.10833	4
5.11667	4
5.12500	4
5.13333	4
5.14167	4
5.15000	4
5.15833	4
5.16667	4
5.17500	4
5.18333	4
5.19167	3
5.20000	4
5.20833	4
5.21667	4
5.22500	4
5.23333	5
5.24167	5
5.25000	5
5.25833	4
5.26667	4
5.27500	4
5.28333	5
5.29167	5
5.30000	5
5.30833	6
5.31667	6
5.32500	6
5.33333	6
5.34167	6
5.35000	6
5.35833	6
5.36667	6
5.37500	5
5.38333	5
5.39167	5
5.40000	5
5.40833	5
5.41667	5
5.42500	4
5.43333	5
5.44167	5
5.45000	5
5.45833	4
5.46667	4
5.47500	4
5.48333	4
5.49167	4
5.50000	5
5.50833	4
5.51667	4
5.52500	4
5.53333	4
5.54167	4
5.55000	4
5.55833	3
5.56667	3
5.57500	3
5.58333	3
5.59167	3
5.60000	4
5.60833	4
5.61667	4
5.62500	4
5.63333	4
5.64167	4
5.65000	4
5.65833	4
5.66667	3
5.67500	3
5.68333	3
5.69167	3
5.70000	4
5.70833	4
5.71667	4
5.72500	5
5.73333	5
5.74167	6
5.75000	6
5.75833	6
5.76667	6
5.77500	5
5.78333	5
5.79167	5
5.80000	5
5.80833	5
5.81667	5
5.82500	5
5.83333	5
5.84167	6
5.85000	6
5.85833	6
5.86667	6
5.87500	6
5.88333	6
5.89167	6
5.90000	6
5.90833	6
5.91667	7
5.92500	7
5.93333	7
5.94167	7
5.95000	7
5.95833	7
5.96667	7
5.97500	7
5.98333	7
5.99167	7
6.00000	7
6.00833	8
6.01667	8
6.02500	8
6.03333	8
6.04167	8
6.05000	8
6.05833	7
6.06667	7
6.07500	7
6.08333	7
6.09167	8
6.10000	8
6.10833	7
6.11667	7
6.12500	8
6.13333	8
6.14167	8
6.15000	8
6.15833	8
6.16667	8
6.17500	8
6.18333	8
6.19167	8
6.20000	8
6.20833	8
6.21667	8
6.22500	8
6.23333	8
6.24167	8
6.25000	8
6.25833	7
6.26667	7
6.27500	7
6.28333	7
6.29167	7
6.30000	7
6.30833	7
6.31667	6
6.32500	6
6.33333	6
6.34167	6
6.35000	6
6.35833	6
6.36667	6
6.37500	6
6.38333	6
6.39167	6
6.40000	6
6.40833	6
6.41667	6
6.42500	7
6.43333	7
6.44167	6
6.45000	6
6.45833	6
6.46667	6
6.47500	6
6.48333	6
6.49167	6
6.50000	6
6.50833	6
6.51667	6
6.52500	6
6.53333	6
6.54167	6
6.55000	5
6.55833	5
6.56667	5
6.57500	5
6.58333	5
6.59167	5
6.60000	5
6.60833	5
6.61667	5
6.62500	5
6.63333	5
6.64167	5
6.65000	5
6.65833	6
6.66667	6
6.67500	6
6.68333	6
6.69167	5
6.70000	5
6.70833	5
6.71667	5
6.72500	5
6.73333	5
6.74167	5
6.75000	5
6.75833	5
6.76667	5
6.77500	5
6.78333	5
6.79167	5
6.80000	5
6.80833	5
6.81667	5
6.82500	5
6.83333	5
6.84167	5
6.85000	5
6.85833	5
6.86667	5
6.87500	6
6.88333	6
6.89167	7
6.90000	7
6.90833	8
6.91667	8
6.92500	9
6.93333	9
6.94167	10
6.95000	10
6.95833	11
6.96667	11
6.97500	11
6.98333	11
6.99167	11
7.00000	12
7.00833	12
7.01667	13
7.02500	13
7.03333	13
7.04167	14
7.05000	14
7.05833	15
7.06667	15
7.07500	16
7.08333	17
7.09167	18
7.10000	20
7.10833	22
7.11667	25
7.12500	28
7.13333	32
7.14167	37
7.15000	43
7.15833	50
7.16667	59
7.17500	70
7.18333	82
7.19167	96
7.20000	111
7.20833	127
7.21667	145
7.22500	164
7.23333	183
7.24167	203
7.25000	223
7.25833	242
7.26667	259
7.27500	271
7.28333	279
7.29167	280
7.30000	270
7.30833	249
7.31667	215
7.32500	168
7.33333	111
7.34167	47
7.35000	-15
7.35833	-66
7.36667	-90
7.37500	-69
7.38333	15
7.39167	186
7.40000	465
7.40833	874
7.41667	1430
7.42500	2149
7.43333	3039
7.44167	4104
7.45000	5338
7.45833	6727
7.46667	8247
7.47500	9863
7.48333	11530
7.49167	13195
7.50000	14795
7.50833	16265
7.51667	17539
7.52500	18557
7.53333	19273
7.54167	19654
7.55000	19690
7.55833	19389
7.56667	18781
7.57500	17909
7.58333	16830
7.59167	15602
7.60000	14286
7.60833	12938
7.61667	11607
7.62500	10330
7.63333	9137
7.64167	8046
7.65000	7066
7.65833	6201
7.66667	5447
7.67500	4797
7.68333	4243
7.69167	3772
7.70000	3375
7.70833	3041
7.71667	2759
7.72500	2521
7.73333	2318
7.74167	2144
7.75000	1994
7.75833	1863
7.76667	1748
7.77500	1645
7.78333	1552
7.79167	1469
7.80000	1392
7.80833	1320
7.81667	1254
7.82500	1191
7.83333	1132
7.84167	1076
7.85000	1022
7.85833	970
7.86667	920
7.87500	873
7.88333	827
7.89167	784
7.90000	742
7.90833	703
7.91667	666
7.92500	633
7.93333	602
7.94167	573
7.95000	547
7.95833	524
7.96667	505
7.97500	488
7.98333	474
7.99167	463
8.00000	454
8.00833	447
8.01667	442
8.02500	437
8.03333	434
8.04167	430
8.05000	426
8.05833	422
8.06667	417
8.07500	411
8.08333	405
8.09167	397
8.10000	389
8.10833	380
8.11667	371
8.12500	360
8.13333	350
8.14167	339
8.15000	329
8.15833	318
8.16667	308
8.17500	298
8.18333	289
8.19167	280
8.20000	273
8.20833	265
8.21667	259
8.22500	252
8.23333	247
8.24167	241
8.25000	237
8.25833	233
8.26667	229
8.27500	226
8.28333	224
8.29167	222
8.30000	220
8.30833	219
8.31667	218
8.32500	217
8.33333	217
8.34167	216
8.35000	215
8.35833	215
8.36667	214
8.37500	213
8.38333	213
8.39167	213
8.40000	212
8.40833	212
8.41667	211
8.42500	211
8.43333	210
8.44167	209
8.45000	208
8.45833	207
8.46667	206
8.47500	205
8.48333	205
8.49167	203
8.50000	202
8.50833	202
8.51667	201
8.52500	200
8.53333	198
8.54167	197
8.55000	197
8.55833	196
8.56667	195
8.57500	195
8.58333	196
8.59167	196
8.60000	198
8.60833	200
8.61667	204
8.62500	208
8.63333	214
8.64167	221
8.65000	230
8.65833	241
8.66667	253
8.67500	266
8.68333	282
8.69167	299
8.70000	318
8.70833	337
8.71667	358
8.72500	380
8.73333	402
8.74167	423
8.75000	444
8.75833	463
8.76667	481
8.77500	497
8.78333	511
8.79167	522
8.80000	530
8.80833	536
8.81667	540
8.82500	543
8.83333	543
8.84167	544
8.85000	543
8.85833	543
8.86667	544
8.87500	547
8.88333	553
8.89167	562
8.90000	576
8.90833	597
8.91667	624
8.92500	659
8.93333	702
8.94167	755
8.95000	817
8.95833	889
8.96667	971
8.97500	1063
8.98333	1163
8.99167	1271
9.00000	1384
9.00833	1502
9.01667	1621
9.02500	1741
9.03333	1857
9.04167	1968
9.05000	2070
9.05833	2162
9.06667	2242
9.07500	2308
9.08333	2357
9.09167	2390
9.10000	2406
9.10833	2406
9.11667	2389
9.12500	2355
9.13333	2308
9.14167	2248
9.15000	2176
9.15833	2095
9.16667	2007
9.17500	1913
9.18333	1815
9.19167	1716
9.20000	1617
9.20833	1518
9.21667	1422
9.22500	1330
9.23333	1242
9.24167	1159
9.25000	1081
9.25833	1009
9.26667	942
9.27500	881
9.28333	825
9.29167	775
9.30000	730
9.30833	691
9.31667	656
9.32500	625
9.33333	598
9.34167	574
9.35000	555
9.35833	539
9.36667	526
9.37500	517
9.38333	510
9.39167	508
9.40000	510
9.40833	516
9.41667	527
9.42500	544
9.43333	569
9.44167	602
9.45000	646
9.45833	702
9.46667	773
9.47500	863
9.48333	974
9.49167	1111
9.50000	1280
9.50833	1483
9.51667	1728
9.52500	2018
9.53333	2360
9.54167	2757
9.55000	3214
9.55833	3735
9.56667	4320
9.57500	4970
9.58333	5683
9.59167	6457
9.60000	7284
9.60833	8157
9.61667	9067
9.62500	10003
9.63333	10950
9.64167	11895
9.65000	12823
9.65833	13718
9.66667	14566
9.67500	15353
9.68333	16065
9.69167	16693
9.70000	17228
9.70833	17665
9.71667	18001
9.72500	18235
9.73333	18370
9.74167	18411
9.75000	18365
9.75833	18242
9.76667	18052
9.77500	17806
9.78333	17518
9.79167	17199
9.80000	16862
9.80833	16520
9.81667	16183
9.82500	15860
9.83333	15561
9.84167	15293
9.85000	15063
9.85833	14876
9.86667	14736
9.87500	14644
9.88333	14604
9.89167	14614
9.90000	14676
9.90833	14787
9.91667	14947
9.92500	15153
9.93333	15403
9.94167	15694
9.95000	16024
9.95833	16389
9.96667	16787
9.97500	17214
9.98333	17666
9.99167	18141
10.00000	18636
10.00833	19147
10.01667	19670
10.02500	20202
10.03333	20735
10.04167	21262
10.05000	21772
10.05833	22245
10.06667	22660
10.07500	22986
10.08333	23186
10.09167	23222
10.10000	23057
10.10833	22663
10.11667	22025
10.12500	21145
10.13333	20041
10.14167	18751
10.15000	17321
10.15833	15807
10.16667	14264
10.17500	12742
10.18333	11283
10.19167	9919
10.20000	8670
10.20833	7548
10.21667	6556
10.22500	5690
10.23333	4942
10.24167	4302
10.25000	3758
10.25833	3297
10.26667	2909
10.27500	2582
10.28333	2307
10.29167	2074
10.30000	1878
10.30833	1711
10.31667	1568
10.32500	1445
10.33333	1337
10.34167	1244
10.35000	1161
10.35833	1087
10.36667	1021
10.37500	961
10.38333	906
10.39167	856
10.40000	811
10.40833	768
10.41667	729
10.42500	693
10.43333	660
10.44167	629
10.45000	600
10.45833	574
10.46667	550
10.47500	528
10.48333	509
10.49167	492
10.50000	477
10.50833	465
10.51667	455
10.52500	446
10.53333	439
10.54167	434
10.55000	429
10.55833	426
10.56667	424
10.57500	423
10.58333	422
10.59167	422
10.60000	422
10.60833	421
10.61667	420
10.62500	418
10.63333	416
10.64167	413
10.65000	409
10.65833	403
10.66667	397
10.67500	390
10.68333	381
10.69167	372
10.70000	362
10.70833	352
10.71667	340
10.72500	329
10.73333	317
10.74167	306
10.75000	294
10.75833	283
10.76667	272
10.77500	262
10.78333	253
10.79167	244
10.80000	236
10.80833	228
10.81667	222
10.82500	216
10.83333	211
10.84167	206
10.85000	202
10.85833	198
10.86667	195
10.87500	193
10.88333	191
10.89167	189
10.90000	188
10.90833	186
10.91667	184
10.92500	183
10.93333	183
10.94167	182
10.95000	181
10.95833	180
10.96667	179
10.97500	178
10.98333	177
10.99167	176
11.00000	175
11.00833	173
11.01667	173
11.02500	172
11.03333	171
11.04167	170
11.05000	170
11.05833	171
11.06667	171
11.07500	171
11.08333	172
11.09167	173
11.10000	174
11.10833	174
11.11667	175
11.12500	177
11.13333	178
11.14167	180
11.15000	183
11.15833	185
11.16667	188
11.17500	191
11.18333	194
11.19167	198
11.20000	201
11.20833	205
11.21667	208
11.22500	212
11.23333	215
11.24167	219
11.25000	223
11.25833	227
11.26667	230
11.27500	234
11.28333	238
11.29167	241
11.30000	244
11.30833	247
11.31667	250
11.32500	252
11.33333	253
11.34167	255
11.35000	256
11.35833	257
11.36667	257
11.37500	257
11.38333	256
11.39167	255
11.40000	254
11.40833	251
11.41667	248
11.42500	245
11.43333	242
11.44167	239
11.45000	235
11.45833	232
11.46667	228
11.47500	225
11.48333	221
11.49167	218
11.50000	215
11.50833	211
11.51667	208
11.52500	205
11.53333	202
11.54167	199
11.55000	197
11.55833	194
11.56667	192
11.57500	190
11.58333	189
11.59167	187
11.60000	186
11.60833	184
11.61667	184
11.62500	183
11.63333	183
11.64167	183
11.65000	183
11.65833	183
11.66667	183
11.67500	183
11.68333	184
11.69167	184
11.70000	184
11.70833	184
11.71667	184
11.72500	184
11.73333	185
11.74167	185
11.75000	185
11.75833	185
11.76667	185
11.77500	185
11.78333	184
11.79167	184
11.80000	183
11.80833	182
11.81667	181
11.82500	180
11.83333	179
11.84167	177
11.85000	176
11.85833	174
11.86667	172
11.87500	169
11.88333	167
11.89167	165
11.90000	163
11.90833	160
11.91667	158
11.92500	156
11.93333	154
11.94167	153
11.95000	151
11.95833	150
11.96667	149
11.97500	148
11.98333	147
11.99167	147
12.00000	147
12.00833	147
12.01667	147
12.02500	147
12.03333	148
12.04167	149
12.05000	150
12.05833	151
12.06667	153
12.07500	154
12.08333	156
12.09167	157
12.10000	159
12.10833	160
12.11667	161
12.12500	162
12.13333	162
12.14167	163
12.15000	164
12.15833	164
12.16667	164
12.17500	164
12.18333	164
12.19167	164
12.20000	164
12.20833	164
12.21667	163
12.22500	162
12.23333	161
12.24167	160
12.25000	159
12.25833	158
12.26667	157
12.27500	155
12.28333	153
12.29167	152
12.30000	151
12.30833	149
12.31667	148
12.32500	147
12.33333	145
12.34167	143
12.35000	142
12.35833	140
12.36667	139
12.37500	137
12.38333	135
12.39167	133
12.40000	131
12.40833	129
12.41667	127
12.42500	126
12.43333	124
12.44167	123
12.45000	121
12.45833	119
12.46667	118
12.47500	117
12.48333	115
12.49167	114
12.50000	113
12.50833	112
12.51667	111
12.52500	111
12.53333	110
12.54167	109
12.55000	109
12.55833	109
12.56667	109
12.57500	109
12.58333	109
12.59167	109
12.60000	109
12.60833	109
12.61667	109
12.62500	110
12.63333	110
12.64167	111
12.65000	111
12.65833	112
12.66667	112
12.67500	112
12.68333	113
12.69167	114
12.70000	115
12.70833	116
12.71667	117
12.72500	117
12.73333	118
12.74167	119
12.75000	120
12.75833	121
12.76667	121
12.77500	121
12.78333	122
12.79167	122
12.80000	123
12.80833	123
12.81667	123
12.82500	123
12.83333	124
12.84167	124
12.85000	125
12.85833	125
12.86667	126
12.87500	127
12.88333	129
12.89167	130
12.90000	132
12.90833	133
12.91667	135
12.92500	136
12.93333	138
12.94167	141
12.95000	143
12.95833	145
12.96667	148
12.97500	151
12.98333	154
12.99167	157
13.00000	159
13.00833	162
13.01667	165
13.02500	167
13.03333	169
13.04167	171
13.05000	173
13.05833	174
13.06667	176
13.07500	177
13.08333	177
13.09167	177
13.10000	177
13.10833	177
13.11667	177
13.12500	176
13.13333	174
13.14167	173
13.15000	172
13.15833	170
13.16667	169
13.17500	167
13.18333	164
13.19167	162
13.20000	160
13.20833	158
13.21667	156
13.22500	154
13.23333	152
13.24167	151
13.25000	149
13.25833	148
13.26667	147
13.27500	145
13.28333	144
13.29167	143
13.30000	142
13.30833	141
13.31667	141
13.32500	141
13.33333	140
13.34167	140
13.35000	140
13.35833	140
13.36667	140
13.37500	140
13.38333	140
13.39167	140
13.40000	140
13.40833	141
13.41667	141
13.42500	141
13.43333	141
13.44167	141
13.45000	142
13.45833	142
13.46667	143
13.47500	144
13.48333	144
13.49167	144
13.50000	145
13.50833	146
13.51667	147
13.52500	148
13.53333	149
13.54167	150
13.55000	151
13.55833	153
13.56667	156
13.57500	158
13.58333	161
13.59167	165
13.60000	169
13.60833	173
13.61667	178
13.62500	183
13.63333	189
13.64167	195
13.65000	201
13.65833	207
13.66667	214
13.67500	221
13.68333	228
13.69167	235
13.70000	242
13.70833	250
13.71667	256
13.72500	263
13.73333	269
13.74167	275
13.75000	281
13.75833	286
13.76667	291
13.77500	296
13.78333	300
13.79167	304
13.80000	308
13.80833	312
13.81667	315
13.82500	319
13.83333	323
13.84167	327
13.85000	332
13.85833	336
13.86667	341
13.87500	347
13.88333	352
13.89167	358
13.90000	365
13.90833	371
13.91667	377
13.92500	383
13.93333	389
13.94167	394
13.95000	398
13.95833	402
13.96667	404
13.97500	405
13.98333	406
13.99167	405
14.00000	403
14.00833	400
14.01667	395
14.02500	390
14.03333	384
14.04167	377
14.05000	369
14.05833	361
14.06667	351
14.07500	341
14.08333	330
14.09167	319
14.10000	308
14.10833	298
14.11667	287
14.12500	277
14.13333	266
14.14167	256
14.15000	247
14.15833	238
14.16667	230
14.17500	222
14.18333	214
14.19167	207
14.20000	200
14.20833	193
14.21667	187
14.22500	182
14.23333	177
14.24167	173
14.25000	169
14.25833	165
14.26667	162
14.27500	159
14.28333	156
14.29167	154
14.30000	152
14.30833	150
14.31667	148
14.32500	147
14.33333	145
14.34167	144
14.35000	144
14.35833	143
14.36667	143
14.37500	143
14.38333	142
14.39167	142
14.40000	142
14.40833	143
14.41667	143
14.42500	143
14.43333	144
14.44167	144
14.45000	144
14.45833	144
14.46667	144
14.47500	145
14.48333	144
14.49167	144
14.50000	145
14.50833	145
14.51667	146
14.52500	146
14.53333	146
14.54167	146
14.55000	145
14.55833	145
14.56667	144
14.57500	143
14.58333	142
14.59167	141
14.60000	140
14.60833	140
14.61667	139
14.62500	138
14.63333	137
14.64167	136
14.65000	135
14.65833	134
14.66667	133
14.67500	133
14.68333	132
14.69167	131
14.70000	131
14.70833	130
14.71667	129
14.72500	128
14.73333	127
14.74167	126
14.75000	125
14.75833	124
14.76667	123
14.77500	123
14.78333	122
14.79167	122
14.80000	121
14.80833	120
14.81667	119
14.82500	118
14.83333	118
14.84167	117
14.85000	116
14.85833	115
14.86667	115
14.87500	115
14.88333	114
14.89167	114
14.90000	114
14.90833	114
14.91667	114
14.92500	113
14.93333	113
14.94167	113
14.95000	113
14.95833	114
14.96667	114
14.97500	115
14.98333	116
14.99167	116
15.00000	117
15.00833	118
15.01667	120
15.02500	122
15.03333	124
15.04167	127
15.05000	130
15.05833	133
15.06667	137
15.07500	141
15.08333	146
15.09167	151
15.10000	157
15.10833	163
15.11667	170
15.12500	177
15.13333	185
15.14167	194
15.15000	203
15.15833	213
15.16667	224
15.17500	235
15.18333	246
15.19167	258
15.20000	269
15.20833	281
15.21667	292
15.22500	303
15.23333	313
15.24167	322
15.25000	330
15.25833	338
15.26667	345
15.27500	351
15.28333	355
15.29167	358
15.30000	360
15.30833	360
15.31667	359
15.32500	357
15.33333	353
15.34167	349
15.35000	343
15.35833	336
15.36667	329
15.37500	320
15.38333	311
15.39167	302
15.40000	292
15.40833	281
15.41667	271
15.42500	260
15.43333	249
15.44167	239
15.45000	229
15.45833	220
15.46667	211
15.47500	202
15.48333	194
15.49167	187
15.50000	180
15.50833	173
15.51667	166
15.52500	161
15.53333	155
15.54167	151
15.55000	146
15.55833	142
15.56667	138
15.57500	135
15.58333	132
15.59167	130
15.60000	128
15.60833	126
15.61667	124
15.62500	123
15.63333	122
15.64167	121
15.65000	120
15.65833	119
15.66667	119
15.67500	119
15.68333	118
15.69167	118
15.70000	118
15.70833	119
15.71667	120
15.72500	120
15.73333	121
15.74167	122
15.75000	123
15.75833	124
15.76667	125
15.77500	125
15.78333	127
15.79167	128
15.80000	129
15.80833	130
15.81667	132
15.82500	133
15.83333	134
15.84167	135
15.85000	136
15.85833	138
15.86667	139
15.87500	141
15.88333	142
15.89167	144
15.90000	146
15.90833	148
15.91667	150
15.92500	153
15.93333	156
15.94167	159
15.95000	162
15.95833	167
15.96667	171
15.97500	176
15.98333	181
15.99167	188
16.00000	195
16.00833	203
16.01667	211
16.02500	219
16.03333	229
16.04167	238
16.05000	248
16.05833	257
16.06667	268
16.07500	278
16.08333	287
16.09167	297
16.10000	306
16.10833	315
16.11667	323
16.12500	331
16.13333	338
16.14167	344
16.15000	349
16.15833	353
16.16667	355
16.17500	357
16.18333	358
16.19167	358
16.20000	357
16.20833	354
16.21667	351
16.22500	348
16.23333	344
16.24167	339
16.25000	334
16.25833	329
16.26667	324
16.27500	319
16.28333	314
16.29167	309
16.30000	305
16.30833	301
16.31667	298
16.32500	296
16.33333	295
16.34167	295
16.35000	295
16.35833	296
16.36667	298
16.37500	301
16.38333	305
16.39167	310
16.40000	316
16.40833	324
16.41667	332
16.42500	342
16.43333	353
16.44167	365
16.45000	378
16.45833	393
16.46667	410
16.47500	428
16.48333	447
16.49167	468
16.50000	489
16.50833	512
16.51667	536
16.52500	561
16.53333	587
16.54167	614
16.55000	641
16.55833	668
16.56667	696
16.57500	723
16.58333	750
16.59167	776
16.60000	801
16.60833	824
16.61667	846
16.62500	866
16.63333	883
16.64167	898
16.65000	910
16.65833	920
16.66667	926
16.67500	929
16.68333	929
16.69167	927
16.70000	920
16.70833	911
16.71667	899
16.72500	884
16.73333	866
16.74167	847
16.75000	826
16.75833	803
16.76667	778
16.77500	753
16.78333	726
16.79167	699
16.80000	672
16.80833	644
16.81667	617
16.82500	590
16.83333	563
16.84167	537
16.85000	512
16.85833	487
16.86667	464
16.87500	441
16.88333	420
16.89167	400
16.90000	381
16.90833	362
16.91667	345
16.92500	330
16.93333	315
16.94167	301
16.95000	288
16.95833	276
16.96667	265
16.97500	254
16.98333	244
16.99167	235
17.00000	226
17.00833	218
17.01667	211
17.02500	204
17.03333	197
17.04167	191
17.05000	186
17.05833	181
17.06667	176
17.07500	171
17.08333	167
17.09167	162
17.10000	158
17.10833	154
17.11667	150
17.12500	147
17.13333	144
17.14167	141
17.15000	138
17.15833	135
17.16667	132
17.17500	129
17.18333	126
17.19167	124
17.20000	121
17.20833	119
17.21667	117
17.22500	115
17.23333	113
17.24167	111
17.25000	109
17.25833	107
17.26667	106
17.27500	105
17.28333	104
17.29167	102
17.30000	100
17.30833	99
17.31667	98
17.32500	97
17.33333	96
17.34167	96
17.35000	95
17.35833	94
17.36667	93
17.37500	93
17.38333	92
17.39167	91
17.40000	90
17.40833	90
17.41667	90
17.42500	90
17.43333	89
17.44167	89
17.45000	89
17.45833	88
17.46667	88
17.47500	87
17.48333	87
17.49167	87
17.50000	87
17.50833	88
17.51667	88
17.52500	89
17.53333	91
17.54167	92
17.55000	93
17.55833	94
17.56667	95
17.57500	96
17.58333	98
17.59167	99
17.60000	100
17.60833	102
17.61667	104
17.62500	107
17.63333	110
17.64167	113
17.65000	117
17.65833	121
17.66667	126
17.67500	131
17.68333	136
17.69167	142
17.70000	149
17.70833	155
17.71667	163
17.72500	172
17.73333	181
17.74167	192
17.75000	203
17.75833	215
17.76667	229
17.77500	244
17.78333	261
17.79167	279
17.80000	300
17.80833	322
17.81667	347
17.82500	374
17.83333	405
17.84167	438
17.85000	476
17.85833	517
17.86667	562
17.87500	611
17.88333	666
17.89167	725
17.90000	790
17.90833	860
17.91667	937
17.92500	1021
17.93333	1111
17.94167	1209
17.95000	1312
17.95833	1423
17.96667	1540
17.97500	1664
17.98333	1793
17.99167	1928
18.00000	2068
18.00833	2211
18.01667	2358
18.02500	2507
18.03333	2656
18.04167	2805
18.05000	2951
18.05833	3094
18.06667	3232
18.07500	3364
18.08333	3488
18.09167	3603
18.10000	3708
18.10833	3800
18.11667	3880
18.12500	3947
18.13333	3999
18.14167	4035
18.15000	4057
18.15833	4063
18.16667	4053
18.17500	4029
18.18333	3989
18.19167	3935
18.20000	3868
18.20833	3790
18.21667	3699
18.22500	3599
18.23333	3490
18.24167	3374
18.25000	3252
18.25833	3124
18.26667	2994
18.27500	2860
18.28333	2726
18.29167	2591
18.30000	2457
18.30833	2325
18.31667	2195
18.32500	2068
18.33333	1946
18.34167	1827
18.35000	1714
18.35833	1606
18.36667	1503
18.37500	1405
18.38333	1313
18.39167	1226
18.40000	1144
18.40833	1068
18.41667	996
18.42500	929
18.43333	867
18.44167	810
18.45000	756
18.45833	707
18.46667	662
18.47500	620
18.48333	581
18.49167	546
18.50000	513
18.50833	483
18.51667	456
18.52500	431
18.53333	407
18.54167	386
18.55000	366
18.55833	349
18.56667	333
18.57500	318
18.58333	305
18.59167	293
18.60000	282
18.60833	273
18.61667	265
18.62500	257
18.63333	251
18.64167	246
18.65000	241
18.65833	238
18.66667	235
18.67500	234
18.68333	233
18.69167	233
18.70000	235
18.70833	237
18.71667	240
18.72500	243
18.73333	247
18.74167	252
18.75000	258
18.75833	264
18.76667	271
18.77500	278
18.78333	286
18.79167	294
18.80000	302
18.80833	311
18.81667	319
18.82500	328
18.83333	337
18.84167	346
18.85000	355
18.85833	363
18.86667	370
18.87500	378
18.88333	385
18.89167	391
18.90000	397
18.90833	402
18.91667	406
18.92500	409
18.93333	410
18.94167	412
18.95000	412
18.95833	411
18.96667	409
18.97500	406
18.98333	402
18.99167	398
19.00000	392
19.00833	386
19.01667	379
19.02500	371
19.03333	363
19.04167	354
19.05000	346
19.05833	337
19.06667	327
19.07500	317
19.08333	307
19.09167	297
19.10000	287
19.10833	277
19.11667	267
19.12500	257
19.13333	248
19.14167	239
19.15000	230
19.15833	221
19.16667	213
19.17500	205
19.18333	198
19.19167	190
19.20000	184
19.20833	177
19.21667	172
19.22500	166
19.23333	162
19.24167	157
19.25000	153
19.25833	149
19.26667	145
19.27500	141
19.28333	138
19.29167	135
19.30000	132
19.30833	130
19.31667	128
19.32500	126
19.33333	124
19.34167	123
19.35000	122
19.35833	121
19.36667	120
19.37500	119
19.38333	118
19.39167	118
19.40000	117
19.40833	117
19.41667	116
19.42500	116
19.43333	116
19.44167	116
19.45000	116
19.45833	116
19.46667	115
19.47500	115
19.48333	115
19.49167	114
19.50000	114
19.50833	114
19.51667	114
19.52500	114
19.53333	113
19.54167	113
19.55000	113
19.55833	113
19.56667	112
19.57500	112
19.58333	111
19.59167	111
19.60000	110
19.60833	109
19.61667	109
19.62500	109
19.63333	109
19.64167	108
19.65000	108
19.65833	108
19.66667	107
19.67500	107
19.68333	106
19.69167	105
19.70000	105
19.70833	104
19.71667	104
19.72500	103
19.73333	102
19.74167	102
19.75000	101
19.75833	101
19.76667	100
19.77500	100
19.78333	99
19.79167	99
19.80000	98
19.80833	98
19.81667	98
19.82500	97
19.83333	97
19.84167	97
19.85000	97
19.85833	96
19.86667	96
19.87500	96
19.88333	96
19.89167	96
19.90000	96
19.90833	96
19.91667	96
19.92500	95
19.93333	95
19.94167	95
19.95000	94
19.95833	94
19.96667	95
19.97500	95
19.98333	95
19.99167	96
20.00000	96
20.00833	96
20.01667	96
20.02500	96
20.03333	96
20.04167	96
20.05000	96
20.05833	96
20.06667	96
20.07500	96
20.08333	96
20.09167	96
20.10000	96
20.10833	96
20.11667	96
20.12500	96
20.13333	96
20.14167	96
20.15000	96
20.15833	97
20.16667	97
20.17500	97
20.18333	97
20.19167	97
20.20000	97
20.20833	97
20.21667	97
20.22500	97
20.23333	98
20.24167	98
20.25000	99
20.25833	100
20.26667	100
20.27500	101
20.28333	101
20.29167	102
20.30000	102
20.30833	103
20.31667	104
20.32500	104
20.33333	105
20.34167	106
20.35000	107
20.35833	108
20.36667	109
20.37500	111
20.38333	113
20.39167	115
20.40000	117
20.40833	120
20.41667	122
20.42500	124
20.43333	126
20.44167	129
20.45000	131
20.45833	135
20.46667	138
20.47500	142
20.48333	145
20.49167	150
20.50000	155
20.50833	159
20.51667	165
20.52500	170
20.53333	176
20.54167	183
20.55000	190
20.55833	198
20.56667	206
20.57500	214
20.58333	224
20.59167	235
20.60000	246
20.60833	258
20.61667	271
20.62500	285
20.63333	299
20.64167	315
20.65000	332
20.65833	350
20.66667	370
20.67500	391
20.68333	413
20.69167	436
20.70000	461
20.70833	487
20.71667	514
20.72500	542
20.73333	572
20.74167	603
20.75000	635
20.75833	668
20.76667	702
20.77500	737
20.78333	772
20.79167	808
20.80000	845
20.80833	882
20.81667	918
20.82500	955
20.83333	992
20.84167	1028
20.85000	1064
20.85833	1100
20.86667	1134
20.87500	1168
20.88333	1202
20.89167	1234
20.90000	1266
20.90833	1296
20.91667	1326
20.92500	1355
20.93333	1383
20.94167	1410
20.95000	1436
20.95833	1461
20.96667	1486
20.97500	1510
20.98333	1535
20.99167	1559
21.00000	1583
21.00833	1607
21.01667	1632
21.02500	1657
21.03333	1684
21.04167	1711
21.05000	1741
21.05833	1772
21.06667	1805
21.07500	1841
21.08333	1880
21.09167	1923
21.10000	1969
21.10833	2019
21.11667	2075
21.12500	2135
21.13333	2202
21.14167	2275
21.15000	2355
21.15833	2442
21.16667	2538
21.17500	2642
21.18333	2756
21.19167	2880
21.20000	3014
21.20833	3160
21.21667	3318
21.22500	3488
21.23333	3671
21.24167	3868
21.25000	4078
21.25833	4303
21.26667	4542
21.27500	4794
21.28333	5062
21.29167	5343
21.30000	5638
21.30833	5946
21.31667	6266
21.32500	6597
21.33333	6938
21.34167	7288
21.35000	7645
21.35833	8008
21.36667	8375
21.37500	8743
21.38333	9113
21.39167	9480
21.40000	9844
21.40833	10200
21.41667	10547
21.42500	10882
21.43333	11204
21.44167	11509
21.45000	11797
21.45833	12064
21.46667	12309
21.47500	12530
21.48333	12725
21.49167	12893
21.50000	13033
21.50833	13144
21.51667	13226
21.52500	13277
21.53333	13297
21.54167	13288
21.55000	13248
21.55833	13178
21.56667	13080
21.57500	12953
21.58333	12801
21.59167	12622
21.60000	12419
21.60833	12195
21.61667	11950
21.62500	11686
21.63333	11406
21.64167	11111
21.65000	10803
21.65833	10484
21.66667	10156
21.67500	9821
21.68333	9480
21.69167	9136
21.70000	8791
21.70833	8446
21.71667	8102
21.72500	7761
21.73333	7423
21.74167	7091
21.75000	6765
21.75833	6446
21.76667	6135
21.77500	5833
21.78333	5540
21.79167	5257
21.80000	4984
21.80833	4721
21.81667	4469
21.82500	4227
21.83333	3996
21.84167	3775
21.85000	3564
21.85833	3363
21.86667	3172
21.87500	2991
21.88333	2820
21.89167	2657
21.90000	2504
21.90833	2359
21.91667	2221
21.92500	2092
21.93333	1970
21.94167	1855
21.95000	1747
21.95833	1645
21.96667	1550
21.97500	1460
21.98333	1375
21.99167	1296
22.00000	1222
22.00833	1152
22.01667	1087
22.02500	1027
22.03333	970
22.04167	917
22.05000	867
22.05833	820
22.06667	777
22.07500	737
22.08333	700
22.09167	666
22.10000	634
22.10833	604
22.11667	577
22.12500	551
22.13333	528
22.14167	507
22.15000	488
22.15833	470
22.16667	454
22.17500	439
22.18333	426
22.19167	414
22.20000	403
22.20833	392
22.21667	383
22.22500	375
22.23333	368
22.24167	361
22.25000	355
22.25833	350
22.26667	345
22.27500	341
22.28333	337
22.29167	334
22.30000	331
22.30833	327
22.31667	324
22.32500	321
22.33333	318
22.34167	315
22.35000	312
22.35833	309
22.36667	305
22.37500	301
22.38333	297
22.39167	293
22.40000	288
22.40833	282
22.41667	277
22.42500	271
22.43333	264
22.44167	257
22.45000	250
22.45833	242
22.46667	233
22.47500	224
22.48333	215
22.49167	206
22.50000	196
22.50833	186
22.51667	175
22.52500	163
22.53333	151
22.54167	139
22.55000	126
22.55833	113
22.56667	100
22.57500	86
22.58333	71
22.59167	56
22.60000	40
22.60833	24
22.61667	8
22.62500	-8
22.63333	-24
22.64167	-40
22.65000	-57
22.65833	-73
22.66667	-90
22.67500	-106
22.68333	-123
22.69167	-139
22.70000	-154
22.70833	-170
22.71667	-185
22.72500	-200
22.73333	-214
22.74167	-228
22.75000	-242
22.75833	-255
22.76667	-268
22.77500	-280
22.78333	-292
22.79167	-302
22.80000	-312
22.80833	-321
22.81667	-329
22.82500	-337
22.83333	-343
22.84167	-348
22.85000	-353
22.85833	-356
22.86667	-359
22.87500	-360
22.88333	-361
22.89167	-361
22.90000	-360
22.90833	-359
22.91667	-357
22.92500	-354
22.93333	-349
22.94167	-344
22.95000	-339
22.95833	-332
22.96667	-325
22.97500	-318
22.98333	-310
22.99167	-301
23.00000	-292
23.00833	-283
23.01667	-273
23.02500	-263
23.03333	-253
23.04167	-243
23.05000	-233
23.05833	-222
23.06667	-211
23.07500	-200
23.08333	-190
23.09167	-179
23.10000	-169
23.10833	-159
23.11667	-148
23.12500	-138
23.13333	-128
23.14167	-118
23.15000	-108
23.15833	-99
23.16667	-90
23.17500	-82
23.18333	-74
23.19167	-66
23.20000	-59
23.20833	-52
23.21667	-45
23.22500	-39
23.23333	-33
23.24167	-27
23.25000	-21
23.25833	-16
23.26667	-11
23.27500	-6
23.28333	-1
23.29167	4
23.30000	8
23.30833	12
23.31667	15
23.32500	19
23.33333	22
23.34167	25
23.35000	27
23.35833	29
23.36667	31
23.37500	33
23.38333	35
23.39167	37
23.40000	39
23.40833	41
23.41667	42
23.42500	44
23.43333	45
23.44167	46
23.45000	47
23.45833	48
23.46667	49
23.47500	50
23.48333	51
23.49167	51
23.50000	52
23.50833	53
23.51667	53
23.52500	54
23.53333	54
23.54167	54
23.55000	54
23.55833	55
23.56667	55
23.57500	55
23.58333	56
23.59167	56
23.60000	56
23.60833	57
23.61667	58
23.62500	59
23.63333	59
23.64167	60
23.65000	60
23.65833	60
23.66667	60
23.67500	60
23.68333	61
23.69167	61
23.70000	62
23.70833	62
23.71667	63
23.72500	63
23.73333	63
23.74167	63
23.75000	64
23.75833	65
23.76667	66
23.77500	67
23.78333	67
23.79167	68
23.80000	69
23.80833	70
23.81667	70
23.82500	70
23.83333	71
23.84167	71
23.85000	72
23.85833	73
23.86667	74
23.87500	75
23.88333	76
23.89167	76
23.90000	76
23.90833	76
23.91667	77
23.92500	77
23.93333	78
23.94167	78
23.95000	79
23.95833	79
23.96667	80
23.97500	80
23.98333	81
23.99167	81
24.00000	81
24.00833	81
24.01667	82
24.02500	82
24.03333	82
24.04167	82
24.05000	82
24.05833	81
24.06667	81
24.07500	81
24.08333	80
24.09167	80
24.10000	79
24.10833	78
24.11667	77
24.12500	77
24.13333	76
24.14167	74
24.15000	73
24.15833	72
24.16667	70
24.17500	69
24.18333	67
24.19167	64
24.20000	62
24.20833	59
24.21667	56
24.22500	54
24.23333	51
24.24167	48
24.25000	45
24.25833	42
24.26667	39
24.27500	36
24.28333	33
24.29167	30
24.30000	27
24.30833	24
24.31667	21
24.32500	17
24.33333	14
24.34167	11
24.35000	8
24.35833	5
24.36667	2
24.37500	-1
24.38333	-4
24.39167	-7
24.40000	-10
24.40833	-13
24.41667	-16
24.42500	-19
24.43333	-21
24.44167	-24
24.45000	-26
24.45833	-28
24.46667	-30
24.47500	-32
24.48333	-34
24.49167	-35
24.50000	-36
24.50833	-37
24.51667	-38
24.52500	-39
24.53333	-39
24.54167	-39
24.55000	-40
24.55833	-40
24.56667	-40
24.57500	-39
24.58333	-39
24.59167	-38
24.60000	-37
24.60833	-36
24.61667	-36
24.62500	-35
24.63333	-34
24.64167	-32
24.65000	-31
24.65833	-29
24.66667	-27
24.67500	-25
24.68333	-23
24.69167	-22
24.70000	-20
24.70833	-18
24.71667	-16
24.72500	-14
24.73333	-12
24.74167	-9
24.75000	-7
24.75833	-4
24.76667	-2
24.77500	0
24.78333	3
24.79167	5
24.80000	7
24.80833	10
24.81667	11
24.82500	13
24.83333	15
24.84167	17
24.85000	19
24.85833	21
24.86667	22
24.87500	24
24.88333	26
24.89167	27
24.90000	29
24.90833	31
24.91667	32
24.92500	34
24.93333	35
24.94167	37
24.95000	38
24.95833	40
24.96667	41
24.97500	42
24.98333	43
24.99167	44
25.00000	45
25.00833	46
25.01667	47
25.02500	47
25.03333	48
25.04167	48
25.05000	49
25.05833	50
25.06667	50
25.07500	51
25.08333	52
25.09167	52
25.10000	53
25.10833	54
25.11667	54
25.12500	55
25.13333	55
25.14167	56
25.15000	56
25.15833	57
25.16667	58
25.17500	59
25.18333	59
25.19167	60
25.20000	60
25.20833	61
25.21667	61
25.22500	61
25.23333	62
25.24167	62
25.25000	62
25.25833	63
25.26667	63
25.27500	63
25.28333	63
25.29167	64
25.30000	64
25.30833	64
25.31667	65
25.32500	66
25.33333	66
25.34167	67
25.35000	67
25.35833	67
25.36667	68
25.37500	68
25.38333	69
25.39167	69
25.40000	69
25.40833	70
25.41667	70
25.42500	70
25.43333	71
25.44167	71
25.45000	71
25.45833	71
25.46667	72
25.47500	72
25.48333	73
25.49167	73
25.50000	73
25.50833	74
25.51667	74
25.52500	74
25.53333	75
25.54167	75
25.55000	75
25.55833	76
25.56667	76
25.57500	76
25.58333	76
25.59167	77
25.60000	77
25.60833	78
25.61667	78
25.62500	79
25.63333	79
25.64167	79
25.65000	80
25.65833	81
25.66667	82
25.67500	82
25.68333	82
25.69167	82
25.70000	83
25.70833	83
25.71667	84
25.72500	84
25.73333	85
25.74167	85
25.75000	86
25.75833	86
25.76667	86
25.77500	86
25.78333	87
25.79167	87
25.80000	88
25.80833	88
25.81667	89
25.82500	89
25.83333	90
25.84167	91
25.85000	92
25.85833	93
25.86667	93
25.87500	94
25.88333	95
25.89167	95
25.90000	96
25.90833	97
25.91667	98
25.92500	99
25.93333	100
25.94167	102
25.95000	103
25.95833	104
25.96667	106
25.97500	107
25.98333	109
25.99167	111
26.00000	112
26.00833	114
26.01667	116
26.02500	119
26.03333	121
26.04167	124
26.05000	127
26.05833	131
26.06667	134
26.07500	138
26.08333	142
26.09167	146
26.10000	151
26.10833	156
26.11667	162
26.12500	168
26.13333	174
26.14167	180
26.15000	186
26.15833	193
26.16667	200
26.17500	209
26.18333	217
26.19167	227
26.20000	236
26.20833	246
26.21667	257
26.22500	267
26.23333	278
26.24167	290
26.25000	303
26.25833	317
26.26667	330
26.27500	345
26.28333	360
26.29167	376
26.30000	392
26.30833	408
26.31667	424
26.32500	442
26.33333	459
26.34167	478
26.35000	496
26.35833	514
26.36667	533
26.37500	551
26.38333	569
26.39167	587
26.40000	606
26.40833	624
26.41667	641
26.42500	658
26.43333	675
26.44167	690
26.45000	705
26.45833	719
26.46667	733
26.47500	746
26.48333	758
26.49167	768
26.50000	778
26.50833	786
26.51667	793
26.52500	798
26.53333	802
26.54167	805
26.55000	806
26.55833	807
26.56667	806
26.57500	804
26.58333	800
26.59167	795
26.60000	789
26.60833	782
26.61667	773
26.62500	764
26.63333	753
26.64167	742
26.65000	730
26.65833	717
26.66667	703
26.67500	688
26.68333	673
26.69167	657
26.70000	641
26.70833	625
26.71667	608
26.72500	591
26.73333	574
26.74167	557
26.75000	541
26.75833	524
26.76667	507
26.77500	491
26.78333	474
26.79167	458
26.80000	443
26.80833	428
26.81667	413
26.82500	398
26.83333	384
26.84167	370
26.85000	357
26.85833	344
26.86667	333
26.87500	321
26.88333	310
26.89167	299
26.90000	288
26.90833	278
26.91667	268
26.92500	259
26.93333	250
26.94167	242
26.95000	234
26.95833	226
26.96667	220
26.97500	213
26.98333	207
26.99167	201
27.00000	195
27.00833	190
27.01667	185
27.02500	180
27.03333	175
27.04167	171
27.05000	167
27.05833	163
27.06667	160
27.07500	156
27.08333	153
27.09167	150
27.10000	147
27.10833	144
27.11667	142
27.12500	140
27.13333	138
27.14167	136
27.15000	133
27.15833	131
27.16667	129
27.17500	128
27.18333	126
27.19167	124
27.20000	122
27.20833	121
27.21667	120
27.22500	119
27.23333	118
27.24167	117
27.25000	115
27.25833	114
27.26667	113
27.27500	112
27.28333	111
27.29167	110
27.30000	110
27.30833	109
27.31667	108
27.32500	107
27.33333	106
27.34167	106
27.35000	105
27.35833	105
27.36667	104
27.37500	104
27.38333	103
27.39167	103
27.40000	102
27.40833	102
27.41667	101
27.42500	101
27.43333	100
27.44167	99
27.45000	99
27.45833	99
27.46667	98
27.47500	98
27.48333	97
27.49167	97
27.50000	97
27.50833	96
27.51667	96
27.52500	95
27.53333	96
27.54167	96
27.55000	96
27.55833	95
27.56667	95
27.57500	94
27.58333	94
27.59167	93
27.60000	93
27.60833	93
27.61667	93
27.62500	92
27.63333	92
27.64167	93
27.65000	93
27.65833	92
27.66667	92
27.67500	92
27.68333	91
27.69167	91
27.70000	90
27.70833	90
27.71667	90
27.72500	90
27.73333	90
27.74167	90
27.75000	89
27.75833	89
27.76667	89
27.77500	89
27.78333	89
27.79167	89
27.80000	88
27.80833	88
27.81667	88
27.82500	88
27.83333	87
27.84167	87
27.85000	87
27.85833	87
27.86667	86
27.87500	86
27.88333	86
27.89167	87
27.90000	87
27.90833	87
27.91667	87
27.92500	87
27.93333	87
27.94167	86
27.95000	86
27.95833	86
27.96667	86
27.97500	86
27.98333	86
27.99167	86
28.00000	86

