R.Time (min)	Intensity
0.00000	-15
0.00833	-15
0.01667	-0
0.02500	-0
0.03333	0
0.04167	0
0.05000	-0
0.05833	-1
0.06667	-2
0.07500	-2
0.08333	-3
0.09167	-3
0.10000	-2
0.10833	-2
0.11667	-2
0.12500	-2
0.13333	-2
0.14167	-2
0.15000	-2
0.15833	-2
0.16667	-3
0.17500	-3
0.18333	-3
0.19167	-4
0.20000	-4
0.20833	-4
0.21667	-4
0.22500	-5
0.23333	-5
0.24167	-6
0.25000	-6
0.25833	-7
0.26667	-7
0.27500	-7
0.28333	-8
0.29167	-8
0.30000	-8
0.30833	-8
0.31667	-9
0.32500	-9
0.33333	-10
0.34167	-10
0.35000	-10
0.35833	-10
0.36667	-10
0.37500	-10
0.38333	-11
0.39167	-11
0.40000	-12
0.40833	-12
0.41667	-12
0.42500	-12
0.43333	-13
0.44167	-13
0.45000	-13
0.45833	-13
0.46667	-14
0.47500	-14
0.48333	-14
0.49167	-15
0.50000	-15
0.50833	-15
0.51667	-15
0.52500	-16
0.53333	-16
0.54167	-16
0.55000	-16
0.55833	-16
0.56667	-16
0.57500	-16
0.58333	-16
0.59167	-17
0.60000	-17
0.60833	-17
0.61667	-17
0.62500	-17
0.63333	-17
0.64167	-17
0.65000	-17
0.65833	-17
0.66667	-17
0.67500	-17
0.68333	-17
0.69167	-17
0.70000	-17
0.70833	-17
0.71667	-17
0.72500	-17
0.73333	-17
0.74167	-17
0.75000	-18
0.75833	-18
0.76667	-18
0.77500	-18
0.78333	-18
0.79167	-19
0.80000	-19
0.80833	-20
0.81667	-20
0.82500	-21
0.83333	-21
0.84167	-21
0.85000	-21
0.85833	-21
0.86667	-21
0.87500	-22
0.88333	-21
0.89167	-21
0.90000	-22
0.90833	-22
0.91667	-23
0.92500	-23
0.93333	-23
0.94167	-23
0.95000	-23
0.95833	-24
0.96667	-24
0.97500	-24
0.98333	-25
0.99167	-25
1.00000	-26
1.00833	-26
1.01667	-26
1.02500	-26
1.03333	-26
1.04167	-26
1.05000	-26
1.05833	-26
1.06667	-27
1.07500	-27
1.08333	-27
1.09167	-27
1.10000	-27
1.10833	-27
1.11667	-27
1.12500	-28
1.13333	-28
1.14167	-28
1.15000	-28
1.15833	-28
1.16667	-28
1.17500	-28
1.18333	-28
1.19167	-28
1.20000	-29
1.20833	-29
1.21667	-29
1.22500	-30
1.23333	-30
1.24167	-30
1.25000	-29
1.25833	-29
1.26667	-28
1.27500	-28
1.28333	-29
1.29167	-29
1.30000	-29
1.30833	-29
1.31667	-29
1.32500	-29
1.33333	-29
1.34167	-28
1.35000	-28
1.35833	-28
1.36667	-29
1.37500	-29
1.38333	-29
1.39167	-29
1.40000	-29
1.40833	-29
1.41667	-30
1.42500	-29
1.43333	-29
1.44167	-28
1.45000	-28
1.45833	-28
1.46667	-28
1.47500	-28
1.48333	-29
1.49167	-29
1.50000	-29
1.50833	-29
1.51667	-30
1.52500	-30
1.53333	-30
1.54167	-30
1.55000	-30
1.55833	-30
1.56667	-31
1.57500	-31
1.58333	-31
1.59167	-31
1.60000	-31
1.60833	-31
1.61667	-31
1.62500	-32
1.63333	-32
1.64167	-32
1.65000	-32
1.65833	-32
1.66667	-32
1.67500	-32
1.68333	-32
1.69167	-32
1.70000	-32
1.70833	-32
1.71667	-32
1.72500	-32
1.73333	-33
1.74167	-33
1.75000	-33
1.75833	-33
1.76667	-33
1.77500	-33
1.78333	-33
1.79167	-33
1.80000	-33
1.80833	-33
1.81667	-33
1.82500	-32
1.83333	-32
1.84167	-32
1.85000	-32
1.85833	-32
1.86667	-32
1.87500	-32
1.88333	-32
1.89167	-32
1.90000	-32
1.90833	-33
1.91667	-33
1.92500	-32
1.93333	-32
1.94167	-32
1.95000	-32
1.95833	-32
1.96667	-32
1.97500	-32
1.98333	-32
1.99167	-31
2.00000	-31
2.00833	-31
2.01667	-31
2.02500	-31
2.03333	-30
2.04167	-30
2.05000	-30
2.05833	-30
2.06667	-30
2.07500	-30
2.08333	-30
2.09167	-30
2.10000	-29
2.10833	-29
2.11667	-29
2.12500	-28
2.13333	-28
2.14167	-28
2.15000	-28
2.15833	-28
2.16667	-27
2.17500	-27
2.18333	-26
2.19167	-26
2.20000	-25
2.20833	-25
2.21667	-24
2.22500	-24
2.23333	-23
2.24167	-22
2.25000	-22
2.25833	-21
2.26667	-20
2.27500	-20
2.28333	-19
2.29167	-18
2.30000	-17
2.30833	-16
2.31667	-16
2.32500	-15
2.33333	-13
2.34167	-12
2.35000	-11
2.35833	-9
2.36667	-7
2.37500	-5
2.38333	-3
2.39167	-1
2.40000	0
2.40833	2
2.41667	4
2.42500	6
2.43333	9
2.44167	12
2.45000	15
2.45833	18
2.46667	21
2.47500	24
2.48333	28
2.49167	32
2.50000	36
2.50833	40
2.51667	45
2.52500	50
2.53333	55
2.54167	61
2.55000	67
2.55833	73
2.56667	80
2.57500	87
2.58333	94
2.59167	101
2.60000	109
2.60833	118
2.61667	127
2.62500	136
2.63333	146
2.64167	157
2.65000	168
2.65833	180
2.66667	192
2.67500	204
2.68333	218
2.69167	233
2.70000	248
2.70833	263
2.71667	279
2.72500	297
2.73333	315
2.74167	335
2.75000	355
2.75833	377
2.76667	400
2.77500	423
2.78333	448
2.79167	474
2.80000	502
2.80833	530
2.81667	561
2.82500	593
2.83333	627
2.84167	662
2.85000	699
2.85833	738
2.86667	778
2.87500	821
2.88333	866
2.89167	913
2.90000	962
2.90833	1013
2.91667	1066
2.92500	1122
2.93333	1180
2.94167	1241
2.95000	1303
2.95833	1369
2.96667	1436
2.97500	1507
2.98333	1580
2.99167	1656
3.00000	1734
3.00833	1813
3.01667	1895
3.02500	1980
3.03333	2067
3.04167	2155
3.05000	2246
3.05833	2338
3.06667	2432
3.07500	2527
3.08333	2623
3.09167	2720
3.10000	2818
3.10833	2917
3.11667	3015
3.12500	3114
3.13333	3212
3.14167	3310
3.15000	3406
3.15833	3502
3.16667	3596
3.17500	3688
3.18333	3777
3.19167	3864
3.20000	3948
3.20833	4029
3.21667	4105
3.22500	4178
3.23333	4246
3.24167	4311
3.25000	4370
3.25833	4424
3.26667	4473
3.27500	4518
3.28333	4556
3.29167	4589
3.30000	4615
3.30833	4636
3.31667	4650
3.32500	4658
3.33333	4660
3.34167	4656
3.35000	4646
3.35833	4629
3.36667	4606
3.37500	4577
3.38333	4543
3.39167	4502
3.40000	4456
3.40833	4404
3.41667	4348
3.42500	4287
3.43333	4221
3.44167	4151
3.45000	4077
3.45833	3999
3.46667	3918
3.47500	3833
3.48333	3746
3.49167	3656
3.50000	3564
3.50833	3470
3.51667	3375
3.52500	3279
3.53333	3182
3.54167	3085
3.55000	2986
3.55833	2888
3.56667	2790
3.57500	2693
3.58333	2596
3.59167	2500
3.60000	2406
3.60833	2313
3.61667	2221
3.62500	2131
3.63333	2042
3.64167	1955
3.65000	1871
3.65833	1788
3.66667	1708
3.67500	1631
3.68333	1555
3.69167	1483
3.70000	1412
3.70833	1345
3.71667	1279
3.72500	1217
3.73333	1156
3.74167	1099
3.75000	1044
3.75833	992
3.76667	942
3.77500	894
3.78333	848
3.79167	805
3.80000	764
3.80833	725
3.81667	689
3.82500	654
3.83333	621
3.84167	590
3.85000	560
3.85833	533
3.86667	507
3.87500	482
3.88333	459
3.89167	437
3.90000	417
3.90833	398
3.91667	380
3.92500	364
3.93333	348
3.94167	333
3.95000	320
3.95833	307
3.96667	295
3.97500	284
3.98333	274
3.99167	264
4.00000	254
4.00833	245
4.01667	237
4.02500	229
4.03333	222
4.04167	215
4.05000	209
4.05833	203
4.06667	197
4.07500	191
4.08333	185
4.09167	180
4.10000	174
4.10833	169
4.11667	164
4.12500	159
4.13333	154
4.14167	149
4.15000	145
4.15833	140
4.16667	135
4.17500	131
4.18333	127
4.19167	123
4.20000	118
4.20833	114
4.21667	109
4.22500	105
4.23333	101
4.24167	97
4.25000	93
4.25833	88
4.26667	85
4.27500	81
4.28333	77
4.29167	73
4.30000	70
4.30833	66
4.31667	63
4.32500	60
4.33333	56
4.34167	52
4.35000	49
4.35833	46
4.36667	43
4.37500	40
4.38333	38
4.39167	35
4.40000	32
4.40833	29
4.41667	27
4.42500	24
4.43333	22
4.44167	20
4.45000	18
4.45833	16
4.46667	14
4.47500	12
4.48333	10
4.49167	9
4.50000	8
4.50833	7
4.51667	6
4.52500	5
4.53333	4
4.54167	3
4.55000	2
4.55833	1
4.56667	0
4.57500	-1
4.58333	-1
4.59167	-2
4.60000	-2
4.60833	-2
4.61667	-2
4.62500	-2
4.63333	-2
4.64167	-2
4.65000	-2
4.65833	-2
4.66667	-2
4.67500	-1
4.68333	-0
4.69167	0
4.70000	0
4.70833	1
4.71667	1
4.72500	2
4.73333	2
4.74167	3
4.75000	3
4.75833	4
4.76667	4
4.77500	5
4.78333	6
4.79167	7
4.80000	8
4.80833	9
4.81667	10
4.82500	11
4.83333	11
4.84167	12
4.85000	13
4.85833	15
4.86667	15
4.87500	16
4.88333	16
4.89167	17
4.90000	17
4.90833	17
4.91667	18
4.92500	18
4.93333	19
4.94167	20
4.95000	21
4.95833	21
4.96667	22
4.97500	22
4.98333	22
4.99167	22
5.00000	23
5.00833	23
5.01667	23
5.02500	24
5.03333	24
5.04167	24
5.05000	25
5.05833	25
5.06667	26
5.07500	26
5.08333	26
5.09167	26
5.10000	26
5.10833	26
5.11667	26
5.12500	26
5.13333	26
5.14167	26
5.15000	25
5.15833	25
5.16667	24
5.17500	24
5.18333	24
5.19167	24
5.20000	24
5.20833	24
5.21667	24
5.22500	23
5.23333	23
5.24167	22
5.25000	22
5.25833	22
5.26667	22
5.27500	22
5.28333	21
5.29167	20
5.30000	19
5.30833	18
5.31667	18
5.32500	17
5.33333	17
5.34167	17
5.35000	16
5.35833	16
5.36667	15
5.37500	14
5.38333	14
5.39167	14
5.40000	13
5.40833	13
5.41667	13
5.42500	12
5.43333	12
5.44167	12
5.45000	11
5.45833	11
5.46667	10
5.47500	10
5.48333	9
5.49167	8
5.50000	8
5.50833	8
5.51667	7
5.52500	7
5.53333	7
5.54167	6
5.55000	6
5.55833	5
5.56667	5
5.57500	5
5.58333	5
5.59167	5
5.60000	5
5.60833	5
5.61667	5
5.62500	4
5.63333	4
5.64167	3
5.65000	3
5.65833	3
5.66667	3
5.67500	2
5.68333	2
5.69167	2
5.70000	1
5.70833	1
5.71667	0
5.72500	0
5.73333	-0
5.74167	-1
5.75000	-1
5.75833	-1
5.76667	-1
5.77500	-2
5.78333	-2
5.79167	-2
5.80000	-2
5.80833	-2
5.81667	-2
5.82500	-3
5.83333	-3
5.84167	-3
5.85000	-3
5.85833	-3
5.86667	-3
5.87500	-4
5.88333	-4
5.89167	-4
5.90000	-4
5.90833	-5
5.91667	-5
5.92500	-5
5.93333	-6
5.94167	-6
5.95000	-7
5.95833	-7
5.96667	-8
5.97500	-8
5.98333	-8
5.99167	-9
6.00000	-9
6.00833	-10
6.01667	-10
6.02500	-10
6.03333	-11
6.04167	-11
6.05000	-11
6.05833	-11
6.06667	-11
6.07500	-11
6.08333	-11
6.09167	-11
6.10000	-11
6.10833	-10
6.11667	-10
6.12500	-11
6.13333	-11
6.14167	-11
6.15000	-10
6.15833	-10
6.16667	-10
6.17500	-10
6.18333	-10
6.19167	-10
6.20000	-10
6.20833	-10
6.21667	-10
6.22500	-10
6.23333	-10
6.24167	-10
6.25000	-9
6.25833	-9
6.26667	-9
6.27500	-9
6.28333	-9
6.29167	-9
6.30000	-9
6.30833	-8
6.31667	-8
6.32500	-8
6.33333	-8
6.34167	-8
6.35000	-8
6.35833	-8
6.36667	-8
6.37500	-8
6.38333	-8
6.39167	-8
6.40000	-8
6.40833	-8
6.41667	-8
6.42500	-8
6.43333	-8
6.44167	-8
6.45000	-9
6.45833	-9
6.46667	-9
6.47500	-8
6.48333	-9
6.49167	-8
6.50000	-8
6.50833	-9
6.51667	-9
6.52500	-9
6.53333	-9
6.54167	-9
6.55000	-9
6.55833	-10
6.56667	-10
6.57500	-10
6.58333	-10
6.59167	-10
6.60000	-10
6.60833	-10
6.61667	-11
6.62500	-11
6.63333	-12
6.64167	-12
6.65000	-13
6.65833	-13
6.66667	-13
6.67500	-13
6.68333	-14
6.69167	-14
6.70000	-15
6.70833	-15
6.71667	-16
6.72500	-16
6.73333	-16
6.74167	-16
6.75000	-16
6.75833	-17
6.76667	-17
6.77500	-17
6.78333	-17
6.79167	-17
6.80000	-17
6.80833	-18
6.81667	-18
6.82500	-18
6.83333	-18
6.84167	-19
6.85000	-19
6.85833	-19
6.86667	-19
6.87500	-19
6.88333	-19
6.89167	-18
6.90000	-18
6.90833	-18
6.91667	-18
6.92500	-18
6.93333	-18
6.94167	-17
6.95000	-17
6.95833	-17
6.96667	-17
6.97500	-16
6.98333	-16
6.99167	-16
7.00000	-16
7.00833	-16
7.01667	-16
7.02500	-16
7.03333	-16
7.04167	-16
7.05000	-16
7.05833	-16
7.06667	-15
7.07500	-14
7.08333	-12
7.09167	-10
7.10000	-7
7.10833	-3
7.11667	1
7.12500	6
7.13333	12
7.14167	19
7.15000	28
7.15833	39
7.16667	51
7.17500	65
7.18333	81
7.19167	99
7.20000	119
7.20833	140
7.21667	163
7.22500	187
7.23333	213
7.24167	239
7.25000	265
7.25833	290
7.26667	313
7.27500	332
7.28333	345
7.29167	351
7.30000	348
7.30833	333
7.31667	306
7.32500	268
7.33333	222
7.34167	171
7.35000	125
7.35833	94
7.36667	95
7.37500	143
7.38333	258
7.39167	462
7.40000	775
7.40833	1216
7.41667	1802
7.42500	2546
7.43333	3455
7.44167	4532
7.45000	5769
7.45833	7154
7.46667	8661
7.47500	10260
7.48333	11906
7.49167	13547
7.50000	15126
7.50833	16579
7.51667	17842
7.52500	18857
7.53333	19577
7.54167	19968
7.55000	20019
7.55833	19735
7.56667	19141
7.57500	18280
7.58333	17204
7.59167	15974
7.60000	14648
7.60833	13284
7.61667	11931
7.62500	10628
7.63333	9406
7.64167	8285
7.65000	7275
7.65833	6381
7.66667	5600
7.67500	4925
7.68333	4347
7.69167	3856
7.70000	3440
7.70833	3089
7.71667	2792
7.72500	2541
7.73333	2327
7.74167	2142
7.75000	1983
7.75833	1844
7.76667	1721
7.77500	1613
7.78333	1515
7.79167	1426
7.80000	1345
7.80833	1270
7.81667	1201
7.82500	1136
7.83333	1075
7.84167	1018
7.85000	963
7.85833	911
7.86667	862
7.87500	815
7.88333	770
7.89167	728
7.90000	688
7.90833	651
7.91667	615
7.92500	582
7.93333	552
7.94167	524
7.95000	498
7.95833	476
7.96667	456
7.97500	439
7.98333	424
7.99167	411
8.00000	400
8.00833	391
8.01667	383
8.02500	376
8.03333	370
8.04167	364
8.05000	358
8.05833	352
8.06667	346
8.07500	340
8.08333	333
8.09167	326
8.10000	319
8.10833	312
8.11667	304
8.12500	297
8.13333	289
8.14167	281
8.15000	273
8.15833	265
8.16667	257
8.17500	250
8.18333	243
8.19167	236
8.20000	230
8.20833	224
8.21667	219
8.22500	214
8.23333	210
8.24167	206
8.25000	203
8.25833	200
8.26667	197
8.27500	195
8.28333	193
8.29167	192
8.30000	191
8.30833	190
8.31667	189
8.32500	188
8.33333	188
8.34167	187
8.35000	186
8.35833	186
8.36667	185
8.37500	185
8.38333	184
8.39167	184
8.40000	184
8.40833	183
8.41667	183
8.42500	182
8.43333	181
8.44167	180
8.45000	179
8.45833	178
8.46667	177
8.47500	176
8.48333	175
8.49167	174
8.50000	172
8.50833	171
8.51667	171
8.52500	170
8.53333	169
8.54167	168
8.55000	168
8.55833	167
8.56667	167
8.57500	168
8.58333	169
8.59167	170
8.60000	173
8.60833	176
8.61667	181
8.62500	187
8.63333	195
8.64167	205
8.65000	216
8.65833	230
8.66667	247
8.67500	266
8.68333	287
8.69167	311
8.70000	336
8.70833	364
8.71667	392
8.72500	421
8.73333	451
8.74167	480
8.75000	508
8.75833	535
8.76667	559
8.77500	581
8.78333	599
8.79167	614
8.80000	625
8.80833	634
8.81667	639
8.82500	641
8.83333	642
8.84167	640
8.85000	638
8.85833	635
8.86667	634
8.87500	634
8.88333	638
8.89167	645
8.90000	658
8.90833	677
8.91667	703
8.92500	737
8.93333	781
8.94167	835
8.95000	899
8.95833	973
8.96667	1057
8.97500	1151
8.98333	1253
8.99167	1362
9.00000	1478
9.00833	1598
9.01667	1718
9.02500	1838
9.03333	1954
9.04167	2063
9.05000	2164
9.05833	2255
9.06667	2332
9.07500	2394
9.08333	2440
9.09167	2470
9.10000	2482
9.10833	2477
9.11667	2456
9.12500	2419
9.13333	2367
9.14167	2304
9.15000	2229
9.15833	2145
9.16667	2054
9.17500	1957
9.18333	1858
9.19167	1756
9.20000	1655
9.20833	1555
9.21667	1458
9.22500	1364
9.23333	1276
9.24167	1192
9.25000	1113
9.25833	1040
9.26667	973
9.27500	912
9.28333	857
9.29167	807
9.30000	763
9.30833	724
9.31667	689
9.32500	659
9.33333	634
9.34167	612
9.35000	594
9.35833	579
9.36667	568
9.37500	560
9.38333	555
9.39167	555
9.40000	559
9.40833	568
9.41667	583
9.42500	604
9.43333	632
9.44167	671
9.45000	720
9.45833	784
9.46667	864
9.47500	963
9.48333	1087
9.49167	1239
9.50000	1423
9.50833	1646
9.51667	1912
9.52500	2226
9.53333	2593
9.54167	3018
9.55000	3504
9.55833	4055
9.56667	4671
9.57500	5352
9.58333	6096
9.59167	6899
9.60000	7756
9.60833	8656
9.61667	9592
9.62500	10549
9.63333	11517
9.64167	12480
9.65000	13423
9.65833	14332
9.66667	15191
9.67500	15989
9.68333	16712
9.69167	17351
9.70000	17896
9.70833	18343
9.71667	18690
9.72500	18935
9.73333	19081
9.74167	19133
9.75000	19098
9.75833	18984
9.76667	18803
9.77500	18564
9.78333	18281
9.79167	17966
9.80000	17629
9.80833	17284
9.81667	16940
9.82500	16609
9.83333	16299
9.84167	16017
9.85000	15772
9.85833	15567
9.86667	15407
9.87500	15295
9.88333	15233
9.89167	15221
9.90000	15261
9.90833	15351
9.91667	15490
9.92500	15676
9.93333	15907
9.94167	16181
9.95000	16495
9.95833	16846
9.96667	17231
9.97500	17647
9.98333	18091
9.99167	18559
10.00000	19049
10.00833	19556
10.01667	20078
10.02500	20611
10.03333	21150
10.04167	21688
10.05000	22215
10.05833	22717
10.06667	23175
10.07500	23560
10.08333	23840
10.09167	23977
10.10000	23930
10.10833	23665
10.11667	23157
10.12500	22395
10.13333	21390
10.14167	20168
10.15000	18771
10.15833	17252
10.16667	15669
10.17500	14078
10.18333	12527
10.19167	11055
10.20000	9690
10.20833	8451
10.21667	7345
10.22500	6372
10.23333	5527
10.24167	4800
10.25000	4180
10.25833	3654
10.26667	3210
10.27500	2836
10.28333	2522
10.29167	2257
10.30000	2033
10.30833	1844
10.31667	1682
10.32500	1543
10.33333	1423
10.34167	1319
10.35000	1227
10.35833	1146
10.36667	1073
10.37500	1007
10.38333	948
10.39167	893
10.40000	843
10.40833	797
10.41667	755
10.42500	716
10.43333	679
10.44167	646
10.45000	615
10.45833	587
10.46667	561
10.47500	538
10.48333	517
10.49167	498
10.50000	481
10.50833	467
10.51667	455
10.52500	445
10.53333	436
10.54167	429
10.55000	424
10.55833	419
10.56667	416
10.57500	414
10.58333	413
10.59167	411
10.60000	410
10.60833	409
10.61667	407
10.62500	404
10.63333	400
10.64167	396
10.65000	391
10.65833	384
10.66667	377
10.67500	369
10.68333	360
10.69167	350
10.70000	340
10.70833	329
10.71667	318
10.72500	306
10.73333	294
10.74167	282
10.75000	270
10.75833	258
10.76667	246
10.77500	236
10.78333	226
10.79167	216
10.80000	208
10.80833	200
10.81667	193
10.82500	186
10.83333	181
10.84167	175
10.85000	171
10.85833	168
10.86667	165
10.87500	162
10.88333	159
10.89167	156
10.90000	154
10.90833	153
10.91667	151
10.92500	150
10.93333	149
10.94167	147
10.95000	146
10.95833	144
10.96667	143
10.97500	141
10.98333	140
10.99167	139
11.00000	137
11.00833	136
11.01667	135
11.02500	133
11.03333	132
11.04167	131
11.05000	131
11.05833	130
11.06667	130
11.07500	131
11.08333	131
11.09167	131
11.10000	132
11.10833	133
11.11667	134
11.12500	136
11.13333	138
11.14167	140
11.15000	142
11.15833	144
11.16667	147
11.17500	150
11.18333	153
11.19167	156
11.20000	159
11.20833	163
11.21667	167
11.22500	171
11.23333	175
11.24167	179
11.25000	184
11.25833	188
11.26667	193
11.27500	196
11.28333	200
11.29167	204
11.30000	207
11.30833	209
11.31667	212
11.32500	214
11.33333	216
11.34167	218
11.35000	219
11.35833	219
11.36667	220
11.37500	219
11.38333	218
11.39167	217
11.40000	215
11.40833	214
11.41667	211
11.42500	208
11.43333	205
11.44167	202
11.45000	198
11.45833	194
11.46667	190
11.47500	186
11.48333	182
11.49167	178
11.50000	174
11.50833	171
11.51667	167
11.52500	164
11.53333	161
11.54167	159
11.55000	156
11.55833	154
11.56667	152
11.57500	150
11.58333	148
11.59167	147
11.60000	145
11.60833	144
11.61667	142
11.62500	141
11.63333	141
11.64167	141
11.65000	140
11.65833	140
11.66667	141
11.67500	140
11.68333	141
11.69167	141
11.70000	141
11.70833	142
11.71667	142
11.72500	142
11.73333	142
11.74167	142
11.75000	142
11.75833	142
11.76667	141
11.77500	141
11.78333	140
11.79167	139
11.80000	138
11.80833	137
11.81667	136
11.82500	135
11.83333	133
11.84167	132
11.85000	131
11.85833	129
11.86667	128
11.87500	126
11.88333	124
11.89167	122
11.90000	120
11.90833	117
11.91667	115
11.92500	113
11.93333	112
11.94167	110
11.95000	108
11.95833	107
11.96667	105
11.97500	104
11.98333	103
11.99167	103
12.00000	102
12.00833	102
12.01667	102
12.02500	103
12.03333	103
12.04167	104
12.05000	104
12.05833	105
12.06667	106
12.07500	107
12.08333	109
12.09167	110
12.10000	112
12.10833	113
12.11667	115
12.12500	116
12.13333	117
12.14167	117
12.15000	118
12.15833	119
12.16667	120
12.17500	120
12.18333	120
12.19167	121
12.20000	120
12.20833	120
12.21667	119
12.22500	119
12.23333	119
12.24167	118
12.25000	118
12.25833	117
12.26667	116
12.27500	116
12.28333	114
12.29167	113
12.30000	112
12.30833	111
12.31667	109
12.32500	108
12.33333	106
12.34167	104
12.35000	103
12.35833	101
12.36667	99
12.37500	97
12.38333	95
12.39167	94
12.40000	92
12.40833	90
12.41667	88
12.42500	86
12.43333	85
12.44167	83
12.45000	81
12.45833	80
12.46667	79
12.47500	77
12.48333	76
12.49167	75
12.50000	75
12.50833	74
12.51667	73
12.52500	72
12.53333	71
12.54167	70
12.55000	70
12.55833	69
12.56667	69
12.57500	69
12.58333	69
12.59167	69
12.60000	69
12.60833	69
12.61667	69
12.62500	70
12.63333	70
12.64167	71
12.65000	71
12.65833	71
12.66667	72
12.67500	73
12.68333	73
12.69167	74
12.70000	75
12.70833	75
12.71667	75
12.72500	76
12.73333	77
12.74167	77
12.75000	78
12.75833	78
12.76667	79
12.77500	80
12.78333	81
12.79167	81
12.80000	82
12.80833	83
12.81667	84
12.82500	85
12.83333	86
12.84167	87
12.85000	88
12.85833	89
12.86667	90
12.87500	91
12.88333	92
12.89167	93
12.90000	94
12.90833	96
12.91667	98
12.92500	100
12.93333	102
12.94167	105
12.95000	107
12.95833	110
12.96667	112
12.97500	115
12.98333	117
12.99167	120
13.00000	122
13.00833	124
13.01667	127
13.02500	129
13.03333	131
13.04167	133
13.05000	135
13.05833	137
13.06667	138
13.07500	139
13.08333	141
13.09167	141
13.10000	141
13.10833	141
13.11667	141
13.12500	140
13.13333	139
13.14167	138
13.15000	137
13.15833	135
13.16667	134
13.17500	132
13.18333	131
13.19167	129
13.20000	128
13.20833	126
13.21667	125
13.22500	123
13.23333	122
13.24167	121
13.25000	120
13.25833	119
13.26667	118
13.27500	118
13.28333	117
13.29167	116
13.30000	116
13.30833	115
13.31667	115
13.32500	115
13.33333	116
13.34167	116
13.35000	116
13.35833	117
13.36667	118
13.37500	119
13.38333	120
13.39167	121
13.40000	121
13.40833	122
13.41667	122
13.42500	122
13.43333	123
13.44167	123
13.45000	124
13.45833	125
13.46667	126
13.47500	127
13.48333	128
13.49167	130
13.50000	131
13.50833	132
13.51667	133
13.52500	135
13.53333	136
13.54167	137
13.55000	139
13.55833	140
13.56667	142
13.57500	144
13.58333	147
13.59167	150
13.60000	153
13.60833	157
13.61667	161
13.62500	165
13.63333	170
13.64167	174
13.65000	179
13.65833	185
13.66667	190
13.67500	196
13.68333	202
13.69167	209
13.70000	215
13.70833	220
13.71667	226
13.72500	232
13.73333	238
13.74167	244
13.75000	250
13.75833	256
13.76667	262
13.77500	268
13.78333	274
13.79167	280
13.80000	286
13.80833	292
13.81667	299
13.82500	306
13.83333	313
13.84167	321
13.85000	329
13.85833	337
13.86667	346
13.87500	355
13.88333	365
13.89167	374
13.90000	385
13.90833	395
13.91667	405
13.92500	415
13.93333	424
13.94167	432
13.95000	440
13.95833	446
13.96667	452
13.97500	457
13.98333	460
13.99167	463
14.00000	464
14.00833	464
14.01667	463
14.02500	460
14.03333	456
14.04167	452
14.05000	446
14.05833	439
14.06667	432
14.07500	424
14.08333	417
14.09167	408
14.10000	400
14.10833	391
14.11667	382
14.12500	374
14.13333	366
14.14167	358
14.15000	350
14.15833	342
14.16667	335
14.17500	328
14.18333	323
14.19167	317
14.20000	312
14.20833	308
14.21667	305
14.22500	302
14.23333	299
14.24167	296
14.25000	294
14.25833	292
14.26667	291
14.27500	289
14.28333	288
14.29167	288
14.30000	287
14.30833	287
14.31667	287
14.32500	287
14.33333	288
14.34167	288
14.35000	289
14.35833	290
14.36667	292
14.37500	293
14.38333	294
14.39167	295
14.40000	296
14.40833	297
14.41667	298
14.42500	300
14.43333	301
14.44167	302
14.45000	304
14.45833	305
14.46667	305
14.47500	306
14.48333	307
14.49167	307
14.50000	308
14.50833	308
14.51667	308
14.52500	309
14.53333	310
14.54167	310
14.55000	310
14.55833	310
14.56667	309
14.57500	309
14.58333	309
14.59167	308
14.60000	308
14.60833	307
14.61667	306
14.62500	305
14.63333	304
14.64167	303
14.65000	302
14.65833	301
14.66667	300
14.67500	299
14.68333	298
14.69167	297
14.70000	296
14.70833	295
14.71667	294
14.72500	292
14.73333	291
14.74167	290
14.75000	289
14.75833	288
14.76667	287
14.77500	285
14.78333	284
14.79167	282
14.80000	281
14.80833	279
14.81667	278
14.82500	277
14.83333	275
14.84167	274
14.85000	272
14.85833	271
14.86667	270
14.87500	270
14.88333	269
14.89167	268
14.90000	268
14.90833	267
14.91667	267
14.92500	266
14.93333	266
14.94167	265
14.95000	265
14.95833	264
14.96667	264
14.97500	264
14.98333	263
14.99167	263
15.00000	263
15.00833	263
15.01667	263
15.02500	264
15.03333	264
15.04167	265
15.05000	265
15.05833	266
15.06667	268
15.07500	270
15.08333	272
15.09167	275
15.10000	278
15.10833	282
15.11667	285
15.12500	290
15.13333	294
15.14167	299
15.15000	305
15.15833	310
15.16667	317
15.17500	323
15.18333	330
15.19167	337
15.20000	344
15.20833	351
15.21667	357
15.22500	363
15.23333	369
15.24167	374
15.25000	379
15.25833	383
15.26667	387
15.27500	389
15.28333	391
15.29167	392
15.30000	391
15.30833	390
15.31667	387
15.32500	384
15.33333	380
15.34167	374
15.35000	368
15.35833	361
15.36667	354
15.37500	346
15.38333	337
15.39167	328
15.40000	319
15.40833	309
15.41667	300
15.42500	290
15.43333	280
15.44167	271
15.45000	262
15.45833	253
15.46667	244
15.47500	236
15.48333	228
15.49167	220
15.50000	213
15.50833	206
15.51667	200
15.52500	193
15.53333	187
15.54167	181
15.55000	176
15.55833	171
15.56667	166
15.57500	161
15.58333	157
15.59167	154
15.60000	150
15.60833	147
15.61667	144
15.62500	141
15.63333	138
15.64167	136
15.65000	134
15.65833	131
15.66667	129
15.67500	127
15.68333	126
15.69167	125
15.70000	123
15.70833	122
15.71667	121
15.72500	120
15.73333	119
15.74167	118
15.75000	118
15.75833	117
15.76667	117
15.77500	116
15.78333	115
15.79167	115
15.80000	115
15.80833	115
15.81667	114
15.82500	114
15.83333	114
15.84167	114
15.85000	114
15.85833	114
15.86667	114
15.87500	114
15.88333	114
15.89167	115
15.90000	116
15.90833	118
15.91667	120
15.92500	122
15.93333	125
15.94167	128
15.95000	131
15.95833	136
15.96667	140
15.97500	145
15.98333	151
15.99167	157
16.00000	164
16.00833	172
16.01667	180
16.02500	188
16.03333	197
16.04167	207
16.05000	217
16.05833	227
16.06667	238
16.07500	248
16.08333	258
16.09167	267
16.10000	277
16.10833	286
16.11667	295
16.12500	302
16.13333	309
16.14167	315
16.15000	320
16.15833	324
16.16667	327
16.17500	328
16.18333	329
16.19167	328
16.20000	327
16.20833	324
16.21667	321
16.22500	317
16.23333	312
16.24167	307
16.25000	302
16.25833	296
16.26667	291
16.27500	285
16.28333	279
16.29167	274
16.30000	269
16.30833	264
16.31667	260
16.32500	257
16.33333	254
16.34167	252
16.35000	251
16.35833	251
16.36667	252
16.37500	254
16.38333	257
16.39167	261
16.40000	266
16.40833	272
16.41667	279
16.42500	287
16.43333	296
16.44167	306
16.45000	318
16.45833	330
16.46667	344
16.47500	359
16.48333	375
16.49167	392
16.50000	411
16.50833	431
16.51667	451
16.52500	472
16.53333	495
16.54167	517
16.55000	541
16.55833	564
16.56667	588
16.57500	611
16.58333	634
16.59167	657
16.60000	678
16.60833	698
16.61667	717
16.62500	734
16.63333	748
16.64167	761
16.65000	772
16.65833	780
16.66667	785
16.67500	788
16.68333	787
16.69167	785
16.70000	779
16.70833	771
16.71667	760
16.72500	747
16.73333	731
16.74167	714
16.75000	695
16.75833	675
16.76667	653
16.77500	630
16.78333	606
16.79167	582
16.80000	557
16.80833	533
16.81667	508
16.82500	484
16.83333	460
16.84167	437
16.85000	414
16.85833	392
16.86667	371
16.87500	351
16.88333	332
16.89167	314
16.90000	297
16.90833	281
16.91667	265
16.92500	251
16.93333	237
16.94167	224
16.95000	213
16.95833	202
16.96667	192
16.97500	182
16.98333	174
16.99167	166
17.00000	158
17.00833	151
17.01667	144
17.02500	138
17.03333	132
17.04167	126
17.05000	121
17.05833	116
17.06667	111
17.07500	107
17.08333	103
17.09167	100
17.10000	96
17.10833	93
17.11667	90
17.12500	87
17.13333	84
17.14167	81
17.15000	78
17.15833	76
17.16667	73
17.17500	71
17.18333	69
17.19167	66
17.20000	64
17.20833	62
17.21667	59
17.22500	57
17.23333	56
17.24167	54
17.25000	53
17.25833	52
17.26667	51
17.27500	49
17.28333	48
17.29167	46
17.30000	45
17.30833	44
17.31667	44
17.32500	43
17.33333	42
17.34167	41
17.35000	40
17.35833	39
17.36667	38
17.37500	37
17.38333	37
17.39167	36
17.40000	36
17.40833	36
17.41667	36
17.42500	36
17.43333	36
17.44167	35
17.45000	35
17.45833	35
17.46667	35
17.47500	35
17.48333	35
17.49167	36
17.50000	36
17.50833	36
17.51667	36
17.52500	36
17.53333	37
17.54167	37
17.55000	38
17.55833	39
17.56667	40
17.57500	41
17.58333	42
17.59167	44
17.60000	46
17.60833	47
17.61667	49
17.62500	52
17.63333	54
17.64167	56
17.65000	59
17.65833	63
17.66667	67
17.67500	71
17.68333	76
17.69167	81
17.70000	87
17.70833	93
17.71667	100
17.72500	107
17.73333	115
17.74167	124
17.75000	134
17.75833	145
17.76667	157
17.77500	170
17.78333	184
17.79167	200
17.80000	218
17.80833	238
17.81667	260
17.82500	284
17.83333	311
17.84167	340
17.85000	372
17.85833	407
17.86667	447
17.87500	490
17.88333	537
17.89167	589
17.90000	646
17.90833	707
17.91667	774
17.92500	846
17.93333	924
17.94167	1009
17.95000	1099
17.95833	1194
17.96667	1296
17.97500	1403
17.98333	1515
17.99167	1632
18.00000	1754
18.00833	1878
18.01667	2006
18.02500	2135
18.03333	2264
18.04167	2393
18.05000	2521
18.05833	2646
18.06667	2767
18.07500	2883
18.08333	2991
18.09167	3092
18.10000	3184
18.10833	3266
18.11667	3337
18.12500	3397
18.13333	3444
18.14167	3477
18.15000	3498
18.15833	3505
18.16667	3499
18.17500	3480
18.18333	3447
18.19167	3403
18.20000	3347
18.20833	3280
18.21667	3204
18.22500	3119
18.23333	3026
18.24167	2926
18.25000	2820
18.25833	2710
18.26667	2596
18.27500	2480
18.28333	2362
18.29167	2245
18.30000	2128
18.30833	2012
18.31667	1899
18.32500	1788
18.33333	1681
18.34167	1577
18.35000	1477
18.35833	1381
18.36667	1290
18.37500	1204
18.38333	1122
18.39167	1044
18.40000	972
18.40833	904
18.41667	841
18.42500	782
18.43333	727
18.44167	676
18.45000	629
18.45833	585
18.46667	545
18.47500	508
18.48333	474
18.49167	442
18.50000	413
18.50833	386
18.51667	361
18.52500	339
18.53333	319
18.54167	300
18.55000	283
18.55833	268
18.56667	254
18.57500	242
18.58333	230
18.59167	220
18.60000	210
18.60833	202
18.61667	195
18.62500	189
18.63333	183
18.64167	179
18.65000	176
18.65833	173
18.66667	172
18.67500	170
18.68333	170
18.69167	170
18.70000	172
18.70833	174
18.71667	178
18.72500	182
18.73333	187
18.74167	193
18.75000	200
18.75833	206
18.76667	213
18.77500	221
18.78333	229
18.79167	238
18.80000	247
18.80833	257
18.81667	266
18.82500	275
18.83333	285
18.84167	294
18.85000	303
18.85833	312
18.86667	320
18.87500	328
18.88333	335
18.89167	342
18.90000	349
18.90833	354
18.91667	359
18.92500	362
18.93333	365
18.94167	366
18.95000	367
18.95833	366
18.96667	365
18.97500	363
18.98333	360
18.99167	356
19.00000	350
19.00833	342
19.01667	335
19.02500	327
19.03333	319
19.04167	310
19.05000	301
19.05833	291
19.06667	281
19.07500	271
19.08333	260
19.09167	250
19.10000	239
19.10833	229
19.11667	219
19.12500	208
19.13333	199
19.14167	189
19.15000	180
19.15833	171
19.16667	163
19.17500	155
19.18333	147
19.19167	139
19.20000	132
19.20833	125
19.21667	118
19.22500	113
19.23333	107
19.24167	102
19.25000	98
19.25833	93
19.26667	89
19.27500	85
19.28333	82
19.29167	78
19.30000	76
19.30833	74
19.31667	72
19.32500	70
19.33333	69
19.34167	67
19.35000	65
19.35833	63
19.36667	62
19.37500	61
19.38333	60
19.39167	60
19.40000	60
19.40833	60
19.41667	60
19.42500	60
19.43333	60
19.44167	60
19.45000	60
19.45833	59
19.46667	59
19.47500	59
19.48333	59
19.49167	59
19.50000	59
19.50833	58
19.51667	58
19.52500	57
19.53333	57
19.54167	56
19.55000	56
19.55833	56
19.56667	55
19.57500	55
19.58333	55
19.59167	54
19.60000	54
19.60833	54
19.61667	53
19.62500	53
19.63333	52
19.64167	52
19.65000	51
19.65833	51
19.66667	51
19.67500	50
19.68333	50
19.69167	49
19.70000	49
19.70833	49
19.71667	49
19.72500	48
19.73333	48
19.74167	48
19.75000	48
19.75833	48
19.76667	48
19.77500	48
19.78333	48
19.79167	47
19.80000	47
19.80833	46
19.81667	47
19.82500	47
19.83333	47
19.84167	46
19.85000	46
19.85833	46
19.86667	46
19.87500	46
19.88333	46
19.89167	45
19.90000	45
19.90833	45
19.91667	45
19.92500	45
19.93333	45
19.94167	44
19.95000	43
19.95833	43
19.96667	42
19.97500	42
19.98333	42
19.99167	42
20.00000	42
20.00833	41
20.01667	41
20.02500	41
20.03333	41
20.04167	41
20.05000	41
20.05833	41
20.06667	40
20.07500	40
20.08333	40
20.09167	40
20.10000	40
20.10833	40
20.11667	39
20.12500	40
20.13333	40
20.14167	40
20.15000	40
20.15833	40
20.16667	41
20.17500	41
20.18333	42
20.19167	43
20.20000	43
20.20833	43
20.21667	44
20.22500	44
20.23333	45
20.24167	45
20.25000	46
20.25833	47
20.26667	48
20.27500	49
20.28333	50
20.29167	51
20.30000	52
20.30833	53
20.31667	53
20.32500	54
20.33333	55
20.34167	56
20.35000	57
20.35833	58
20.36667	59
20.37500	61
20.38333	62
20.39167	64
20.40000	66
20.40833	69
20.41667	71
20.42500	73
20.43333	76
20.44167	79
20.45000	82
20.45833	86
20.46667	89
20.47500	93
20.48333	98
20.49167	102
20.50000	107
20.50833	112
20.51667	118
20.52500	124
20.53333	130
20.54167	138
20.55000	145
20.55833	154
20.56667	162
20.57500	172
20.58333	181
20.59167	192
20.60000	204
20.60833	217
20.61667	230
20.62500	245
20.63333	260
20.64167	277
20.65000	295
20.65833	314
20.66667	334
20.67500	356
20.68333	379
20.69167	403
20.70000	429
20.70833	456
20.71667	485
20.72500	514
20.73333	545
20.74167	577
20.75000	611
20.75833	645
20.76667	681
20.77500	716
20.78333	753
20.79167	790
20.80000	828
20.80833	867
20.81667	905
20.82500	943
20.83333	982
20.84167	1020
20.85000	1058
20.85833	1095
20.86667	1132
20.87500	1168
20.88333	1203
20.89167	1238
20.90000	1271
20.90833	1304
20.91667	1335
20.92500	1366
20.93333	1395
20.94167	1424
20.95000	1452
20.95833	1480
20.96667	1506
20.97500	1532
20.98333	1558
20.99167	1584
21.00000	1609
21.00833	1635
21.01667	1662
21.02500	1689
21.03333	1718
21.04167	1748
21.05000	1779
21.05833	1812
21.06667	1848
21.07500	1886
21.08333	1927
21.09167	1971
21.10000	2020
21.10833	2073
21.11667	2130
21.12500	2194
21.13333	2263
21.14167	2339
21.15000	2422
21.15833	2513
21.16667	2613
21.17500	2722
21.18333	2841
21.19167	2970
21.20000	3110
21.20833	3262
21.21667	3426
21.22500	3603
21.23333	3794
21.24167	3999
21.25000	4217
21.25833	4451
21.26667	4699
21.27500	4962
21.28333	5240
21.29167	5532
21.30000	5839
21.30833	6159
21.31667	6491
21.32500	6834
21.33333	7189
21.34167	7552
21.35000	7923
21.35833	8300
21.36667	8682
21.37500	9066
21.38333	9450
21.39167	9831
21.40000	10207
21.40833	10577
21.41667	10938
21.42500	11287
21.43333	11621
21.44167	11940
21.45000	12239
21.45833	12518
21.46667	12773
21.47500	13004
21.48333	13208
21.49167	13385
21.50000	13532
21.50833	13650
21.51667	13736
21.52500	13792
21.53333	13816
21.54167	13809
21.55000	13771
21.55833	13702
21.56667	13603
21.57500	13476
21.58333	13321
21.59167	13139
21.60000	12932
21.60833	12702
21.61667	12450
21.62500	12179
21.63333	11891
21.64167	11587
21.65000	11269
21.65833	10940
21.66667	10601
21.67500	10255
21.68333	9902
21.69167	9545
21.70000	9187
21.70833	8828
21.71667	8470
21.72500	8115
21.73333	7764
21.74167	7418
21.75000	7078
21.75833	6745
21.76667	6420
21.77500	6104
21.78333	5798
21.79167	5502
21.80000	5215
21.80833	4939
21.81667	4673
21.82500	4419
21.83333	4175
21.84167	3943
21.85000	3720
21.85833	3509
21.86667	3308
21.87500	3117
21.88333	2936
21.89167	2765
21.90000	2602
21.90833	2449
21.91667	2304
21.92500	2167
21.93333	2038
21.94167	1917
21.95000	1802
21.95833	1695
21.96667	1593
21.97500	1498
21.98333	1409
21.99167	1326
22.00000	1248
22.00833	1175
22.01667	1106
22.02500	1042
22.03333	981
22.04167	925
22.05000	874
22.05833	825
22.06667	780
22.07500	738
22.08333	699
22.09167	663
22.10000	628
22.10833	596
22.11667	567
22.12500	540
22.13333	516
22.14167	493
22.15000	472
22.15833	453
22.16667	436
22.17500	420
22.18333	406
22.19167	393
22.20000	382
22.20833	371
22.21667	362
22.22500	353
22.23333	346
22.24167	339
22.25000	333
22.25833	327
22.26667	322
22.27500	318
22.28333	315
22.29167	311
22.30000	308
22.30833	305
22.31667	303
22.32500	300
22.33333	298
22.34167	297
22.35000	296
22.35833	294
22.36667	292
22.37500	290
22.38333	288
22.39167	285
22.40000	283
22.40833	280
22.41667	277
22.42500	273
22.43333	269
22.44167	264
22.45000	260
22.45833	255
22.46667	250
22.47500	245
22.48333	239
22.49167	233
22.50000	227
22.50833	221
22.51667	214
22.52500	207
22.53333	199
22.54167	191
22.55000	183
22.55833	175
22.56667	167
22.57500	159
22.58333	150
22.59167	142
22.60000	133
22.60833	125
22.61667	116
22.62500	108
22.63333	100
22.64167	91
22.65000	83
22.65833	75
22.66667	68
22.67500	60
22.68333	53
22.69167	45
22.70000	37
22.70833	30
22.71667	23
22.72500	17
22.73333	11
22.74167	5
22.75000	-0
22.75833	-6
22.76667	-11
22.77500	-15
22.78333	-20
22.79167	-24
22.80000	-27
22.80833	-31
22.81667	-34
22.82500	-37
22.83333	-39
22.84167	-42
22.85000	-44
22.85833	-46
22.86667	-47
22.87500	-48
22.88333	-48
22.89167	-49
22.90000	-49
22.90833	-48
22.91667	-48
22.92500	-47
22.93333	-45
22.94167	-43
22.95000	-41
22.95833	-39
22.96667	-37
22.97500	-35
22.98333	-32
22.99167	-29
23.00000	-26
23.00833	-23
23.01667	-19
23.02500	-16
23.03333	-13
23.04167	-10
23.05000	-7
23.05833	-4
23.06667	-1
23.07500	1
23.08333	3
23.09167	6
23.10000	8
23.10833	11
23.11667	13
23.12500	16
23.13333	18
23.14167	20
23.15000	22
23.15833	24
23.16667	25
23.17500	27
23.18333	29
23.19167	30
23.20000	31
23.20833	32
23.21667	32
23.22500	33
23.23333	33
23.24167	34
23.25000	34
23.25833	34
23.26667	34
23.27500	34
23.28333	34
23.29167	33
23.30000	33
23.30833	32
23.31667	31
23.32500	30
23.33333	30
23.34167	29
23.35000	29
23.35833	28
23.36667	28
23.37500	27
23.38333	27
23.39167	26
23.40000	26
23.40833	26
23.41667	25
23.42500	25
23.43333	25
23.44167	25
23.45000	24
23.45833	24
23.46667	24
23.47500	24
23.48333	24
23.49167	23
23.50000	23
23.50833	23
23.51667	23
23.52500	23
23.53333	23
23.54167	23
23.55000	23
23.55833	22
23.56667	21
23.57500	21
23.58333	20
23.59167	20
23.60000	19
23.60833	19
23.61667	19
23.62500	20
23.63333	20
23.64167	20
23.65000	20
23.65833	20
23.66667	20
23.67500	21
23.68333	21
23.69167	21
23.70000	21
23.70833	21
23.71667	21
23.72500	21
23.73333	21
23.74167	21
23.75000	21
23.75833	22
23.76667	22
23.77500	23
23.78333	24
23.79167	25
23.80000	26
23.80833	26
23.81667	27
23.82500	28
23.83333	29
23.84167	29
23.85000	29
23.85833	29
23.86667	29
23.87500	30
23.88333	31
23.89167	32
23.90000	33
23.90833	33
23.91667	33
23.92500	33
23.93333	33
23.94167	33
23.95000	33
23.95833	33
23.96667	33
23.97500	34
23.98333	34
23.99167	34
24.00000	35
24.00833	36
24.01667	36
24.02500	36
24.03333	36
24.04167	36
24.05000	36
24.05833	36
24.06667	36
24.07500	36
24.08333	36
24.09167	36
24.10000	36
24.10833	35
24.11667	35
24.12500	34
24.13333	34
24.14167	34
24.15000	34
24.15833	33
24.16667	32
24.17500	32
24.18333	31
24.19167	30
24.20000	30
24.20833	29
24.21667	29
24.22500	28
24.23333	27
24.24167	25
24.25000	24
24.25833	22
24.26667	21
24.27500	19
24.28333	17
24.29167	16
24.30000	14
24.30833	13
24.31667	11
24.32500	9
24.33333	7
24.34167	5
24.35000	3
24.35833	2
24.36667	0
24.37500	-1
24.38333	-3
24.39167	-4
24.40000	-6
24.40833	-7
24.41667	-8
24.42500	-9
24.43333	-10
24.44167	-11
24.45000	-11
24.45833	-12
24.46667	-12
24.47500	-13
24.48333	-14
24.49167	-14
24.50000	-14
24.50833	-15
24.51667	-15
24.52500	-15
24.53333	-15
24.54167	-15
24.55000	-15
24.55833	-15
24.56667	-15
24.57500	-16
24.58333	-16
24.59167	-16
24.60000	-17
24.60833	-18
24.61667	-18
24.62500	-18
24.63333	-18
24.64167	-17
24.65000	-17
24.65833	-16
24.66667	-16
24.67500	-16
24.68333	-15
24.69167	-14
24.70000	-14
24.70833	-13
24.71667	-12
24.72500	-11
24.73333	-10
24.74167	-9
24.75000	-8
24.75833	-7
24.76667	-5
24.77500	-4
24.78333	-3
24.79167	-2
24.80000	-2
24.80833	-1
24.81667	-0
24.82500	-0
24.83333	0
24.84167	1
24.85000	1
24.85833	1
24.86667	1
24.87500	2
24.88333	2
24.89167	2
24.90000	3
24.90833	3
24.91667	4
24.92500	4
24.93333	4
24.94167	5
24.95000	5
24.95833	6
24.96667	6
24.97500	7
24.98333	8
24.99167	9
25.00000	10
25.00833	10
25.01667	11
25.02500	12
25.03333	13
25.04167	13
25.05000	14
25.05833	14
25.06667	14
25.07500	14
25.08333	15
25.09167	15
25.10000	16
25.10833	16
25.11667	17
25.12500	17
25.13333	18
25.14167	18
25.15000	18
25.15833	18
25.16667	18
25.17500	18
25.18333	17
25.19167	17
25.20000	18
25.20833	18
25.21667	18
25.22500	19
25.23333	20
25.24167	20
25.25000	21
25.25833	21
25.26667	22
25.27500	23
25.28333	23
25.29167	24
25.30000	25
25.30833	25
25.31667	26
25.32500	27
25.33333	28
25.34167	28
25.35000	29
25.35833	30
25.36667	30
25.37500	31
25.38333	32
25.39167	32
25.40000	33
25.40833	33
25.41667	34
25.42500	35
25.43333	36
25.44167	36
25.45000	37
25.45833	37
25.46667	37
25.47500	38
25.48333	38
25.49167	39
25.50000	40
25.50833	41
25.51667	42
25.52500	43
25.53333	44
25.54167	45
25.55000	46
25.55833	47
25.56667	48
25.57500	49
25.58333	50
25.59167	51
25.60000	53
25.60833	54
25.61667	56
25.62500	57
25.63333	58
25.64167	60
25.65000	61
25.65833	62
25.66667	64
25.67500	65
25.68333	66
25.69167	68
25.70000	69
25.70833	70
25.71667	71
25.72500	73
25.73333	74
25.74167	75
25.75000	76
25.75833	77
25.76667	79
25.77500	80
25.78333	81
25.79167	82
25.80000	83
25.80833	85
25.81667	86
25.82500	87
25.83333	89
25.84167	91
25.85000	92
25.85833	94
25.86667	96
25.87500	98
25.88333	101
25.89167	103
25.90000	105
25.90833	107
25.91667	110
25.92500	112
25.93333	115
25.94167	119
25.95000	122
25.95833	125
25.96667	128
25.97500	132
25.98333	135
25.99167	139
26.00000	143
26.00833	147
26.01667	152
26.02500	156
26.03333	161
26.04167	167
26.05000	172
26.05833	178
26.06667	185
26.07500	192
26.08333	199
26.09167	206
26.10000	214
26.10833	223
26.11667	232
26.12500	241
26.13333	252
26.14167	263
26.15000	274
26.15833	286
26.16667	299
26.17500	313
26.18333	327
26.19167	343
26.20000	359
26.20833	376
26.21667	394
26.22500	413
26.23333	432
26.24167	453
26.25000	475
26.25833	497
26.26667	521
26.27500	546
26.28333	571
26.29167	597
26.30000	624
26.30833	651
26.31667	679
26.32500	708
26.33333	737
26.34167	767
26.35000	797
26.35833	828
26.36667	858
26.37500	888
26.38333	919
26.39167	949
26.40000	979
26.40833	1009
26.41667	1038
26.42500	1066
26.43333	1092
26.44167	1118
26.45000	1143
26.45833	1167
26.46667	1189
26.47500	1209
26.48333	1229
26.49167	1246
26.50000	1261
26.50833	1275
26.51667	1287
26.52500	1296
26.53333	1303
26.54167	1308
26.55000	1311
26.55833	1312
26.56667	1310
26.57500	1307
26.58333	1301
26.59167	1293
26.60000	1283
26.60833	1271
26.61667	1257
26.62500	1241
26.63333	1223
26.64167	1203
26.65000	1181
26.65833	1158
26.66667	1134
26.67500	1109
26.68333	1083
26.69167	1056
26.70000	1028
26.70833	1000
26.71667	971
26.72500	942
26.73333	912
26.74167	882
26.75000	852
26.75833	823
26.76667	793
26.77500	764
26.78333	735
26.79167	707
26.80000	679
26.80833	652
26.81667	626
26.82500	599
26.83333	574
26.84167	549
26.85000	526
26.85833	503
26.86667	481
26.87500	460
26.88333	440
26.89167	420
26.90000	402
26.90833	384
26.91667	367
26.92500	352
26.93333	337
26.94167	323
26.95000	309
26.95833	296
26.96667	283
26.97500	272
26.98333	261
26.99167	251
27.00000	241
27.00833	232
27.01667	223
27.02500	215
27.03333	208
27.04167	200
27.05000	193
27.05833	187
27.06667	180
27.07500	174
27.08333	168
27.09167	163
27.10000	158
27.10833	153
27.11667	148
27.12500	143
27.13333	138
27.14167	134
27.15000	130
27.15833	127
27.16667	123
27.17500	120
27.18333	117
27.19167	114
27.20000	111
27.20833	109
27.21667	106
27.22500	103
27.23333	101
27.24167	99
27.25000	97
27.25833	95
27.26667	93
27.27500	91
27.28333	89
27.29167	87
27.30000	86
27.30833	84
27.31667	83
27.32500	81
27.33333	80
27.34167	78
27.35000	77
27.35833	76
27.36667	74
27.37500	73
27.38333	73
27.39167	72
27.40000	71
27.40833	70
27.41667	69
27.42500	69
27.43333	68
27.44167	68
27.45000	67
27.45833	66
27.46667	66
27.47500	65
27.48333	65
27.49167	65
27.50000	64
27.50833	63
27.51667	62
27.52500	62
27.53333	61
27.54167	60
27.55000	60
27.55833	59
27.56667	58
27.57500	58
27.58333	57
27.59167	56
27.60000	56
27.60833	55
27.61667	54
27.62500	54
27.63333	53
27.64167	53
27.65000	53
27.65833	53
27.66667	53
27.67500	53
27.68333	53
27.69167	53
27.70000	53
27.70833	53
27.71667	53
27.72500	53
27.73333	53
27.74167	53
27.75000	53
27.75833	53
27.76667	53
27.77500	53
27.78333	53
27.79167	54
27.80000	54
27.80833	55
27.81667	55
27.82500	56
27.83333	56
27.84167	56
27.85000	57
27.85833	57
27.86667	57
27.87500	58
27.88333	58
27.89167	58
27.90000	58
27.90833	58
27.91667	58
27.92500	58
27.93333	58
27.94167	59
27.95000	59
27.95833	59
27.96667	59
27.97500	59
27.98333	59
27.99167	59
28.00000	59

