R.Time (min)	Intensity
0.00000	-18
0.00833	-18
0.01667	-0
0.02500	-0
0.03333	-1
0.04167	-1
0.05000	-1
0.05833	-2
0.06667	-2
0.07500	-2
0.08333	-2
0.09167	-2
0.10000	-2
0.10833	-1
0.11667	-1
0.12500	-1
0.13333	-1
0.14167	-1
0.15000	-1
0.15833	-2
0.16667	-2
0.17500	-2
0.18333	-2
0.19167	-2
0.20000	-2
0.20833	-2
0.21667	-2
0.22500	-2
0.23333	-2
0.24167	-1
0.25000	-1
0.25833	-1
0.26667	-2
0.27500	-2
0.28333	-2
0.29167	-3
0.30000	-3
0.30833	-3
0.31667	-4
0.32500	-5
0.33333	-5
0.34167	-5
0.35000	-6
0.35833	-6
0.36667	-6
0.37500	-6
0.38333	-6
0.39167	-6
0.40000	-7
0.40833	-7
0.41667	-7
0.42500	-7
0.43333	-7
0.44167	-7
0.45000	-8
0.45833	-8
0.46667	-9
0.47500	-10
0.48333	-10
0.49167	-11
0.50000	-11
0.50833	-11
0.51667	-12
0.52500	-11
0.53333	-11
0.54167	-12
0.55000	-12
0.55833	-12
0.56667	-12
0.57500	-11
0.58333	-11
0.59167	-11
0.60000	-12
0.60833	-12
0.61667	-12
0.62500	-12
0.63333	-12
0.64167	-11
0.65000	-11
0.65833	-11
0.66667	-11
0.67500	-11
0.68333	-11
0.69167	-10
0.70000	-11
0.70833	-11
0.71667	-11
0.72500	-12
0.73333	-12
0.74167	-12
0.75000	-12
0.75833	-13
0.76667	-13
0.77500	-14
0.78333	-14
0.79167	-14
0.80000	-14
0.80833	-15
0.81667	-15
0.82500	-15
0.83333	-15
0.84167	-15
0.85000	-15
0.85833	-16
0.86667	-16
0.87500	-15
0.88333	-15
0.89167	-15
0.90000	-15
0.90833	-15
0.91667	-14
0.92500	-14
0.93333	-14
0.94167	-14
0.95000	-14
0.95833	-14
0.96667	-15
0.97500	-15
0.98333	-16
0.99167	-16
1.00000	-16
1.00833	-16
1.01667	-17
1.02500	-17
1.03333	-17
1.04167	-18
1.05000	-18
1.05833	-18
1.06667	-18
1.07500	-18
1.08333	-19
1.09167	-19
1.10000	-18
1.10833	-19
1.11667	-19
1.12500	-19
1.13333	-20
1.14167	-20
1.15000	-20
1.15833	-20
1.16667	-19
1.17500	-19
1.18333	-19
1.19167	-19
1.20000	-19
1.20833	-19
1.21667	-18
1.22500	-18
1.23333	-18
1.24167	-18
1.25000	-18
1.25833	-18
1.26667	-18
1.27500	-18
1.28333	-18
1.29167	-17
1.30000	-17
1.30833	-17
1.31667	-16
1.32500	-17
1.33333	-17
1.34167	-17
1.35000	-17
1.35833	-17
1.36667	-17
1.37500	-17
1.38333	-17
1.39167	-17
1.40000	-17
1.40833	-18
1.41667	-18
1.42500	-18
1.43333	-18
1.44167	-18
1.45000	-18
1.45833	-18
1.46667	-19
1.47500	-19
1.48333	-19
1.49167	-20
1.50000	-20
1.50833	-20
1.51667	-20
1.52500	-19
1.53333	-19
1.54167	-19
1.55000	-19
1.55833	-18
1.56667	-18
1.57500	-18
1.58333	-18
1.59167	-18
1.60000	-17
1.60833	-17
1.61667	-17
1.62500	-17
1.63333	-17
1.64167	-17
1.65000	-17
1.65833	-17
1.66667	-17
1.67500	-17
1.68333	-17
1.69167	-18
1.70000	-18
1.70833	-18
1.71667	-18
1.72500	-18
1.73333	-18
1.74167	-19
1.75000	-19
1.75833	-20
1.76667	-20
1.77500	-20
1.78333	-20
1.79167	-20
1.80000	-20
1.80833	-21
1.81667	-21
1.82500	-20
1.83333	-20
1.84167	-20
1.85000	-19
1.85833	-19
1.86667	-19
1.87500	-19
1.88333	-19
1.89167	-18
1.90000	-18
1.90833	-18
1.91667	-17
1.92500	-17
1.93333	-17
1.94167	-16
1.95000	-16
1.95833	-16
1.96667	-16
1.97500	-16
1.98333	-17
1.99167	-16
2.00000	-17
2.00833	-17
2.01667	-17
2.02500	-17
2.03333	-18
2.04167	-18
2.05000	-18
2.05833	-17
2.06667	-17
2.07500	-17
2.08333	-17
2.09167	-17
2.10000	-17
2.10833	-16
2.11667	-16
2.12500	-16
2.13333	-15
2.14167	-15
2.15000	-14
2.15833	-13
2.16667	-13
2.17500	-12
2.18333	-12
2.19167	-11
2.20000	-11
2.20833	-10
2.21667	-9
2.22500	-8
2.23333	-7
2.24167	-7
2.25000	-6
2.25833	-5
2.26667	-5
2.27500	-4
2.28333	-3
2.29167	-2
2.30000	-1
2.30833	-1
2.31667	0
2.32500	1
2.33333	3
2.34167	4
2.35000	6
2.35833	8
2.36667	9
2.37500	11
2.38333	13
2.39167	15
2.40000	18
2.40833	21
2.41667	23
2.42500	26
2.43333	30
2.44167	33
2.45000	36
2.45833	39
2.46667	43
2.47500	48
2.48333	52
2.49167	57
2.50000	62
2.50833	67
2.51667	72
2.52500	78
2.53333	84
2.54167	91
2.55000	97
2.55833	104
2.56667	111
2.57500	119
2.58333	126
2.59167	135
2.60000	143
2.60833	152
2.61667	162
2.62500	172
2.63333	183
2.64167	194
2.65000	206
2.65833	218
2.66667	231
2.67500	245
2.68333	260
2.69167	276
2.70000	292
2.70833	310
2.71667	328
2.72500	347
2.73333	367
2.74167	389
2.75000	411
2.75833	435
2.76667	459
2.77500	485
2.78333	513
2.79167	541
2.80000	571
2.80833	603
2.81667	636
2.82500	671
2.83333	707
2.84167	745
2.85000	784
2.85833	826
2.86667	870
2.87500	916
2.88333	964
2.89167	1014
2.90000	1066
2.90833	1121
2.91667	1178
2.92500	1237
2.93333	1299
2.94167	1363
2.95000	1430
2.95833	1499
2.96667	1571
2.97500	1646
2.98333	1723
2.99167	1801
3.00000	1883
3.00833	1966
3.01667	2052
3.02500	2140
3.03333	2229
3.04167	2321
3.05000	2413
3.05833	2507
3.06667	2602
3.07500	2698
3.08333	2795
3.09167	2893
3.10000	2991
3.10833	3088
3.11667	3185
3.12500	3281
3.13333	3376
3.14167	3470
3.15000	3562
3.15833	3653
3.16667	3741
3.17500	3826
3.18333	3909
3.19167	3988
3.20000	4064
3.20833	4136
3.21667	4204
3.22500	4267
3.23333	4326
3.24167	4379
3.25000	4427
3.25833	4470
3.26667	4508
3.27500	4540
3.28333	4566
3.29167	4587
3.30000	4601
3.30833	4609
3.31667	4611
3.32500	4607
3.33333	4596
3.34167	4580
3.35000	4557
3.35833	4528
3.36667	4493
3.37500	4453
3.38333	4408
3.39167	4357
3.40000	4302
3.40833	4241
3.41667	4176
3.42500	4107
3.43333	4034
3.44167	3957
3.45000	3877
3.45833	3793
3.46667	3707
3.47500	3619
3.48333	3528
3.49167	3435
3.50000	3340
3.50833	3245
3.51667	3148
3.52500	3051
3.53333	2954
3.54167	2857
3.55000	2760
3.55833	2664
3.56667	2569
3.57500	2474
3.58333	2381
3.59167	2289
3.60000	2198
3.60833	2109
3.61667	2021
3.62500	1936
3.63333	1853
3.64167	1772
3.65000	1693
3.65833	1617
3.66667	1543
3.67500	1472
3.68333	1402
3.69167	1336
3.70000	1272
3.70833	1210
3.71667	1151
3.72500	1095
3.73333	1040
3.74167	989
3.75000	940
3.75833	893
3.76667	848
3.77500	805
3.78333	765
3.79167	727
3.80000	691
3.80833	656
3.81667	624
3.82500	593
3.83333	563
3.84167	536
3.85000	510
3.85833	486
3.86667	463
3.87500	442
3.88333	422
3.89167	404
3.90000	387
3.90833	371
3.91667	355
3.92500	341
3.93333	328
3.94167	316
3.95000	304
3.95833	293
3.96667	283
3.97500	273
3.98333	264
3.99167	256
4.00000	247
4.00833	240
4.01667	232
4.02500	226
4.03333	220
4.04167	214
4.05000	208
4.05833	202
4.06667	197
4.07500	191
4.08333	186
4.09167	181
4.10000	176
4.10833	171
4.11667	167
4.12500	162
4.13333	158
4.14167	153
4.15000	149
4.15833	145
4.16667	140
4.17500	136
4.18333	132
4.19167	127
4.20000	123
4.20833	119
4.21667	115
4.22500	110
4.23333	106
4.24167	102
4.25000	98
4.25833	94
4.26667	90
4.27500	86
4.28333	82
4.29167	78
4.30000	74
4.30833	70
4.31667	67
4.32500	64
4.33333	60
4.34167	57
4.35000	54
4.35833	50
4.36667	48
4.37500	45
4.38333	42
4.39167	40
4.40000	37
4.40833	35
4.41667	33
4.42500	31
4.43333	29
4.44167	27
4.45000	25
4.45833	24
4.46667	23
4.47500	22
4.48333	20
4.49167	19
4.50000	18
4.50833	17
4.51667	17
4.52500	16
4.53333	16
4.54167	15
4.55000	14
4.55833	13
4.56667	13
4.57500	12
4.58333	12
4.59167	12
4.60000	12
4.60833	12
4.61667	11
4.62500	11
4.63333	11
4.64167	11
4.65000	12
4.65833	12
4.66667	12
4.67500	12
4.68333	12
4.69167	13
4.70000	13
4.70833	13
4.71667	14
4.72500	14
4.73333	15
4.74167	15
4.75000	16
4.75833	16
4.76667	17
4.77500	17
4.78333	18
4.79167	19
4.80000	20
4.80833	20
4.81667	21
4.82500	22
4.83333	23
4.84167	24
4.85000	25
4.85833	25
4.86667	26
4.87500	27
4.88333	28
4.89167	29
4.90000	29
4.90833	30
4.91667	31
4.92500	31
4.93333	32
4.94167	32
4.95000	32
4.95833	33
4.96667	33
4.97500	34
4.98333	34
4.99167	34
5.00000	34
5.00833	34
5.01667	34
5.02500	35
5.03333	35
5.04167	34
5.05000	34
5.05833	34
5.06667	34
5.07500	34
5.08333	33
5.09167	33
5.10000	33
5.10833	33
5.11667	33
5.12500	33
5.13333	33
5.14167	33
5.15000	33
5.15833	32
5.16667	32
5.17500	32
5.18333	31
5.19167	31
5.20000	30
5.20833	30
5.21667	30
5.22500	29
5.23333	29
5.24167	28
5.25000	28
5.25833	27
5.26667	27
5.27500	27
5.28333	26
5.29167	26
5.30000	26
5.30833	26
5.31667	25
5.32500	25
5.33333	25
5.34167	24
5.35000	24
5.35833	24
5.36667	23
5.37500	23
5.38333	23
5.39167	22
5.40000	22
5.40833	21
5.41667	21
5.42500	20
5.43333	20
5.44167	20
5.45000	20
5.45833	19
5.46667	19
5.47500	18
5.48333	17
5.49167	17
5.50000	16
5.50833	16
5.51667	15
5.52500	15
5.53333	15
5.54167	14
5.55000	13
5.55833	13
5.56667	12
5.57500	12
5.58333	11
5.59167	11
5.60000	10
5.60833	10
5.61667	9
5.62500	9
5.63333	9
5.64167	9
5.65000	8
5.65833	8
5.66667	7
5.67500	6
5.68333	5
5.69167	5
5.70000	4
5.70833	3
5.71667	3
5.72500	3
5.73333	2
5.74167	2
5.75000	1
5.75833	1
5.76667	1
5.77500	0
5.78333	-0
5.79167	-1
5.80000	-1
5.80833	-1
5.81667	-2
5.82500	-2
5.83333	-2
5.84167	-2
5.85000	-2
5.85833	-3
5.86667	-3
5.87500	-3
5.88333	-3
5.89167	-4
5.90000	-4
5.90833	-4
5.91667	-4
5.92500	-4
5.93333	-4
5.94167	-3
5.95000	-3
5.95833	-3
5.96667	-3
5.97500	-3
5.98333	-3
5.99167	-3
6.00000	-3
6.00833	-3
6.01667	-3
6.02500	-3
6.03333	-3
6.04167	-3
6.05000	-3
6.05833	-3
6.06667	-2
6.07500	-2
6.08333	-2
6.09167	-3
6.10000	-3
6.10833	-3
6.11667	-3
6.12500	-3
6.13333	-3
6.14167	-3
6.15000	-3
6.15833	-3
6.16667	-3
6.17500	-3
6.18333	-3
6.19167	-3
6.20000	-3
6.20833	-3
6.21667	-3
6.22500	-3
6.23333	-3
6.24167	-3
6.25000	-3
6.25833	-4
6.26667	-4
6.27500	-4
6.28333	-3
6.29167	-4
6.30000	-4
6.30833	-5
6.31667	-5
6.32500	-5
6.33333	-5
6.34167	-5
6.35000	-5
6.35833	-5
6.36667	-5
6.37500	-5
6.38333	-6
6.39167	-6
6.40000	-6
6.40833	-7
6.41667	-7
6.42500	-7
6.43333	-7
6.44167	-7
6.45000	-7
6.45833	-7
6.46667	-7
6.47500	-7
6.48333	-7
6.49167	-8
6.50000	-8
6.50833	-9
6.51667	-9
6.52500	-9
6.53333	-9
6.54167	-9
6.55000	-9
6.55833	-9
6.56667	-9
6.57500	-9
6.58333	-10
6.59167	-10
6.60000	-9
6.60833	-9
6.61667	-9
6.62500	-9
6.63333	-9
6.64167	-9
6.65000	-9
6.65833	-9
6.66667	-9
6.67500	-10
6.68333	-10
6.69167	-9
6.70000	-10
6.70833	-10
6.71667	-10
6.72500	-10
6.73333	-11
6.74167	-11
6.75000	-11
6.75833	-11
6.76667	-11
6.77500	-11
6.78333	-11
6.79167	-11
6.80000	-11
6.80833	-11
6.81667	-11
6.82500	-12
6.83333	-12
6.84167	-12
6.85000	-12
6.85833	-12
6.86667	-12
6.87500	-12
6.88333	-12
6.89167	-12
6.90000	-12
6.90833	-12
6.91667	-12
6.92500	-12
6.93333	-12
6.94167	-12
6.95000	-12
6.95833	-12
6.96667	-12
6.97500	-12
6.98333	-12
6.99167	-12
7.00000	-13
7.00833	-13
7.01667	-13
7.02500	-13
7.03333	-13
7.04167	-13
7.05000	-12
7.05833	-12
7.06667	-11
7.07500	-10
7.08333	-9
7.09167	-7
7.10000	-4
7.10833	-1
7.11667	3
7.12500	7
7.13333	13
7.14167	20
7.15000	29
7.15833	39
7.16667	52
7.17500	66
7.18333	82
7.19167	100
7.20000	120
7.20833	142
7.21667	166
7.22500	191
7.23333	217
7.24167	244
7.25000	271
7.25833	296
7.26667	320
7.27500	340
7.28333	354
7.29167	360
7.30000	357
7.30833	342
7.31667	316
7.32500	278
7.33333	232
7.34167	182
7.35000	137
7.35833	109
7.36667	112
7.37500	163
7.38333	283
7.39167	493
7.40000	814
7.40833	1264
7.41667	1862
7.42500	2620
7.43333	3546
7.44167	4640
7.45000	5899
7.45833	7307
7.46667	8841
7.47500	10468
7.48333	12145
7.49167	13819
7.50000	15432
7.50833	16919
7.51667	18215
7.52500	19259
7.53333	20002
7.54167	20412
7.55000	20473
7.55833	20190
7.56667	19589
7.57500	18713
7.58333	17616
7.59167	16359
7.60000	15004
7.60833	13608
7.61667	12222
7.62500	10888
7.63333	9637
7.64167	8489
7.65000	7456
7.65833	6541
7.66667	5741
7.67500	5052
7.68333	4461
7.69167	3960
7.70000	3536
7.70833	3178
7.71667	2875
7.72500	2618
7.73333	2399
7.74167	2211
7.75000	2049
7.75833	1907
7.76667	1781
7.77500	1670
7.78333	1569
7.79167	1477
7.80000	1393
7.80833	1315
7.81667	1243
7.82500	1175
7.83333	1112
7.84167	1052
7.85000	996
7.85833	942
7.86667	891
7.87500	842
7.88333	796
7.89167	752
7.90000	710
7.90833	672
7.91667	636
7.92500	602
7.93333	571
7.94167	543
7.95000	517
7.95833	494
7.96667	473
7.97500	455
7.98333	440
7.99167	427
8.00000	416
8.00833	407
8.01667	399
8.02500	392
8.03333	385
8.04167	380
8.05000	374
8.05833	369
8.06667	363
8.07500	357
8.08333	351
8.09167	344
8.10000	337
8.10833	330
8.11667	322
8.12500	314
8.13333	305
8.14167	297
8.15000	288
8.15833	280
8.16667	272
8.17500	265
8.18333	257
8.19167	251
8.20000	244
8.20833	238
8.21667	232
8.22500	227
8.23333	223
8.24167	219
8.25000	215
8.25833	211
8.26667	208
8.27500	206
8.28333	204
8.29167	202
8.30000	201
8.30833	200
8.31667	199
8.32500	199
8.33333	199
8.34167	199
8.35000	198
8.35833	197
8.36667	197
8.37500	198
8.38333	198
8.39167	198
8.40000	197
8.40833	196
8.41667	196
8.42500	195
8.43333	194
8.44167	193
8.45000	192
8.45833	191
8.46667	190
8.47500	189
8.48333	187
8.49167	186
8.50000	185
8.50833	184
8.51667	183
8.52500	182
8.53333	182
8.54167	181
8.55000	180
8.55833	180
8.56667	181
8.57500	182
8.58333	183
8.59167	185
8.60000	188
8.60833	192
8.61667	197
8.62500	203
8.63333	211
8.64167	221
8.65000	234
8.65833	248
8.66667	265
8.67500	285
8.68333	307
8.69167	332
8.70000	359
8.70833	387
8.71667	417
8.72500	448
8.73333	479
8.74167	509
8.75000	539
8.75833	566
8.76667	591
8.77500	613
8.78333	632
8.79167	648
8.80000	660
8.80833	669
8.81667	675
8.82500	678
8.83333	678
8.84167	676
8.85000	674
8.85833	672
8.86667	670
8.87500	669
8.88333	672
8.89167	679
8.90000	692
8.90833	711
8.91667	737
8.92500	771
8.93333	815
8.94167	869
8.95000	934
8.95833	1009
8.96667	1094
8.97500	1189
8.98333	1293
8.99167	1404
9.00000	1521
9.00833	1642
9.01667	1765
9.02500	1886
9.03333	2004
9.04167	2115
9.05000	2218
9.05833	2309
9.06667	2387
9.07500	2449
9.08333	2495
9.09167	2524
9.10000	2536
9.10833	2530
9.11667	2507
9.12500	2469
9.13333	2417
9.14167	2351
9.15000	2274
9.15833	2188
9.16667	2095
9.17500	1996
9.18333	1895
9.19167	1792
9.20000	1689
9.20833	1587
9.21667	1488
9.22500	1392
9.23333	1302
9.24167	1216
9.25000	1136
9.25833	1062
9.26667	994
9.27500	932
9.28333	876
9.29167	826
9.30000	781
9.30833	741
9.31667	706
9.32500	676
9.33333	650
9.34167	628
9.35000	610
9.35833	596
9.36667	584
9.37500	577
9.38333	573
9.39167	573
9.40000	577
9.40833	587
9.41667	601
9.42500	623
9.43333	653
9.44167	692
9.45000	742
9.45833	807
9.46667	887
9.47500	989
9.48333	1114
9.49167	1268
9.50000	1455
9.50833	1681
9.51667	1950
9.52500	2268
9.53333	2640
9.54167	3071
9.55000	3564
9.55833	4122
9.56667	4747
9.57500	5438
9.58333	6192
9.59167	7007
9.60000	7875
9.60833	8788
9.61667	9737
9.62500	10710
9.63333	11692
9.64167	12669
9.65000	13627
9.65833	14548
9.66667	15421
9.67500	16230
9.68333	16963
9.69167	17611
9.70000	18164
9.70833	18618
9.71667	18968
9.72500	19215
9.73333	19361
9.74167	19411
9.75000	19372
9.75833	19254
9.76667	19065
9.77500	18819
9.78333	18528
9.79167	18202
9.80000	17854
9.80833	17498
9.81667	17143
9.82500	16800
9.83333	16478
9.84167	16186
9.85000	15930
9.85833	15715
9.86667	15545
9.87500	15424
9.88333	15353
9.89167	15334
9.90000	15367
9.90833	15451
9.91667	15584
9.92500	15766
9.93333	15993
9.94167	16263
9.95000	16575
9.95833	16924
9.96667	17307
9.97500	17723
9.98333	18167
9.99167	18636
10.00000	19128
10.00833	19638
10.01667	20163
10.02500	20701
10.03333	21246
10.04167	21792
10.05000	22331
10.05833	22851
10.06667	23333
10.07500	23753
10.08333	24079
10.09167	24273
10.10000	24296
10.10833	24110
10.11667	23684
10.12500	23003
10.13333	22070
10.14167	20904
10.15000	19544
10.15833	18042
10.16667	16453
10.17500	14836
10.18333	13242
10.19167	11717
10.20000	10291
10.20833	8988
10.21667	7818
10.22500	6784
10.23333	5882
10.24167	5104
10.25000	4439
10.25833	3874
10.26667	3397
10.27500	2994
10.28333	2655
10.29167	2370
10.30000	2129
10.30833	1926
10.31667	1753
10.32500	1606
10.33333	1478
10.34167	1368
10.35000	1271
10.35833	1186
10.36667	1110
10.37500	1041
10.38333	979
10.39167	923
10.40000	871
10.40833	824
10.41667	780
10.42500	740
10.43333	702
10.44167	668
10.45000	636
10.45833	606
10.46667	579
10.47500	554
10.48333	532
10.49167	512
10.50000	494
10.50833	479
10.51667	465
10.52500	454
10.53333	445
10.54167	438
10.55000	432
10.55833	427
10.56667	423
10.57500	420
10.58333	418
10.59167	416
10.60000	414
10.60833	412
10.61667	410
10.62500	407
10.63333	403
10.64167	399
10.65000	393
10.65833	387
10.66667	379
10.67500	371
10.68333	362
10.69167	353
10.70000	342
10.70833	331
10.71667	320
10.72500	308
10.73333	296
10.74167	284
10.75000	272
10.75833	261
10.76667	250
10.77500	240
10.78333	230
10.79167	221
10.80000	212
10.80833	204
10.81667	197
10.82500	191
10.83333	185
10.84167	180
10.85000	176
10.85833	173
10.86667	169
10.87500	167
10.88333	164
10.89167	161
10.90000	159
10.90833	157
10.91667	155
10.92500	154
10.93333	152
10.94167	151
10.95000	149
10.95833	148
10.96667	146
10.97500	145
10.98333	143
10.99167	142
11.00000	141
11.00833	139
11.01667	138
11.02500	137
11.03333	136
11.04167	135
11.05000	134
11.05833	133
11.06667	133
11.07500	132
11.08333	133
11.09167	133
11.10000	134
11.10833	135
11.11667	136
11.12500	138
11.13333	140
11.14167	141
11.15000	143
11.15833	146
11.16667	149
11.17500	152
11.18333	155
11.19167	158
11.20000	162
11.20833	166
11.21667	170
11.22500	174
11.23333	178
11.24167	182
11.25000	186
11.25833	191
11.26667	195
11.27500	199
11.28333	202
11.29167	206
11.30000	209
11.30833	212
11.31667	214
11.32500	217
11.33333	219
11.34167	221
11.35000	222
11.35833	223
11.36667	224
11.37500	224
11.38333	223
11.39167	222
11.40000	220
11.40833	218
11.41667	215
11.42500	212
11.43333	208
11.44167	205
11.45000	201
11.45833	198
11.46667	194
11.47500	190
11.48333	186
11.49167	182
11.50000	179
11.50833	175
11.51667	172
11.52500	169
11.53333	166
11.54167	163
11.55000	161
11.55833	158
11.56667	156
11.57500	154
11.58333	153
11.59167	152
11.60000	151
11.60833	150
11.61667	149
11.62500	148
11.63333	147
11.64167	146
11.65000	146
11.65833	145
11.66667	144
11.67500	144
11.68333	144
11.69167	144
11.70000	145
11.70833	145
11.71667	145
11.72500	146
11.73333	146
11.74167	146
11.75000	146
11.75833	145
11.76667	145
11.77500	145
11.78333	144
11.79167	143
11.80000	141
11.80833	140
11.81667	139
11.82500	137
11.83333	136
11.84167	134
11.85000	132
11.85833	130
11.86667	128
11.87500	126
11.88333	124
11.89167	121
11.90000	119
11.90833	117
11.91667	115
11.92500	113
11.93333	112
11.94167	110
11.95000	108
11.95833	107
11.96667	105
11.97500	104
11.98333	103
11.99167	102
12.00000	102
12.00833	102
12.01667	102
12.02500	103
12.03333	103
12.04167	103
12.05000	104
12.05833	105
12.06667	106
12.07500	107
12.08333	109
12.09167	110
12.10000	111
12.10833	113
12.11667	114
12.12500	115
12.13333	116
12.14167	117
12.15000	118
12.15833	119
12.16667	119
12.17500	120
12.18333	120
12.19167	120
12.20000	120
12.20833	120
12.21667	120
12.22500	119
12.23333	118
12.24167	118
12.25000	117
12.25833	116
12.26667	115
12.27500	114
12.28333	113
12.29167	112
12.30000	110
12.30833	109
12.31667	108
12.32500	106
12.33333	105
12.34167	103
12.35000	101
12.35833	100
12.36667	98
12.37500	96
12.38333	94
12.39167	93
12.40000	91
12.40833	89
12.41667	87
12.42500	85
12.43333	83
12.44167	82
12.45000	80
12.45833	79
12.46667	77
12.47500	76
12.48333	75
12.49167	74
12.50000	73
12.50833	72
12.51667	72
12.52500	71
12.53333	70
12.54167	70
12.55000	69
12.55833	69
12.56667	68
12.57500	69
12.58333	69
12.59167	69
12.60000	69
12.60833	69
12.61667	70
12.62500	70
12.63333	70
12.64167	71
12.65000	72
12.65833	73
12.66667	74
12.67500	74
12.68333	75
12.69167	76
12.70000	77
12.70833	78
12.71667	78
12.72500	79
12.73333	80
12.74167	82
12.75000	83
12.75833	84
12.76667	85
12.77500	86
12.78333	86
12.79167	87
12.80000	88
12.80833	89
12.81667	90
12.82500	91
12.83333	91
12.84167	92
12.85000	92
12.85833	93
12.86667	94
12.87500	95
12.88333	96
12.89167	98
12.90000	99
12.90833	101
12.91667	102
12.92500	104
12.93333	106
12.94167	108
12.95000	110
12.95833	112
12.96667	114
12.97500	117
12.98333	120
12.99167	123
13.00000	125
13.00833	127
13.01667	129
13.02500	131
13.03333	133
13.04167	135
13.05000	137
13.05833	138
13.06667	139
13.07500	139
13.08333	140
13.09167	141
13.10000	141
13.10833	141
13.11667	140
13.12500	139
13.13333	138
13.14167	137
13.15000	136
13.15833	135
13.16667	133
13.17500	132
13.18333	130
13.19167	129
13.20000	127
13.20833	126
13.21667	124
13.22500	123
13.23333	121
13.24167	120
13.25000	119
13.25833	118
13.26667	118
13.27500	117
13.28333	116
13.29167	115
13.30000	115
13.30833	115
13.31667	115
13.32500	115
13.33333	115
13.34167	115
13.35000	116
13.35833	116
13.36667	117
13.37500	118
13.38333	118
13.39167	119
13.40000	120
13.40833	121
13.41667	121
13.42500	122
13.43333	123
13.44167	124
13.45000	126
13.45833	127
13.46667	128
13.47500	128
13.48333	129
13.49167	130
13.50000	131
13.50833	132
13.51667	134
13.52500	136
13.53333	137
13.54167	139
13.55000	141
13.55833	142
13.56667	145
13.57500	147
13.58333	150
13.59167	153
13.60000	157
13.60833	161
13.61667	165
13.62500	170
13.63333	175
13.64167	180
13.65000	186
13.65833	191
13.66667	197
13.67500	203
13.68333	210
13.69167	216
13.70000	223
13.70833	230
13.71667	236
13.72500	243
13.73333	250
13.74167	256
13.75000	263
13.75833	269
13.76667	276
13.77500	282
13.78333	288
13.79167	295
13.80000	301
13.80833	307
13.81667	313
13.82500	320
13.83333	327
13.84167	335
13.85000	343
13.85833	351
13.86667	360
13.87500	369
13.88333	379
13.89167	388
13.90000	398
13.90833	408
13.91667	417
13.92500	426
13.93333	435
13.94167	444
13.95000	451
13.95833	458
13.96667	464
13.97500	468
13.98333	472
13.99167	475
14.00000	476
14.00833	476
14.01667	474
14.02500	471
14.03333	467
14.04167	462
14.05000	456
14.05833	450
14.06667	442
14.07500	434
14.08333	425
14.09167	417
14.10000	408
14.10833	399
14.11667	390
14.12500	381
14.13333	373
14.14167	365
14.15000	357
14.15833	349
14.16667	342
14.17500	336
14.18333	330
14.19167	324
14.20000	320
14.20833	316
14.21667	312
14.22500	308
14.23333	305
14.24167	302
14.25000	299
14.25833	297
14.26667	296
14.27500	294
14.28333	293
14.29167	292
14.30000	292
14.30833	291
14.31667	291
14.32500	290
14.33333	290
14.34167	291
14.35000	291
14.35833	292
14.36667	293
14.37500	293
14.38333	294
14.39167	295
14.40000	296
14.40833	297
14.41667	298
14.42500	299
14.43333	300
14.44167	301
14.45000	302
14.45833	303
14.46667	304
14.47500	305
14.48333	306
14.49167	307
14.50000	307
14.50833	308
14.51667	308
14.52500	309
14.53333	309
14.54167	309
14.55000	309
14.55833	309
14.56667	308
14.57500	308
14.58333	307
14.59167	307
14.60000	306
14.60833	305
14.61667	304
14.62500	303
14.63333	302
14.64167	301
14.65000	300
14.65833	298
14.66667	297
14.67500	295
14.68333	294
14.69167	293
14.70000	292
14.70833	290
14.71667	289
14.72500	288
14.73333	286
14.74167	285
14.75000	283
14.75833	282
14.76667	281
14.77500	280
14.78333	278
14.79167	277
14.80000	276
14.80833	274
14.81667	274
14.82500	272
14.83333	271
14.84167	270
14.85000	269
14.85833	268
14.86667	266
14.87500	265
14.88333	264
14.89167	262
14.90000	262
14.90833	261
14.91667	261
14.92500	260
14.93333	259
14.94167	258
14.95000	258
14.95833	258
14.96667	258
14.97500	258
14.98333	257
14.99167	257
15.00000	257
15.00833	257
15.01667	257
15.02500	258
15.03333	259
15.04167	259
15.05000	260
15.05833	261
15.06667	263
15.07500	265
15.08333	267
15.09167	270
15.10000	274
15.10833	278
15.11667	282
15.12500	287
15.13333	292
15.14167	297
15.15000	303
15.15833	310
15.16667	316
15.17500	323
15.18333	331
15.19167	339
15.20000	346
15.20833	354
15.21667	361
15.22500	368
15.23333	375
15.24167	380
15.25000	386
15.25833	390
15.26667	394
15.27500	396
15.28333	397
15.29167	398
15.30000	397
15.30833	395
15.31667	393
15.32500	389
15.33333	384
15.34167	378
15.35000	371
15.35833	364
15.36667	355
15.37500	347
15.38333	338
15.39167	328
15.40000	318
15.40833	308
15.41667	298
15.42500	288
15.43333	277
15.44167	267
15.45000	257
15.45833	248
15.46667	238
15.47500	229
15.48333	221
15.49167	213
15.50000	205
15.50833	198
15.51667	191
15.52500	184
15.53333	177
15.54167	172
15.55000	166
15.55833	161
15.56667	156
15.57500	152
15.58333	147
15.59167	143
15.60000	139
15.60833	136
15.61667	133
15.62500	131
15.63333	128
15.64167	126
15.65000	123
15.65833	121
15.66667	119
15.67500	118
15.68333	116
15.69167	115
15.70000	114
15.70833	113
15.71667	112
15.72500	111
15.73333	111
15.74167	110
15.75000	109
15.75833	109
15.76667	109
15.77500	109
15.78333	108
15.79167	108
15.80000	108
15.80833	107
15.81667	107
15.82500	107
15.83333	107
15.84167	107
15.85000	107
15.85833	107
15.86667	107
15.87500	107
15.88333	108
15.89167	108
15.90000	110
15.90833	111
15.91667	113
15.92500	115
15.93333	118
15.94167	121
15.95000	124
15.95833	128
15.96667	132
15.97500	137
15.98333	143
15.99167	149
16.00000	157
16.00833	164
16.01667	172
16.02500	181
16.03333	190
16.04167	200
16.05000	210
16.05833	220
16.06667	231
16.07500	242
16.08333	252
16.09167	263
16.10000	273
16.10833	283
16.11667	292
16.12500	300
16.13333	307
16.14167	313
16.15000	319
16.15833	323
16.16667	326
16.17500	328
16.18333	328
16.19167	327
16.20000	325
16.20833	323
16.21667	320
16.22500	316
16.23333	312
16.24167	307
16.25000	302
16.25833	296
16.26667	291
16.27500	285
16.28333	280
16.29167	275
16.30000	270
16.30833	265
16.31667	262
16.32500	258
16.33333	256
16.34167	255
16.35000	254
16.35833	254
16.36667	255
16.37500	257
16.38333	260
16.39167	265
16.40000	270
16.40833	276
16.41667	283
16.42500	292
16.43333	302
16.44167	313
16.45000	326
16.45833	340
16.46667	355
16.47500	372
16.48333	389
16.49167	408
16.50000	428
16.50833	450
16.51667	472
16.52500	495
16.53333	520
16.54167	545
16.55000	570
16.55833	596
16.56667	621
16.57500	647
16.58333	672
16.59167	696
16.60000	719
16.60833	741
16.61667	762
16.62500	781
16.63333	798
16.64167	812
16.65000	824
16.65833	833
16.66667	839
16.67500	843
16.68333	843
16.69167	841
16.70000	836
16.70833	828
16.71667	817
16.72500	803
16.73333	788
16.74167	770
16.75000	750
16.75833	728
16.76667	705
16.77500	681
16.78333	656
16.79167	630
16.80000	604
16.80833	578
16.81667	551
16.82500	525
16.83333	500
16.84167	475
16.85000	451
16.85833	428
16.86667	406
16.87500	384
16.88333	364
16.89167	344
16.90000	326
16.90833	309
16.91667	293
16.92500	278
16.93333	264
16.94167	250
16.95000	238
16.95833	226
16.96667	215
16.97500	205
16.98333	196
16.99167	187
17.00000	178
17.00833	170
17.01667	163
17.02500	157
17.03333	150
17.04167	144
17.05000	139
17.05833	133
17.06667	128
17.07500	123
17.08333	119
17.09167	114
17.10000	111
17.10833	107
17.11667	103
17.12500	100
17.13333	96
17.14167	93
17.15000	90
17.15833	87
17.16667	84
17.17500	81
17.18333	78
17.19167	75
17.20000	73
17.20833	71
17.21667	68
17.22500	66
17.23333	64
17.24167	62
17.25000	60
17.25833	59
17.26667	57
17.27500	55
17.28333	53
17.29167	52
17.30000	50
17.30833	48
17.31667	47
17.32500	45
17.33333	45
17.34167	44
17.35000	43
17.35833	42
17.36667	41
17.37500	40
17.38333	39
17.39167	38
17.40000	37
17.40833	37
17.41667	36
17.42500	36
17.43333	36
17.44167	36
17.45000	36
17.45833	35
17.46667	35
17.47500	36
17.48333	36
17.49167	37
17.50000	38
17.50833	38
17.51667	39
17.52500	39
17.53333	40
17.54167	41
17.55000	42
17.55833	43
17.56667	44
17.57500	45
17.58333	47
17.59167	48
17.60000	50
17.60833	52
17.61667	54
17.62500	56
17.63333	58
17.64167	61
17.65000	64
17.65833	67
17.66667	71
17.67500	75
17.68333	80
17.69167	85
17.70000	91
17.70833	97
17.71667	104
17.72500	112
17.73333	120
17.74167	129
17.75000	140
17.75833	151
17.76667	162
17.77500	176
17.78333	191
17.79167	207
17.80000	225
17.80833	245
17.81667	267
17.82500	292
17.83333	318
17.84167	348
17.85000	381
17.85833	418
17.86667	458
17.87500	502
17.88333	550
17.89167	602
17.90000	659
17.90833	722
17.91667	790
17.92500	864
17.93333	944
17.94167	1030
17.95000	1122
17.95833	1219
17.96667	1323
17.97500	1433
17.98333	1548
17.99167	1668
18.00000	1792
18.00833	1920
18.01667	2050
18.02500	2182
18.03333	2316
18.04167	2448
18.05000	2579
18.05833	2707
18.06667	2830
18.07500	2949
18.08333	3061
18.09167	3165
18.10000	3259
18.10833	3344
18.11667	3416
18.12500	3477
18.13333	3526
18.14167	3561
18.15000	3582
18.15833	3590
18.16667	3584
18.17500	3564
18.18333	3531
18.19167	3486
18.20000	3429
18.20833	3361
18.21667	3283
18.22500	3196
18.23333	3101
18.24167	2999
18.25000	2890
18.25833	2778
18.26667	2662
18.27500	2543
18.28333	2423
18.29167	2303
18.30000	2184
18.30833	2065
18.31667	1949
18.32500	1835
18.33333	1725
18.34167	1618
18.35000	1516
18.35833	1418
18.36667	1324
18.37500	1236
18.38333	1152
18.39167	1073
18.40000	999
18.40833	929
18.41667	864
18.42500	804
18.43333	748
18.44167	696
18.45000	647
18.45833	602
18.46667	560
18.47500	521
18.48333	486
18.49167	454
18.50000	424
18.50833	397
18.51667	372
18.52500	349
18.53333	328
18.54167	309
18.55000	292
18.55833	276
18.56667	262
18.57500	249
18.58333	237
18.59167	226
18.60000	217
18.60833	208
18.61667	201
18.62500	195
18.63333	189
18.64167	184
18.65000	181
18.65833	178
18.66667	177
18.67500	176
18.68333	176
18.69167	177
18.70000	179
18.70833	181
18.71667	185
18.72500	189
18.73333	193
18.74167	198
18.75000	204
18.75833	211
18.76667	219
18.77500	227
18.78333	236
18.79167	245
18.80000	254
18.80833	264
18.81667	274
18.82500	284
18.83333	293
18.84167	302
18.85000	311
18.85833	320
18.86667	329
18.87500	337
18.88333	345
18.89167	352
18.90000	358
18.90833	363
18.91667	368
18.92500	371
18.93333	374
18.94167	375
18.95000	376
18.95833	375
18.96667	373
18.97500	370
18.98333	367
18.99167	363
19.00000	358
19.00833	352
19.01667	344
19.02500	336
19.03333	328
19.04167	319
19.05000	309
19.05833	299
19.06667	289
19.07500	278
19.08333	267
19.09167	256
19.10000	245
19.10833	234
19.11667	224
19.12500	213
19.13333	203
19.14167	193
19.15000	184
19.15833	175
19.16667	166
19.17500	157
19.18333	149
19.19167	142
19.20000	134
19.20833	127
19.21667	120
19.22500	114
19.23333	109
19.24167	104
19.25000	99
19.25833	95
19.26667	91
19.27500	87
19.28333	84
19.29167	80
19.30000	77
19.30833	74
19.31667	71
19.32500	69
19.33333	67
19.34167	65
19.35000	64
19.35833	63
19.36667	62
19.37500	61
19.38333	60
19.39167	60
19.40000	59
19.40833	58
19.41667	57
19.42500	57
19.43333	57
19.44167	56
19.45000	56
19.45833	56
19.46667	55
19.47500	55
19.48333	54
19.49167	54
19.50000	53
19.50833	53
19.51667	53
19.52500	53
19.53333	53
19.54167	53
19.55000	53
19.55833	53
19.56667	52
19.57500	52
19.58333	51
19.59167	51
19.60000	51
19.60833	51
19.61667	50
19.62500	51
19.63333	50
19.64167	50
19.65000	49
19.65833	49
19.66667	48
19.67500	48
19.68333	48
19.69167	47
19.70000	47
19.70833	46
19.71667	46
19.72500	46
19.73333	45
19.74167	45
19.75000	45
19.75833	45
19.76667	44
19.77500	44
19.78333	43
19.79167	43
19.80000	43
19.80833	42
19.81667	42
19.82500	42
19.83333	42
19.84167	42
19.85000	41
19.85833	41
19.86667	41
19.87500	40
19.88333	40
19.89167	40
19.90000	40
19.90833	40
19.91667	39
19.92500	39
19.93333	39
19.94167	38
19.95000	38
19.95833	38
19.96667	37
19.97500	37
19.98333	37
19.99167	36
20.00000	36
20.00833	35
20.01667	35
20.02500	35
20.03333	35
20.04167	35
20.05000	34
20.05833	34
20.06667	34
20.07500	34
20.08333	34
20.09167	34
20.10000	34
20.10833	34
20.11667	34
20.12500	35
20.13333	35
20.14167	35
20.15000	35
20.15833	35
20.16667	35
20.17500	35
20.18333	35
20.19167	36
20.20000	36
20.20833	37
20.21667	37
20.22500	37
20.23333	38
20.24167	38
20.25000	38
20.25833	39
20.26667	39
20.27500	40
20.28333	40
20.29167	41
20.30000	42
20.30833	42
20.31667	44
20.32500	45
20.33333	46
20.34167	47
20.35000	49
20.35833	51
20.36667	52
20.37500	54
20.38333	56
20.39167	58
20.40000	60
20.40833	62
20.41667	64
20.42500	67
20.43333	70
20.44167	73
20.45000	76
20.45833	79
20.46667	83
20.47500	87
20.48333	91
20.49167	95
20.50000	100
20.50833	106
20.51667	112
20.52500	118
20.53333	124
20.54167	131
20.55000	139
20.55833	147
20.56667	155
20.57500	165
20.58333	175
20.59167	186
20.60000	198
20.60833	211
20.61667	225
20.62500	240
20.63333	256
20.64167	273
20.65000	291
20.65833	310
20.66667	330
20.67500	352
20.68333	375
20.69167	400
20.70000	425
20.70833	452
20.71667	481
20.72500	511
20.73333	542
20.74167	574
20.75000	608
20.75833	643
20.76667	679
20.77500	716
20.78333	754
20.79167	792
20.80000	831
20.80833	869
20.81667	908
20.82500	947
20.83333	987
20.84167	1026
20.85000	1064
20.85833	1102
20.86667	1140
20.87500	1177
20.88333	1213
20.89167	1249
20.90000	1284
20.90833	1317
20.91667	1350
20.92500	1381
20.93333	1411
20.94167	1441
20.95000	1469
20.95833	1497
20.96667	1524
20.97500	1551
20.98333	1577
20.99167	1603
21.00000	1630
21.00833	1656
21.01667	1683
21.02500	1711
21.03333	1739
21.04167	1769
21.05000	1801
21.05833	1835
21.06667	1871
21.07500	1910
21.08333	1952
21.09167	1997
21.10000	2046
21.10833	2100
21.11667	2159
21.12500	2223
21.13333	2294
21.14167	2371
21.15000	2455
21.15833	2548
21.16667	2649
21.17500	2759
21.18333	2880
21.19167	3011
21.20000	3153
21.20833	3307
21.21667	3474
21.22500	3654
21.23333	3848
21.24167	4056
21.25000	4279
21.25833	4516
21.26667	4768
21.27500	5036
21.28333	5318
21.29167	5615
21.30000	5926
21.30833	6251
21.31667	6589
21.32500	6939
21.33333	7299
21.34167	7669
21.35000	8047
21.35833	8431
21.36667	8819
21.37500	9210
21.38333	9600
21.39167	9989
21.40000	10373
21.40833	10751
21.41667	11118
21.42500	11474
21.43333	11815
21.44167	12139
21.45000	12445
21.45833	12730
21.46667	12991
21.47500	13227
21.48333	13436
21.49167	13617
21.50000	13768
21.50833	13889
21.51667	13978
21.52500	14036
21.53333	14061
21.54167	14054
21.55000	14016
21.55833	13946
21.56667	13846
21.57500	13717
21.58333	13559
21.59167	13375
21.60000	13165
21.60833	12932
21.61667	12677
21.62500	12401
21.63333	12108
21.64167	11799
21.65000	11476
21.65833	11140
21.66667	10795
21.67500	10442
21.68333	10084
21.69167	9721
21.70000	9357
21.70833	8992
21.71667	8628
21.72500	8266
21.73333	7909
21.74167	7556
21.75000	7210
21.75833	6872
21.76667	6541
21.77500	6219
21.78333	5906
21.79167	5604
21.80000	5313
21.80833	5032
21.81667	4763
21.82500	4505
21.83333	4257
21.84167	4020
21.85000	3795
21.85833	3580
21.86667	3375
21.87500	3181
21.88333	2997
21.89167	2822
21.90000	2658
21.90833	2502
21.91667	2355
21.92500	2216
21.93333	2085
21.94167	1962
21.95000	1846
21.95833	1737
21.96667	1635
21.97500	1539
21.98333	1448
21.99167	1362
22.00000	1282
22.00833	1208
22.01667	1138
22.02500	1072
22.03333	1011
22.04167	954
22.05000	902
22.05833	852
22.06667	806
22.07500	763
22.08333	723
22.09167	685
22.10000	651
22.10833	619
22.11667	590
22.12500	563
22.13333	538
22.14167	515
22.15000	494
22.15833	475
22.16667	457
22.17500	441
22.18333	427
22.19167	414
22.20000	402
22.20833	392
22.21667	383
22.22500	375
22.23333	367
22.24167	360
22.25000	355
22.25833	349
22.26667	345
22.27500	341
22.28333	337
22.29167	334
22.30000	331
22.30833	328
22.31667	325
22.32500	323
22.33333	321
22.34167	318
22.35000	316
22.35833	314
22.36667	312
22.37500	309
22.38333	306
22.39167	303
22.40000	300
22.40833	296
22.41667	292
22.42500	288
22.43333	284
22.44167	279
22.45000	274
22.45833	269
22.46667	264
22.47500	259
22.48333	253
22.49167	247
22.50000	240
22.50833	234
22.51667	227
22.52500	219
22.53333	212
22.54167	204
22.55000	196
22.55833	187
22.56667	179
22.57500	171
22.58333	162
22.59167	154
22.60000	145
22.60833	137
22.61667	128
22.62500	120
22.63333	111
22.64167	103
22.65000	94
22.65833	85
22.66667	77
22.67500	69
22.68333	61
22.69167	53
22.70000	46
22.70833	38
22.71667	31
22.72500	25
22.73333	18
22.74167	11
22.75000	5
22.75833	0
22.76667	-4
22.77500	-9
22.78333	-14
22.79167	-18
22.80000	-22
22.80833	-25
22.81667	-28
22.82500	-31
22.83333	-33
22.84167	-35
22.85000	-37
22.85833	-39
22.86667	-40
22.87500	-41
22.88333	-41
22.89167	-41
22.90000	-40
22.90833	-39
22.91667	-38
22.92500	-37
22.93333	-36
22.94167	-34
22.95000	-32
22.95833	-30
22.96667	-28
22.97500	-26
22.98333	-23
22.99167	-21
23.00000	-18
23.00833	-15
23.01667	-13
23.02500	-10
23.03333	-7
23.04167	-4
23.05000	-2
23.05833	1
23.06667	4
23.07500	7
23.08333	10
23.09167	12
23.10000	15
23.10833	17
23.11667	19
23.12500	21
23.13333	23
23.14167	25
23.15000	26
23.15833	28
23.16667	29
23.17500	30
23.18333	31
23.19167	33
23.20000	34
23.20833	35
23.21667	36
23.22500	37
23.23333	38
23.24167	39
23.25000	39
23.25833	40
23.26667	40
23.27500	41
23.28333	41
23.29167	41
23.30000	41
23.30833	40
23.31667	40
23.32500	40
23.33333	39
23.34167	39
23.35000	38
23.35833	38
23.36667	38
23.37500	38
23.38333	37
23.39167	37
23.40000	37
23.40833	36
23.41667	36
23.42500	35
23.43333	35
23.44167	35
23.45000	35
23.45833	34
23.46667	33
23.47500	33
23.48333	32
23.49167	31
23.50000	31
23.50833	30
23.51667	30
23.52500	30
23.53333	30
23.54167	30
23.55000	30
23.55833	29
23.56667	29
23.57500	29
23.58333	29
23.59167	29
23.60000	30
23.60833	30
23.61667	30
23.62500	30
23.63333	30
23.64167	30
23.65000	29
23.65833	29
23.66667	29
23.67500	29
23.68333	29
23.69167	30
23.70000	30
23.70833	31
23.71667	31
23.72500	31
23.73333	31
23.74167	32
23.75000	32
23.75833	32
23.76667	32
23.77500	32
23.78333	33
23.79167	33
23.80000	34
23.80833	34
23.81667	35
23.82500	35
23.83333	35
23.84167	36
23.85000	36
23.85833	36
23.86667	36
23.87500	36
23.88333	37
23.89167	37
23.90000	37
23.90833	38
23.91667	38
23.92500	38
23.93333	39
23.94167	39
23.95000	39
23.95833	39
23.96667	39
23.97500	39
23.98333	38
23.99167	38
24.00000	39
24.00833	39
24.01667	39
24.02500	39
24.03333	40
24.04167	40
24.05000	40
24.05833	40
24.06667	40
24.07500	40
24.08333	40
24.09167	40
24.10000	41
24.10833	41
24.11667	40
24.12500	40
24.13333	40
24.14167	40
24.15000	39
24.15833	39
24.16667	38
24.17500	37
24.18333	37
24.19167	36
24.20000	35
24.20833	34
24.21667	33
24.22500	33
24.23333	32
24.24167	31
24.25000	29
24.25833	28
24.26667	27
24.27500	25
24.28333	23
24.29167	21
24.30000	20
24.30833	18
24.31667	16
24.32500	14
24.33333	13
24.34167	11
24.35000	9
24.35833	8
24.36667	6
24.37500	5
24.38333	3
24.39167	2
24.40000	1
24.40833	-0
24.41667	-2
24.42500	-3
24.43333	-5
24.44167	-6
24.45000	-7
24.45833	-8
24.46667	-9
24.47500	-10
24.48333	-11
24.49167	-12
24.50000	-12
24.50833	-13
24.51667	-13
24.52500	-14
24.53333	-14
24.54167	-14
24.55000	-14
24.55833	-15
24.56667	-15
24.57500	-15
24.58333	-15
24.59167	-15
24.60000	-15
24.60833	-15
24.61667	-15
24.62500	-15
24.63333	-14
24.64167	-14
24.65000	-13
24.65833	-13
24.66667	-12
24.67500	-12
24.68333	-12
24.69167	-11
24.70000	-11
24.70833	-11
24.71667	-10
24.72500	-10
24.73333	-9
24.74167	-8
24.75000	-7
24.75833	-6
24.76667	-6
24.77500	-5
24.78333	-5
24.79167	-4
24.80000	-4
24.80833	-3
24.81667	-2
24.82500	-1
24.83333	-1
24.84167	-1
24.85000	-0
24.85833	0
24.86667	1
24.87500	1
24.88333	2
24.89167	3
24.90000	3
24.90833	4
24.91667	4
24.92500	5
24.93333	6
24.94167	6
24.95000	7
24.95833	7
24.96667	7
24.97500	8
24.98333	8
24.99167	8
25.00000	8
25.00833	9
25.01667	9
25.02500	10
25.03333	11
25.04167	11
25.05000	12
25.05833	13
25.06667	13
25.07500	13
25.08333	14
25.09167	14
25.10000	14
25.10833	14
25.11667	15
25.12500	15
25.13333	16
25.14167	16
25.15000	16
25.15833	16
25.16667	17
25.17500	17
25.18333	18
25.19167	18
25.20000	18
25.20833	18
25.21667	18
25.22500	18
25.23333	18
25.24167	18
25.25000	18
25.25833	19
25.26667	19
25.27500	20
25.28333	20
25.29167	21
25.30000	21
25.30833	21
25.31667	22
25.32500	23
25.33333	23
25.34167	23
25.35000	23
25.35833	24
25.36667	24
25.37500	25
25.38333	25
25.39167	26
25.40000	27
25.40833	27
25.41667	28
25.42500	28
25.43333	29
25.44167	30
25.45000	30
25.45833	31
25.46667	32
25.47500	33
25.48333	34
25.49167	35
25.50000	36
25.50833	36
25.51667	37
25.52500	38
25.53333	39
25.54167	40
25.55000	41
25.55833	42
25.56667	43
25.57500	45
25.58333	46
25.59167	48
25.60000	49
25.60833	50
25.61667	51
25.62500	52
25.63333	53
25.64167	53
25.65000	54
25.65833	55
25.66667	56
25.67500	58
25.68333	59
25.69167	61
25.70000	62
25.70833	64
25.71667	65
25.72500	66
25.73333	67
25.74167	69
25.75000	70
25.75833	71
25.76667	72
25.77500	73
25.78333	74
25.79167	76
25.80000	77
25.80833	79
25.81667	80
25.82500	81
25.83333	83
25.84167	84
25.85000	85
25.85833	87
25.86667	88
25.87500	90
25.88333	91
25.89167	93
25.90000	94
25.90833	96
25.91667	97
25.92500	99
25.93333	101
25.94167	103
25.95000	106
25.95833	109
25.96667	111
25.97500	114
25.98333	117
25.99167	120
26.00000	123
26.00833	126
26.01667	129
26.02500	133
26.03333	136
26.04167	140
26.05000	144
26.05833	149
26.06667	154
26.07500	159
26.08333	165
26.09167	171
26.10000	177
26.10833	184
26.11667	191
26.12500	198
26.13333	206
26.14167	214
26.15000	223
26.15833	232
26.16667	243
26.17500	254
26.18333	265
26.19167	277
26.20000	289
26.20833	302
26.21667	315
26.22500	329
26.23333	344
26.24167	360
26.25000	376
26.25833	393
26.26667	410
26.27500	428
26.28333	447
26.29167	467
26.30000	487
26.30833	508
26.31667	529
26.32500	550
26.33333	572
26.34167	594
26.35000	617
26.35833	639
26.36667	662
26.37500	685
26.38333	708
26.39167	731
26.40000	754
26.40833	776
26.41667	798
26.42500	819
26.43333	839
26.44167	859
26.45000	878
26.45833	896
26.46667	913
26.47500	929
26.48333	944
26.49167	957
26.50000	969
26.50833	979
26.51667	988
26.52500	995
26.53333	1001
26.54167	1004
26.55000	1006
26.55833	1007
26.56667	1006
26.57500	1003
26.58333	998
26.59167	992
26.60000	984
26.60833	975
26.61667	964
26.62500	952
26.63333	938
26.64167	923
26.65000	907
26.65833	890
26.66667	872
26.67500	853
26.68333	833
26.69167	813
26.70000	791
26.70833	770
26.71667	748
26.72500	726
26.73333	704
26.74167	682
26.75000	660
26.75833	637
26.76667	616
26.77500	594
26.78333	572
26.79167	551
26.80000	530
26.80833	509
26.81667	489
26.82500	470
26.83333	451
26.84167	433
26.85000	415
26.85833	398
26.86667	381
26.87500	366
26.88333	350
26.89167	336
26.90000	322
26.90833	308
26.91667	296
26.92500	284
26.93333	273
26.94167	263
26.95000	252
26.95833	241
26.96667	231
26.97500	222
26.98333	213
26.99167	206
27.00000	198
27.00833	192
27.01667	185
27.02500	179
27.03333	173
27.04167	168
27.05000	163
27.05833	158
27.06667	153
27.07500	148
27.08333	144
27.09167	140
27.10000	136
27.10833	132
27.11667	129
27.12500	125
27.13333	122
27.14167	119
27.15000	116
27.15833	113
27.16667	110
27.17500	106
27.18333	104
27.19167	101
27.20000	98
27.20833	96
27.21667	94
27.22500	92
27.23333	90
27.24167	88
27.25000	86
27.25833	84
27.26667	82
27.27500	81
27.28333	79
27.29167	78
27.30000	76
27.30833	74
27.31667	73
27.32500	71
27.33333	70
27.34167	69
27.35000	68
27.35833	67
27.36667	66
27.37500	65
27.38333	63
27.39167	62
27.40000	61
27.40833	61
27.41667	59
27.42500	58
27.43333	57
27.44167	57
27.45000	56
27.45833	55
27.46667	55
27.47500	54
27.48333	53
27.49167	53
27.50000	52
27.50833	52
27.51667	51
27.52500	51
27.53333	51
27.54167	50
27.55000	50
27.55833	50
27.56667	50
27.57500	50
27.58333	50
27.59167	50
27.60000	50
27.60833	50
27.61667	50
27.62500	50
27.63333	50
27.64167	50
27.65000	50
27.65833	50
27.66667	50
27.67500	50
27.68333	50
27.69167	50
27.70000	50
27.70833	50
27.71667	50
27.72500	50
27.73333	50
27.74167	50
27.75000	50
27.75833	50
27.76667	49
27.77500	49
27.78333	49
27.79167	49
27.80000	49
27.80833	49
27.81667	49
27.82500	49
27.83333	49
27.84167	48
27.85000	48
27.85833	48
27.86667	47
27.87500	47
27.88333	47
27.89167	47
27.90000	47
27.90833	47
27.91667	47
27.92500	47
27.93333	47
27.94167	47
27.95000	46
27.95833	46
27.96667	46
27.97500	46
27.98333	46
27.99167	46
28.00000	46

