R.Time (min)	Intensity
0.00000	-18
0.00833	-18
0.01667	-7
0.02500	-0
0.03333	-0
0.04167	-1
0.05000	-1
0.05833	-1
0.06667	-2
0.07500	-2
0.08333	-2
0.09167	-2
0.10000	-2
0.10833	-2
0.11667	-2
0.12500	-2
0.13333	-2
0.14167	-2
0.15000	-2
0.15833	-1
0.16667	-1
0.17500	-1
0.18333	-1
0.19167	-1
0.20000	-1
0.20833	-1
0.21667	-1
0.22500	-1
0.23333	-1
0.24167	-1
0.25000	-1
0.25833	-1
0.26667	-1
0.27500	-1
0.28333	-1
0.29167	-1
0.30000	-1
0.30833	-2
0.31667	-2
0.32500	-3
0.33333	-2
0.34167	-2
0.35000	-3
0.35833	-3
0.36667	-3
0.37500	-3
0.38333	-3
0.39167	-4
0.40000	-4
0.40833	-4
0.41667	-4
0.42500	-4
0.43333	-4
0.44167	-4
0.45000	-5
0.45833	-5
0.46667	-6
0.47500	-6
0.48333	-6
0.49167	-6
0.50000	-6
0.50833	-6
0.51667	-7
0.52500	-7
0.53333	-7
0.54167	-7
0.55000	-7
0.55833	-7
0.56667	-7
0.57500	-7
0.58333	-7
0.59167	-7
0.60000	-7
0.60833	-7
0.61667	-8
0.62500	-8
0.63333	-8
0.64167	-8
0.65000	-8
0.65833	-8
0.66667	-8
0.67500	-9
0.68333	-8
0.69167	-9
0.70000	-9
0.70833	-10
0.71667	-10
0.72500	-10
0.73333	-10
0.74167	-10
0.75000	-11
0.75833	-11
0.76667	-11
0.77500	-12
0.78333	-12
0.79167	-12
0.80000	-13
0.80833	-13
0.81667	-13
0.82500	-14
0.83333	-14
0.84167	-15
0.85000	-15
0.85833	-15
0.86667	-15
0.87500	-15
0.88333	-15
0.89167	-14
0.90000	-14
0.90833	-14
0.91667	-14
0.92500	-14
0.93333	-14
0.94167	-14
0.95000	-14
0.95833	-14
0.96667	-13
0.97500	-13
0.98333	-13
0.99167	-13
1.00000	-13
1.00833	-13
1.01667	-13
1.02500	-13
1.03333	-13
1.04167	-13
1.05000	-13
1.05833	-13
1.06667	-14
1.07500	-14
1.08333	-14
1.09167	-14
1.10000	-14
1.10833	-15
1.11667	-15
1.12500	-16
1.13333	-16
1.14167	-16
1.15000	-16
1.15833	-16
1.16667	-16
1.17500	-16
1.18333	-16
1.19167	-15
1.20000	-15
1.20833	-15
1.21667	-15
1.22500	-15
1.23333	-15
1.24167	-15
1.25000	-15
1.25833	-14
1.26667	-14
1.27500	-14
1.28333	-13
1.29167	-13
1.30000	-13
1.30833	-13
1.31667	-13
1.32500	-13
1.33333	-13
1.34167	-13
1.35000	-13
1.35833	-13
1.36667	-13
1.37500	-13
1.38333	-14
1.39167	-14
1.40000	-14
1.40833	-14
1.41667	-14
1.42500	-15
1.43333	-16
1.44167	-16
1.45000	-17
1.45833	-17
1.46667	-17
1.47500	-17
1.48333	-17
1.49167	-18
1.50000	-18
1.50833	-18
1.51667	-18
1.52500	-18
1.53333	-18
1.54167	-17
1.55000	-17
1.55833	-17
1.56667	-17
1.57500	-17
1.58333	-17
1.59167	-17
1.60000	-17
1.60833	-17
1.61667	-17
1.62500	-17
1.63333	-17
1.64167	-17
1.65000	-16
1.65833	-16
1.66667	-16
1.67500	-17
1.68333	-17
1.69167	-17
1.70000	-16
1.70833	-16
1.71667	-16
1.72500	-16
1.73333	-16
1.74167	-16
1.75000	-16
1.75833	-16
1.76667	-16
1.77500	-15
1.78333	-15
1.79167	-15
1.80000	-15
1.80833	-14
1.81667	-14
1.82500	-14
1.83333	-14
1.84167	-14
1.85000	-14
1.85833	-14
1.86667	-13
1.87500	-13
1.88333	-14
1.89167	-14
1.90000	-14
1.90833	-14
1.91667	-14
1.92500	-14
1.93333	-14
1.94167	-14
1.95000	-14
1.95833	-14
1.96667	-14
1.97500	-15
1.98333	-15
1.99167	-15
2.00000	-15
2.00833	-14
2.01667	-15
2.02500	-15
2.03333	-15
2.04167	-15
2.05000	-15
2.05833	-15
2.06667	-15
2.07500	-16
2.08333	-16
2.09167	-16
2.10000	-16
2.10833	-16
2.11667	-16
2.12500	-16
2.13333	-16
2.14167	-16
2.15000	-16
2.15833	-15
2.16667	-15
2.17500	-14
2.18333	-14
2.19167	-13
2.20000	-12
2.20833	-11
2.21667	-10
2.22500	-10
2.23333	-8
2.24167	-7
2.25000	-7
2.25833	-6
2.26667	-5
2.27500	-5
2.28333	-5
2.29167	-4
2.30000	-4
2.30833	-3
2.31667	-2
2.32500	-1
2.33333	0
2.34167	1
2.35000	2
2.35833	3
2.36667	4
2.37500	5
2.38333	7
2.39167	8
2.40000	9
2.40833	11
2.41667	13
2.42500	15
2.43333	17
2.44167	20
2.45000	22
2.45833	25
2.46667	28
2.47500	32
2.48333	35
2.49167	38
2.50000	42
2.50833	45
2.51667	49
2.52500	53
2.53333	57
2.54167	61
2.55000	66
2.55833	71
2.56667	76
2.57500	82
2.58333	89
2.59167	95
2.60000	101
2.60833	108
2.61667	115
2.62500	123
2.63333	131
2.64167	140
2.65000	149
2.65833	158
2.66667	168
2.67500	178
2.68333	188
2.69167	199
2.70000	211
2.70833	224
2.71667	237
2.72500	250
2.73333	265
2.74167	280
2.75000	296
2.75833	313
2.76667	331
2.77500	350
2.78333	369
2.79167	389
2.80000	411
2.80833	434
2.81667	458
2.82500	483
2.83333	510
2.84167	538
2.85000	568
2.85833	600
2.86667	633
2.87500	668
2.88333	704
2.89167	742
2.90000	782
2.90833	824
2.91667	868
2.92500	913
2.93333	960
2.94167	1009
2.95000	1061
2.95833	1115
2.96667	1171
2.97500	1229
2.98333	1289
2.99167	1352
3.00000	1416
3.00833	1483
3.01667	1552
3.02500	1624
3.03333	1697
3.04167	1773
3.05000	1850
3.05833	1928
3.06667	2008
3.07500	2090
3.08333	2173
3.09167	2257
3.10000	2343
3.10833	2429
3.11667	2515
3.12500	2602
3.13333	2689
3.14167	2776
3.15000	2862
3.15833	2948
3.16667	3034
3.17500	3118
3.18333	3201
3.19167	3281
3.20000	3360
3.20833	3437
3.21667	3511
3.22500	3582
3.23333	3649
3.24167	3714
3.25000	3774
3.25833	3831
3.26667	3883
3.27500	3930
3.28333	3973
3.29167	4011
3.30000	4044
3.30833	4071
3.31667	4094
3.32500	4111
3.33333	4123
3.34167	4128
3.35000	4128
3.35833	4123
3.36667	4112
3.37500	4096
3.38333	4074
3.39167	4047
3.40000	4014
3.40833	3977
3.41667	3934
3.42500	3887
3.43333	3836
3.44167	3780
3.45000	3720
3.45833	3657
3.46667	3590
3.47500	3520
3.48333	3447
3.49167	3372
3.50000	3294
3.50833	3214
3.51667	3132
3.52500	3048
3.53333	2964
3.54167	2879
3.55000	2793
3.55833	2706
3.56667	2620
3.57500	2533
3.58333	2447
3.59167	2361
3.60000	2276
3.60833	2192
3.61667	2108
3.62500	2025
3.63333	1944
3.64167	1864
3.65000	1786
3.65833	1710
3.66667	1636
3.67500	1564
3.68333	1494
3.69167	1426
3.70000	1360
3.70833	1297
3.71667	1235
3.72500	1176
3.73333	1120
3.74167	1065
3.75000	1012
3.75833	962
3.76667	914
3.77500	868
3.78333	824
3.79167	783
3.80000	744
3.80833	706
3.81667	671
3.82500	638
3.83333	607
3.84167	577
3.85000	549
3.85833	523
3.86667	498
3.87500	475
3.88333	452
3.89167	432
3.90000	412
3.90833	395
3.91667	377
3.92500	361
3.93333	346
3.94167	332
3.95000	319
3.95833	306
3.96667	295
3.97500	284
3.98333	274
3.99167	265
4.00000	256
4.00833	247
4.01667	239
4.02500	231
4.03333	224
4.04167	216
4.05000	209
4.05833	203
4.06667	197
4.07500	192
4.08333	186
4.09167	181
4.10000	176
4.10833	171
4.11667	166
4.12500	162
4.13333	157
4.14167	152
4.15000	148
4.15833	144
4.16667	140
4.17500	136
4.18333	132
4.19167	128
4.20000	124
4.20833	121
4.21667	117
4.22500	114
4.23333	110
4.24167	107
4.25000	104
4.25833	100
4.26667	97
4.27500	94
4.28333	91
4.29167	88
4.30000	84
4.30833	81
4.31667	78
4.32500	74
4.33333	72
4.34167	68
4.35000	65
4.35833	62
4.36667	58
4.37500	55
4.38333	52
4.39167	49
4.40000	46
4.40833	44
4.41667	41
4.42500	40
4.43333	38
4.44167	36
4.45000	34
4.45833	33
4.46667	31
4.47500	30
4.48333	29
4.49167	28
4.50000	27
4.50833	26
4.51667	25
4.52500	25
4.53333	24
4.54167	23
4.55000	22
4.55833	21
4.56667	19
4.57500	18
4.58333	17
4.59167	16
4.60000	16
4.60833	15
4.61667	15
4.62500	14
4.63333	14
4.64167	14
4.65000	14
4.65833	14
4.66667	14
4.67500	14
4.68333	15
4.69167	15
4.70000	16
4.70833	17
4.71667	17
4.72500	18
4.73333	18
4.74167	19
4.75000	20
4.75833	20
4.76667	21
4.77500	21
4.78333	22
4.79167	22
4.80000	22
4.80833	22
4.81667	22
4.82500	22
4.83333	22
4.84167	22
4.85000	22
4.85833	23
4.86667	23
4.87500	24
4.88333	25
4.89167	26
4.90000	26
4.90833	27
4.91667	28
4.92500	29
4.93333	29
4.94167	30
4.95000	31
4.95833	32
4.96667	33
4.97500	34
4.98333	34
4.99167	34
5.00000	35
5.00833	35
5.01667	35
5.02500	35
5.03333	35
5.04167	35
5.05000	35
5.05833	35
5.06667	35
5.07500	34
5.08333	34
5.09167	34
5.10000	34
5.10833	35
5.11667	35
5.12500	36
5.13333	36
5.14167	36
5.15000	36
5.15833	36
5.16667	36
5.17500	36
5.18333	36
5.19167	36
5.20000	37
5.20833	37
5.21667	37
5.22500	37
5.23333	37
5.24167	37
5.25000	36
5.25833	36
5.26667	35
5.27500	34
5.28333	33
5.29167	33
5.30000	32
5.30833	31
5.31667	30
5.32500	30
5.33333	30
5.34167	30
5.35000	29
5.35833	28
5.36667	27
5.37500	27
5.38333	26
5.39167	26
5.40000	26
5.40833	26
5.41667	26
5.42500	25
5.43333	25
5.44167	25
5.45000	24
5.45833	23
5.46667	23
5.47500	22
5.48333	21
5.49167	20
5.50000	19
5.50833	19
5.51667	18
5.52500	17
5.53333	17
5.54167	15
5.55000	15
5.55833	14
5.56667	13
5.57500	13
5.58333	12
5.59167	12
5.60000	12
5.60833	13
5.61667	13
5.62500	13
5.63333	13
5.64167	13
5.65000	13
5.65833	13
5.66667	12
5.67500	12
5.68333	12
5.69167	11
5.70000	10
5.70833	9
5.71667	8
5.72500	8
5.73333	7
5.74167	7
5.75000	7
5.75833	6
5.76667	6
5.77500	5
5.78333	5
5.79167	5
5.80000	5
5.80833	4
5.81667	4
5.82500	5
5.83333	5
5.84167	5
5.85000	5
5.85833	5
5.86667	5
5.87500	5
5.88333	5
5.89167	5
5.90000	5
5.90833	5
5.91667	5
5.92500	4
5.93333	4
5.94167	3
5.95000	3
5.95833	2
5.96667	2
5.97500	2
5.98333	1
5.99167	1
6.00000	0
6.00833	-0
6.01667	-1
6.02500	-1
6.03333	-1
6.04167	-1
6.05000	-1
6.05833	-1
6.06667	-1
6.07500	-1
6.08333	-1
6.09167	-1
6.10000	-1
6.10833	-1
6.11667	-1
6.12500	-1
6.13333	-1
6.14167	-1
6.15000	-1
6.15833	-1
6.16667	-1
6.17500	-1
6.18333	-0
6.19167	-0
6.20000	-1
6.20833	-0
6.21667	-0
6.22500	-0
6.23333	0
6.24167	-0
6.25000	-1
6.25833	-1
6.26667	-2
6.27500	-2
6.28333	-2
6.29167	-2
6.30000	-2
6.30833	-2
6.31667	-2
6.32500	-2
6.33333	-2
6.34167	-2
6.35000	-1
6.35833	-1
6.36667	-1
6.37500	-0
6.38333	-0
6.39167	-0
6.40000	-0
6.40833	0
6.41667	-0
6.42500	-0
6.43333	-0
6.44167	-0
6.45000	-0
6.45833	-0
6.46667	-0
6.47500	-0
6.48333	-1
6.49167	-1
6.50000	-2
6.50833	-2
6.51667	-2
6.52500	-3
6.53333	-3
6.54167	-3
6.55000	-3
6.55833	-3
6.56667	-3
6.57500	-3
6.58333	-3
6.59167	-3
6.60000	-3
6.60833	-3
6.61667	-3
6.62500	-2
6.63333	-2
6.64167	-2
6.65000	-2
6.65833	-2
6.66667	-2
6.67500	-3
6.68333	-3
6.69167	-4
6.70000	-4
6.70833	-5
6.71667	-5
6.72500	-6
6.73333	-7
6.74167	-7
6.75000	-8
6.75833	-8
6.76667	-8
6.77500	-9
6.78333	-9
6.79167	-10
6.80000	-10
6.80833	-9
6.81667	-9
6.82500	-8
6.83333	-8
6.84167	-8
6.85000	-8
6.85833	-8
6.86667	-8
6.87500	-7
6.88333	-7
6.89167	-7
6.90000	-8
6.90833	-8
6.91667	-8
6.92500	-8
6.93333	-8
6.94167	-8
6.95000	-8
6.95833	-8
6.96667	-9
6.97500	-9
6.98333	-9
6.99167	-10
7.00000	-10
7.00833	-10
7.01667	-10
7.02500	-10
7.03333	-10
7.04167	-10
7.05000	-9
7.05833	-9
7.06667	-8
7.07500	-7
7.08333	-5
7.09167	-2
7.10000	1
7.10833	5
7.11667	9
7.12500	15
7.13333	22
7.14167	30
7.15000	41
7.15833	52
7.16667	66
7.17500	82
7.18333	100
7.19167	120
7.20000	142
7.20833	166
7.21667	191
7.22500	218
7.23333	246
7.24167	274
7.25000	302
7.25833	329
7.26667	354
7.27500	375
7.28333	390
7.29167	397
7.30000	395
7.30833	381
7.31667	356
7.32500	319
7.33333	274
7.34167	227
7.35000	186
7.35833	162
7.36667	172
7.37500	233
7.38333	365
7.39167	588
7.40000	924
7.40833	1391
7.41667	2006
7.42500	2782
7.43333	3724
7.44167	4832
7.45000	6101
7.45833	7514
7.46667	9045
7.47500	10660
7.48333	12315
7.49167	13956
7.50000	15523
7.50833	16950
7.51667	18175
7.52500	19139
7.53333	19798
7.54167	20120
7.55000	20098
7.55833	19741
7.56667	19078
7.57500	18156
7.58333	17030
7.59167	15761
7.60000	14410
7.60833	13033
7.61667	11679
7.62500	10385
7.63333	9179
7.64167	8079
7.65000	7095
7.65833	6227
7.66667	5472
7.67500	4822
7.68333	4268
7.69167	3798
7.70000	3400
7.70833	3064
7.71667	2781
7.72500	2539
7.73333	2333
7.74167	2155
7.75000	2001
7.75833	1865
7.76667	1744
7.77500	1636
7.78333	1539
7.79167	1450
7.80000	1367
7.80833	1291
7.81667	1220
7.82500	1153
7.83333	1090
7.84167	1031
7.85000	975
7.85833	921
7.86667	871
7.87500	823
7.88333	777
7.89167	734
7.90000	693
7.90833	655
7.91667	620
7.92500	588
7.93333	557
7.94167	530
7.95000	505
7.95833	484
7.96667	464
7.97500	447
7.98333	433
7.99167	422
8.00000	412
8.00833	404
8.01667	398
8.02500	392
8.03333	387
8.04167	382
8.05000	378
8.05833	372
8.06667	367
8.07500	361
8.08333	355
8.09167	348
8.10000	340
8.10833	332
8.11667	323
8.12500	315
8.13333	306
8.14167	296
8.15000	287
8.15833	278
8.16667	270
8.17500	261
8.18333	253
8.19167	246
8.20000	239
8.20833	232
8.21667	226
8.22500	221
8.23333	216
8.24167	212
8.25000	208
8.25833	205
8.26667	203
8.27500	201
8.28333	199
8.29167	197
8.30000	196
8.30833	195
8.31667	194
8.32500	193
8.33333	192
8.34167	192
8.35000	192
8.35833	192
8.36667	192
8.37500	191
8.38333	191
8.39167	190
8.40000	189
8.40833	189
8.41667	189
8.42500	188
8.43333	187
8.44167	185
8.45000	184
8.45833	183
8.46667	182
8.47500	180
8.48333	179
8.49167	178
8.50000	177
8.50833	176
8.51667	175
8.52500	174
8.53333	173
8.54167	173
8.55000	173
8.55833	172
8.56667	172
8.57500	172
8.58333	174
8.59167	176
8.60000	178
8.60833	182
8.61667	188
8.62500	194
8.63333	203
8.64167	214
8.65000	226
8.65833	241
8.66667	258
8.67500	278
8.68333	300
8.69167	324
8.70000	351
8.70833	379
8.71667	408
8.72500	437
8.73333	467
8.74167	496
8.75000	523
8.75833	549
8.76667	573
8.77500	594
8.78333	612
8.79167	626
8.80000	637
8.80833	645
8.81667	649
8.82500	652
8.83333	651
8.84167	649
8.85000	646
8.85833	642
8.86667	641
8.87500	641
8.88333	645
8.89167	653
8.90000	666
8.90833	686
8.91667	713
8.92500	749
8.93333	794
8.94167	849
8.95000	915
8.95833	991
8.96667	1077
8.97500	1173
8.98333	1278
8.99167	1389
9.00000	1506
9.00833	1627
9.01667	1749
9.02500	1868
9.03333	1984
9.04167	2092
9.05000	2191
9.05833	2279
9.06667	2353
9.07500	2413
9.08333	2456
9.09167	2482
9.10000	2491
9.10833	2482
9.11667	2456
9.12500	2415
9.13333	2360
9.14167	2292
9.15000	2214
9.15833	2128
9.16667	2034
9.17500	1936
9.18333	1835
9.19167	1732
9.20000	1630
9.20833	1530
9.21667	1433
9.22500	1339
9.23333	1251
9.24167	1167
9.25000	1090
9.25833	1018
9.26667	952
9.27500	892
9.28333	838
9.29167	789
9.30000	746
9.30833	708
9.31667	674
9.32500	645
9.33333	620
9.34167	599
9.35000	581
9.35833	567
9.36667	556
9.37500	549
9.38333	546
9.39167	546
9.40000	551
9.40833	560
9.41667	575
9.42500	597
9.43333	628
9.44167	668
9.45000	719
9.45833	785
9.46667	867
9.47500	970
9.48333	1097
9.49167	1253
9.50000	1443
9.50833	1671
9.51667	1944
9.52500	2266
9.53333	2642
9.54167	3076
9.55000	3573
9.55833	4135
9.56667	4764
9.57500	5457
9.58333	6214
9.59167	7030
9.60000	7898
9.60833	8810
9.61667	9755
9.62500	10722
9.63333	11697
9.64167	12665
9.65000	13611
9.65833	14520
9.66667	15378
9.67500	16171
9.68333	16887
9.69167	17516
9.70000	18050
9.70833	18484
9.71667	18816
9.72500	19045
9.73333	19174
9.74167	19209
9.75000	19157
9.75833	19027
9.76667	18830
9.77500	18577
9.78333	18280
9.79167	17953
9.80000	17607
9.80833	17253
9.81667	16904
9.82500	16568
9.83333	16255
9.84167	15973
9.85000	15729
9.85833	15526
9.86667	15369
9.87500	15261
9.88333	15204
9.89167	15198
9.90000	15245
9.90833	15341
9.91667	15487
9.92500	15680
9.93333	15919
9.94167	16199
9.95000	16520
9.95833	16878
9.96667	17269
9.97500	17690
9.98333	18139
9.99167	18613
10.00000	19107
10.00833	19619
10.01667	20144
10.02500	20681
10.03333	21222
10.04167	21763
10.05000	22293
10.05833	22797
10.06667	23255
10.07500	23641
10.08333	23919
10.09167	24051
10.10000	23998
10.10833	23725
10.11667	23207
10.12500	22435
10.13333	21418
10.14167	20185
10.15000	18778
10.15833	17251
10.16667	15660
10.17500	14063
10.18333	12506
10.19167	11031
10.20000	9665
10.20833	8424
10.21667	7318
10.22500	6346
10.23333	5501
10.24167	4775
10.25000	4156
10.25833	3632
10.26667	3189
10.27500	2816
10.28333	2503
10.29167	2238
10.30000	2015
10.30833	1826
10.31667	1665
10.32500	1527
10.33333	1407
10.34167	1304
10.35000	1212
10.35833	1132
10.36667	1059
10.37500	994
10.38333	935
10.39167	881
10.40000	831
10.40833	785
10.41667	743
10.42500	704
10.43333	667
10.44167	633
10.45000	602
10.45833	573
10.46667	546
10.47500	522
10.48333	501
10.49167	482
10.50000	465
10.50833	450
10.51667	438
10.52500	427
10.53333	418
10.54167	411
10.55000	406
10.55833	402
10.56667	398
10.57500	396
10.58333	394
10.59167	393
10.60000	391
10.60833	390
10.61667	389
10.62500	386
10.63333	383
10.64167	378
10.65000	373
10.65833	367
10.66667	360
10.67500	352
10.68333	343
10.69167	333
10.70000	323
10.70833	313
10.71667	302
10.72500	290
10.73333	279
10.74167	267
10.75000	255
10.75833	244
10.76667	233
10.77500	223
10.78333	214
10.79167	205
10.80000	197
10.80833	189
10.81667	182
10.82500	176
10.83333	171
10.84167	166
10.85000	161
10.85833	158
10.86667	154
10.87500	151
10.88333	149
10.89167	147
10.90000	145
10.90833	143
10.91667	141
10.92500	140
10.93333	139
10.94167	137
10.95000	136
10.95833	134
10.96667	133
10.97500	131
10.98333	129
10.99167	128
11.00000	126
11.00833	125
11.01667	124
11.02500	123
11.03333	122
11.04167	121
11.05000	120
11.05833	119
11.06667	119
11.07500	119
11.08333	120
11.09167	120
11.10000	121
11.10833	123
11.11667	125
11.12500	126
11.13333	128
11.14167	130
11.15000	132
11.15833	135
11.16667	138
11.17500	141
11.18333	144
11.19167	148
11.20000	152
11.20833	156
11.21667	159
11.22500	163
11.23333	167
11.24167	171
11.25000	175
11.25833	179
11.26667	184
11.27500	187
11.28333	191
11.29167	195
11.30000	198
11.30833	202
11.31667	205
11.32500	207
11.33333	209
11.34167	210
11.35000	211
11.35833	212
11.36667	212
11.37500	211
11.38333	211
11.39167	209
11.40000	207
11.40833	204
11.41667	201
11.42500	197
11.43333	194
11.44167	190
11.45000	187
11.45833	183
11.46667	180
11.47500	176
11.48333	172
11.49167	169
11.50000	164
11.50833	160
11.51667	156
11.52500	153
11.53333	151
11.54167	148
11.55000	145
11.55833	143
11.56667	141
11.57500	139
11.58333	138
11.59167	137
11.60000	136
11.60833	135
11.61667	134
11.62500	133
11.63333	132
11.64167	131
11.65000	131
11.65833	130
11.66667	130
11.67500	129
11.68333	129
11.69167	129
11.70000	128
11.70833	128
11.71667	129
11.72500	129
11.73333	129
11.74167	129
11.75000	129
11.75833	129
11.76667	129
11.77500	129
11.78333	128
11.79167	128
11.80000	127
11.80833	126
11.81667	125
11.82500	124
11.83333	122
11.84167	120
11.85000	118
11.85833	116
11.86667	114
11.87500	113
11.88333	111
11.89167	109
11.90000	108
11.90833	106
11.91667	104
11.92500	103
11.93333	101
11.94167	100
11.95000	98
11.95833	96
11.96667	94
11.97500	93
11.98333	92
11.99167	92
12.00000	91
12.00833	91
12.01667	91
12.02500	92
12.03333	93
12.04167	94
12.05000	95
12.05833	96
12.06667	97
12.07500	98
12.08333	99
12.09167	100
12.10000	101
12.10833	103
12.11667	104
12.12500	106
12.13333	107
12.14167	108
12.15000	109
12.15833	109
12.16667	110
12.17500	110
12.18333	110
12.19167	110
12.20000	110
12.20833	110
12.21667	109
12.22500	108
12.23333	107
12.24167	107
12.25000	106
12.25833	105
12.26667	104
12.27500	104
12.28333	103
12.29167	101
12.30000	100
12.30833	98
12.31667	97
12.32500	95
12.33333	93
12.34167	91
12.35000	89
12.35833	87
12.36667	85
12.37500	83
12.38333	82
12.39167	80
12.40000	79
12.40833	77
12.41667	75
12.42500	74
12.43333	72
12.44167	71
12.45000	69
12.45833	68
12.46667	67
12.47500	66
12.48333	65
12.49167	63
12.50000	63
12.50833	62
12.51667	61
12.52500	61
12.53333	60
12.54167	60
12.55000	59
12.55833	59
12.56667	59
12.57500	59
12.58333	60
12.59167	60
12.60000	60
12.60833	60
12.61667	61
12.62500	61
12.63333	62
12.64167	64
12.65000	64
12.65833	65
12.66667	66
12.67500	66
12.68333	67
12.69167	68
12.70000	69
12.70833	70
12.71667	70
12.72500	70
12.73333	71
12.74167	72
12.75000	73
12.75833	74
12.76667	75
12.77500	75
12.78333	76
12.79167	77
12.80000	77
12.80833	78
12.81667	79
12.82500	79
12.83333	79
12.84167	80
12.85000	80
12.85833	81
12.86667	82
12.87500	83
12.88333	84
12.89167	85
12.90000	87
12.90833	88
12.91667	90
12.92500	92
12.93333	93
12.94167	96
12.95000	98
12.95833	100
12.96667	102
12.97500	104
12.98333	107
12.99167	109
13.00000	112
13.00833	114
13.01667	117
13.02500	119
13.03333	122
13.04167	123
13.05000	125
13.05833	126
13.06667	127
13.07500	128
13.08333	128
13.09167	129
13.10000	129
13.10833	129
13.11667	129
13.12500	128
13.13333	127
13.14167	126
13.15000	125
13.15833	124
13.16667	123
13.17500	122
13.18333	120
13.19167	118
13.20000	117
13.20833	115
13.21667	114
13.22500	113
13.23333	112
13.24167	112
13.25000	111
13.25833	110
13.26667	109
13.27500	109
13.28333	108
13.29167	108
13.30000	108
13.30833	108
13.31667	108
13.32500	108
13.33333	109
13.34167	110
13.35000	110
13.35833	111
13.36667	112
13.37500	112
13.38333	113
13.39167	113
13.40000	114
13.40833	114
13.41667	115
13.42500	115
13.43333	116
13.44167	116
13.45000	117
13.45833	118
13.46667	119
13.47500	120
13.48333	121
13.49167	122
13.50000	122
13.50833	123
13.51667	124
13.52500	126
13.53333	127
13.54167	129
13.55000	131
13.55833	133
13.56667	136
13.57500	138
13.58333	141
13.59167	144
13.60000	148
13.60833	151
13.61667	156
13.62500	160
13.63333	165
13.64167	170
13.65000	176
13.65833	181
13.66667	187
13.67500	193
13.68333	200
13.69167	206
13.70000	213
13.70833	220
13.71667	226
13.72500	233
13.73333	239
13.74167	245
13.75000	252
13.75833	258
13.76667	264
13.77500	270
13.78333	276
13.79167	282
13.80000	288
13.80833	294
13.81667	300
13.82500	307
13.83333	314
13.84167	321
13.85000	328
13.85833	336
13.86667	345
13.87500	353
13.88333	362
13.89167	371
13.90000	381
13.90833	390
13.91667	399
13.92500	408
13.93333	417
13.94167	425
13.95000	432
13.95833	439
13.96667	444
13.97500	448
13.98333	451
13.99167	453
14.00000	453
14.00833	453
14.01667	451
14.02500	448
14.03333	443
14.04167	438
14.05000	432
14.05833	425
14.06667	417
14.07500	409
14.08333	400
14.09167	391
14.10000	382
14.10833	373
14.11667	365
14.12500	356
14.13333	347
14.14167	339
14.15000	332
14.15833	325
14.16667	318
14.17500	311
14.18333	305
14.19167	299
14.20000	294
14.20833	289
14.21667	284
14.22500	280
14.23333	277
14.24167	274
14.25000	272
14.25833	270
14.26667	268
14.27500	266
14.28333	264
14.29167	263
14.30000	262
14.30833	262
14.31667	261
14.32500	262
14.33333	262
14.34167	262
14.35000	263
14.35833	264
14.36667	264
14.37500	265
14.38333	266
14.39167	267
14.40000	269
14.40833	270
14.41667	271
14.42500	272
14.43333	273
14.44167	275
14.45000	276
14.45833	277
14.46667	278
14.47500	278
14.48333	279
14.49167	280
14.50000	281
14.50833	282
14.51667	283
14.52500	284
14.53333	285
14.54167	286
14.55000	286
14.55833	286
14.56667	286
14.57500	286
14.58333	286
14.59167	285
14.60000	285
14.60833	285
14.61667	284
14.62500	284
14.63333	283
14.64167	282
14.65000	281
14.65833	281
14.66667	280
14.67500	279
14.68333	279
14.69167	278
14.70000	276
14.70833	275
14.71667	273
14.72500	272
14.73333	270
14.74167	269
14.75000	267
14.75833	266
14.76667	265
14.77500	264
14.78333	262
14.79167	261
14.80000	260
14.80833	258
14.81667	257
14.82500	255
14.83333	254
14.84167	253
14.85000	251
14.85833	250
14.86667	249
14.87500	248
14.88333	247
14.89167	246
14.90000	245
14.90833	244
14.91667	243
14.92500	243
14.93333	242
14.94167	241
14.95000	241
14.95833	240
14.96667	240
14.97500	240
14.98333	240
14.99167	240
15.00000	240
15.00833	240
15.01667	241
15.02500	242
15.03333	243
15.04167	244
15.05000	245
15.05833	246
15.06667	247
15.07500	250
15.08333	252
15.09167	256
15.10000	259
15.10833	263
15.11667	268
15.12500	273
15.13333	278
15.14167	284
15.15000	291
15.15833	297
15.16667	305
15.17500	312
15.18333	319
15.19167	327
15.20000	334
15.20833	342
15.21667	350
15.22500	356
15.23333	363
15.24167	369
15.25000	374
15.25833	378
15.26667	382
15.27500	385
15.28333	387
15.29167	388
15.30000	388
15.30833	387
15.31667	385
15.32500	382
15.33333	378
15.34167	372
15.35000	366
15.35833	359
15.36667	351
15.37500	343
15.38333	334
15.39167	325
15.40000	316
15.40833	306
15.41667	296
15.42500	286
15.43333	276
15.44167	266
15.45000	257
15.45833	248
15.46667	239
15.47500	231
15.48333	223
15.49167	215
15.50000	208
15.50833	201
15.51667	194
15.52500	188
15.53333	182
15.54167	176
15.55000	170
15.55833	165
15.56667	160
15.57500	156
15.58333	151
15.59167	148
15.60000	144
15.60833	141
15.61667	138
15.62500	135
15.63333	133
15.64167	131
15.65000	129
15.65833	127
15.66667	125
15.67500	123
15.68333	122
15.69167	121
15.70000	120
15.70833	120
15.71667	119
15.72500	119
15.73333	118
15.74167	117
15.75000	117
15.75833	116
15.76667	116
15.77500	115
15.78333	115
15.79167	115
15.80000	115
15.80833	114
15.81667	114
15.82500	114
15.83333	115
15.84167	115
15.85000	115
15.85833	116
15.86667	117
15.87500	117
15.88333	118
15.89167	119
15.90000	121
15.90833	122
15.91667	124
15.92500	126
15.93333	128
15.94167	131
15.95000	134
15.95833	138
15.96667	143
15.97500	148
15.98333	153
15.99167	159
16.00000	166
16.00833	174
16.01667	182
16.02500	191
16.03333	200
16.04167	210
16.05000	220
16.05833	230
16.06667	241
16.07500	251
16.08333	261
16.09167	271
16.10000	281
16.10833	290
16.11667	298
16.12500	306
16.13333	312
16.14167	318
16.15000	323
16.15833	327
16.16667	330
16.17500	332
16.18333	333
16.19167	333
16.20000	331
16.20833	329
16.21667	325
16.22500	321
16.23333	317
16.24167	313
16.25000	307
16.25833	302
16.26667	296
16.27500	290
16.28333	285
16.29167	279
16.30000	275
16.30833	270
16.31667	266
16.32500	263
16.33333	261
16.34167	259
16.35000	259
16.35833	259
16.36667	260
16.37500	262
16.38333	266
16.39167	270
16.40000	275
16.40833	281
16.41667	289
16.42500	298
16.43333	308
16.44167	319
16.45000	332
16.45833	345
16.46667	360
16.47500	377
16.48333	394
16.49167	413
16.50000	433
16.50833	454
16.51667	476
16.52500	499
16.53333	523
16.54167	548
16.55000	573
16.55833	599
16.56667	625
16.57500	650
16.58333	675
16.59167	699
16.60000	722
16.60833	744
16.61667	764
16.62500	783
16.63333	799
16.64167	813
16.65000	825
16.65833	834
16.66667	840
16.67500	843
16.68333	843
16.69167	841
16.70000	835
16.70833	827
16.71667	816
16.72500	803
16.73333	787
16.74167	770
16.75000	750
16.75833	728
16.76667	705
16.77500	681
16.78333	657
16.79167	631
16.80000	605
16.80833	579
16.81667	553
16.82500	528
16.83333	503
16.84167	478
16.85000	454
16.85833	431
16.86667	408
16.87500	387
16.88333	367
16.89167	348
16.90000	330
16.90833	313
16.91667	297
16.92500	282
16.93333	268
16.94167	255
16.95000	243
16.95833	231
16.96667	221
16.97500	211
16.98333	201
16.99167	192
17.00000	183
17.00833	175
17.01667	168
17.02500	162
17.03333	155
17.04167	149
17.05000	144
17.05833	139
17.06667	134
17.07500	129
17.08333	124
17.09167	120
17.10000	116
17.10833	112
17.11667	108
17.12500	104
17.13333	101
17.14167	98
17.15000	95
17.15833	92
17.16667	89
17.17500	86
17.18333	83
17.19167	81
17.20000	78
17.20833	76
17.21667	74
17.22500	72
17.23333	70
17.24167	68
17.25000	66
17.25833	64
17.26667	62
17.27500	61
17.28333	60
17.29167	59
17.30000	58
17.30833	56
17.31667	55
17.32500	54
17.33333	53
17.34167	53
17.35000	52
17.35833	51
17.36667	50
17.37500	49
17.38333	48
17.39167	47
17.40000	47
17.40833	46
17.41667	46
17.42500	45
17.43333	45
17.44167	45
17.45000	45
17.45833	45
17.46667	45
17.47500	45
17.48333	45
17.49167	44
17.50000	44
17.50833	45
17.51667	45
17.52500	46
17.53333	46
17.54167	47
17.55000	47
17.55833	48
17.56667	49
17.57500	50
17.58333	51
17.59167	53
17.60000	55
17.60833	56
17.61667	58
17.62500	60
17.63333	63
17.64167	66
17.65000	69
17.65833	72
17.66667	76
17.67500	79
17.68333	84
17.69167	89
17.70000	94
17.70833	100
17.71667	106
17.72500	114
17.73333	122
17.74167	132
17.75000	142
17.75833	153
17.76667	165
17.77500	178
17.78333	193
17.79167	209
17.80000	227
17.80833	248
17.81667	270
17.82500	295
17.83333	321
17.84167	351
17.85000	383
17.85833	419
17.86667	459
17.87500	503
17.88333	552
17.89167	605
17.90000	663
17.90833	726
17.91667	794
17.92500	868
17.93333	948
17.94167	1034
17.95000	1126
17.95833	1224
17.96667	1328
17.97500	1437
17.98333	1552
17.99167	1672
18.00000	1796
18.00833	1923
18.01667	2054
18.02500	2186
18.03333	2319
18.04167	2451
18.05000	2582
18.05833	2710
18.06667	2834
18.07500	2952
18.08333	3064
18.09167	3168
18.10000	3262
18.10833	3347
18.11667	3420
18.12500	3481
18.13333	3529
18.14167	3563
18.15000	3584
18.15833	3591
18.16667	3585
18.17500	3565
18.18333	3532
18.19167	3487
18.20000	3430
18.20833	3362
18.21667	3284
18.22500	3196
18.23333	3100
18.24167	2997
18.25000	2889
18.25833	2776
18.26667	2659
18.27500	2540
18.28333	2420
18.29167	2299
18.30000	2179
18.30833	2060
18.31667	1943
18.32500	1829
18.33333	1719
18.34167	1612
18.35000	1510
18.35833	1411
18.36667	1318
18.37500	1229
18.38333	1145
18.39167	1066
18.40000	992
18.40833	922
18.41667	857
18.42500	796
18.43333	740
18.44167	688
18.45000	639
18.45833	594
18.46667	553
18.47500	515
18.48333	479
18.49167	447
18.50000	417
18.50833	390
18.51667	366
18.52500	343
18.53333	322
18.54167	303
18.55000	285
18.55833	269
18.56667	255
18.57500	241
18.58333	230
18.59167	219
18.60000	210
18.60833	202
18.61667	195
18.62500	189
18.63333	183
18.64167	179
18.65000	175
18.65833	173
18.66667	171
18.67500	170
18.68333	170
18.69167	171
18.70000	173
18.70833	176
18.71667	179
18.72500	183
18.73333	188
18.74167	194
18.75000	200
18.75833	207
18.76667	214
18.77500	222
18.78333	230
18.79167	239
18.80000	248
18.80833	258
18.81667	268
18.82500	278
18.83333	288
18.84167	297
18.85000	307
18.85833	316
18.86667	324
18.87500	332
18.88333	340
18.89167	347
18.90000	353
18.90833	358
18.91667	363
18.92500	367
18.93333	370
18.94167	371
18.95000	372
18.95833	371
18.96667	369
18.97500	367
18.98333	363
18.99167	359
19.00000	353
19.00833	347
19.01667	340
19.02500	332
19.03333	324
19.04167	315
19.05000	306
19.05833	296
19.06667	286
19.07500	276
19.08333	265
19.09167	254
19.10000	244
19.10833	233
19.11667	222
19.12500	212
19.13333	202
19.14167	192
19.15000	183
19.15833	174
19.16667	165
19.17500	156
19.18333	149
19.19167	141
19.20000	134
19.20833	128
19.21667	122
19.22500	116
19.23333	110
19.24167	106
19.25000	101
19.25833	97
19.26667	93
19.27500	89
19.28333	85
19.29167	82
19.30000	80
19.30833	77
19.31667	75
19.32500	73
19.33333	71
19.34167	69
19.35000	68
19.35833	66
19.36667	65
19.37500	65
19.38333	64
19.39167	63
19.40000	62
19.40833	62
19.41667	62
19.42500	62
19.43333	62
19.44167	62
19.45000	62
19.45833	62
19.46667	62
19.47500	62
19.48333	63
19.49167	63
19.50000	64
19.50833	64
19.51667	63
19.52500	63
19.53333	63
19.54167	63
19.55000	63
19.55833	63
19.56667	63
19.57500	62
19.58333	62
19.59167	62
19.60000	62
19.60833	62
19.61667	62
19.62500	61
19.63333	61
19.64167	60
19.65000	60
19.65833	59
19.66667	59
19.67500	58
19.68333	58
19.69167	57
19.70000	57
19.70833	56
19.71667	56
19.72500	55
19.73333	54
19.74167	54
19.75000	53
19.75833	53
19.76667	52
19.77500	52
19.78333	51
19.79167	50
19.80000	49
19.80833	49
19.81667	48
19.82500	48
19.83333	48
19.84167	47
19.85000	47
19.85833	47
19.86667	46
19.87500	46
19.88333	45
19.89167	45
19.90000	44
19.90833	44
19.91667	43
19.92500	43
19.93333	42
19.94167	42
19.95000	42
19.95833	42
19.96667	41
19.97500	41
19.98333	41
19.99167	41
20.00000	41
20.00833	40
20.01667	40
20.02500	40
20.03333	41
20.04167	41
20.05000	41
20.05833	40
20.06667	40
20.07500	40
20.08333	40
20.09167	40
20.10000	40
20.10833	41
20.11667	41
20.12500	41
20.13333	42
20.14167	42
20.15000	42
20.15833	42
20.16667	43
20.17500	43
20.18333	43
20.19167	44
20.20000	44
20.20833	45
20.21667	45
20.22500	45
20.23333	46
20.24167	47
20.25000	47
20.25833	48
20.26667	48
20.27500	49
20.28333	50
20.29167	51
20.30000	52
20.30833	53
20.31667	54
20.32500	55
20.33333	56
20.34167	58
20.35000	60
20.35833	62
20.36667	64
20.37500	65
20.38333	67
20.39167	69
20.40000	71
20.40833	73
20.41667	76
20.42500	78
20.43333	80
20.44167	83
20.45000	87
20.45833	90
20.46667	94
20.47500	98
20.48333	103
20.49167	107
20.50000	112
20.50833	118
20.51667	124
20.52500	130
20.53333	136
20.54167	143
20.55000	151
20.55833	159
20.56667	167
20.57500	176
20.58333	187
20.59167	198
20.60000	209
20.60833	222
20.61667	235
20.62500	249
20.63333	265
20.64167	282
20.65000	300
20.65833	319
20.66667	340
20.67500	361
20.68333	384
20.69167	408
20.70000	434
20.70833	461
20.71667	489
20.72500	519
20.73333	550
20.74167	582
20.75000	615
20.75833	650
20.76667	685
20.77500	721
20.78333	758
20.79167	795
20.80000	834
20.80833	873
20.81667	912
20.82500	951
20.83333	989
20.84167	1028
20.85000	1066
20.85833	1103
20.86667	1140
20.87500	1177
20.88333	1213
20.89167	1248
20.90000	1282
20.90833	1315
20.91667	1347
20.92500	1378
20.93333	1408
20.94167	1437
20.95000	1465
20.95833	1493
20.96667	1520
20.97500	1546
20.98333	1572
20.99167	1598
21.00000	1624
21.00833	1650
21.01667	1676
21.02500	1703
21.03333	1732
21.04167	1761
21.05000	1792
21.05833	1826
21.06667	1861
21.07500	1900
21.08333	1941
21.09167	1986
21.10000	2035
21.10833	2088
21.11667	2146
21.12500	2209
21.13333	2279
21.14167	2354
21.15000	2437
21.15833	2528
21.16667	2628
21.17500	2736
21.18333	2854
21.19167	2983
21.20000	3122
21.20833	3274
21.21667	3438
21.22500	3615
21.23333	3805
21.24167	4010
21.25000	4229
21.25833	4463
21.26667	4711
21.27500	4975
21.28333	5253
21.29167	5546
21.30000	5853
21.30833	6174
21.31667	6507
21.32500	6852
21.33333	7207
21.34167	7573
21.35000	7946
21.35833	8325
21.36667	8709
21.37500	9095
21.38333	9481
21.39167	9866
21.40000	10247
21.40833	10620
21.41667	10984
21.42500	11336
21.43333	11674
21.44167	11996
21.45000	12298
21.45833	12580
21.46667	12839
21.47500	13073
21.48333	13281
21.49167	13460
21.50000	13611
21.50833	13731
21.51667	13820
21.52500	13877
21.53333	13903
21.54167	13897
21.55000	13859
21.55833	13790
21.56667	13692
21.57500	13564
21.58333	13408
21.59167	13226
21.60000	13019
21.60833	12788
21.61667	12535
21.62500	12263
21.63333	11972
21.64167	11666
21.65000	11346
21.65833	11014
21.66667	10672
21.67500	10323
21.68333	9968
21.69167	9609
21.70000	9248
21.70833	8887
21.71667	8527
21.72500	8170
21.73333	7816
21.74167	7468
21.75000	7126
21.75833	6791
21.76667	6464
21.77500	6146
21.78333	5838
21.79167	5540
21.80000	5252
21.80833	4975
21.81667	4708
21.82500	4453
21.83333	4208
21.84167	3974
21.85000	3751
21.85833	3539
21.86667	3337
21.87500	3146
21.88333	2964
21.89167	2793
21.90000	2630
21.90833	2476
21.91667	2331
21.92500	2193
21.93333	2064
21.94167	1942
21.95000	1828
21.95833	1720
21.96667	1619
21.97500	1524
21.98333	1436
21.99167	1352
22.00000	1273
22.00833	1199
22.01667	1130
22.02500	1065
22.03333	1005
22.04167	949
22.05000	896
22.05833	847
22.06667	801
22.07500	759
22.08333	720
22.09167	684
22.10000	650
22.10833	619
22.11667	590
22.12500	563
22.13333	539
22.14167	517
22.15000	496
22.15833	477
22.16667	460
22.17500	445
22.18333	431
22.19167	418
22.20000	407
22.20833	397
22.21667	388
22.22500	380
22.23333	373
22.24167	367
22.25000	362
22.25833	357
22.26667	352
22.27500	348
22.28333	344
22.29167	341
22.30000	337
22.30833	335
22.31667	332
22.32500	330
22.33333	328
22.34167	325
22.35000	323
22.35833	320
22.36667	317
22.37500	315
22.38333	312
22.39167	309
22.40000	306
22.40833	303
22.41667	299
22.42500	295
22.43333	290
22.44167	285
22.45000	280
22.45833	275
22.46667	269
22.47500	263
22.48333	256
22.49167	249
22.50000	242
22.50833	235
22.51667	228
22.52500	221
22.53333	213
22.54167	205
22.55000	197
22.55833	189
22.56667	180
22.57500	172
22.58333	163
22.59167	155
22.60000	146
22.60833	137
22.61667	129
22.62500	121
22.63333	112
22.64167	104
22.65000	96
22.65833	88
22.66667	79
22.67500	72
22.68333	64
22.69167	56
22.70000	48
22.70833	40
22.71667	33
22.72500	26
22.73333	20
22.74167	14
22.75000	9
22.75833	3
22.76667	-1
22.77500	-5
22.78333	-10
22.79167	-13
22.80000	-17
22.80833	-21
22.81667	-24
22.82500	-26
22.83333	-28
22.84167	-30
22.85000	-31
22.85833	-32
22.86667	-33
22.87500	-33
22.88333	-33
22.89167	-32
22.90000	-32
22.90833	-31
22.91667	-30
22.92500	-29
22.93333	-27
22.94167	-25
22.95000	-22
22.95833	-20
22.96667	-17
22.97500	-15
22.98333	-12
22.99167	-9
23.00000	-6
23.00833	-4
23.01667	-1
23.02500	2
23.03333	5
23.04167	7
23.05000	10
23.05833	12
23.06667	14
23.07500	16
23.08333	18
23.09167	20
23.10000	23
23.10833	26
23.11667	28
23.12500	30
23.13333	31
23.14167	32
23.15000	34
23.15833	35
23.16667	36
23.17500	37
23.18333	37
23.19167	38
23.20000	39
23.20833	40
23.21667	40
23.22500	41
23.23333	41
23.24167	41
23.25000	41
23.25833	42
23.26667	42
23.27500	42
23.28333	42
23.29167	41
23.30000	41
23.30833	40
23.31667	40
23.32500	40
23.33333	40
23.34167	39
23.35000	38
23.35833	38
23.36667	37
23.37500	37
23.38333	37
23.39167	37
23.40000	36
23.40833	36
23.41667	36
23.42500	35
23.43333	35
23.44167	35
23.45000	34
23.45833	34
23.46667	33
23.47500	32
23.48333	32
23.49167	32
23.50000	31
23.50833	31
23.51667	31
23.52500	31
23.53333	31
23.54167	31
23.55000	30
23.55833	30
23.56667	30
23.57500	29
23.58333	29
23.59167	29
23.60000	29
23.60833	29
23.61667	29
23.62500	29
23.63333	29
23.64167	30
23.65000	30
23.65833	30
23.66667	30
23.67500	30
23.68333	30
23.69167	30
23.70000	30
23.70833	30
23.71667	29
23.72500	29
23.73333	29
23.74167	29
23.75000	30
23.75833	30
23.76667	30
23.77500	30
23.78333	29
23.79167	30
23.80000	30
23.80833	30
23.81667	31
23.82500	30
23.83333	30
23.84167	30
23.85000	30
23.85833	31
23.86667	31
23.87500	32
23.88333	32
23.89167	32
23.90000	33
23.90833	33
23.91667	33
23.92500	33
23.93333	33
23.94167	33
23.95000	33
23.95833	33
23.96667	33
23.97500	33
23.98333	32
23.99167	32
24.00000	33
24.00833	33
24.01667	34
24.02500	35
24.03333	35
24.04167	36
24.05000	36
24.05833	36
24.06667	36
24.07500	36
24.08333	36
24.09167	36
24.10000	35
24.10833	35
24.11667	35
24.12500	35
24.13333	35
24.14167	35
24.15000	35
24.15833	35
24.16667	34
24.17500	34
24.18333	33
24.19167	32
24.20000	32
24.20833	31
24.21667	30
24.22500	29
24.23333	28
24.24167	27
24.25000	25
24.25833	24
24.26667	23
24.27500	21
24.28333	19
24.29167	17
24.30000	16
24.30833	14
24.31667	13
24.32500	11
24.33333	9
24.34167	8
24.35000	6
24.35833	4
24.36667	3
24.37500	1
24.38333	-0
24.39167	-2
24.40000	-3
24.40833	-4
24.41667	-6
24.42500	-7
24.43333	-9
24.44167	-10
24.45000	-12
24.45833	-13
24.46667	-14
24.47500	-15
24.48333	-16
24.49167	-16
24.50000	-17
24.50833	-18
24.51667	-19
24.52500	-20
24.53333	-20
24.54167	-21
24.55000	-21
24.55833	-21
24.56667	-22
24.57500	-22
24.58333	-21
24.59167	-21
24.60000	-21
24.60833	-21
24.61667	-21
24.62500	-21
24.63333	-21
24.64167	-21
24.65000	-20
24.65833	-20
24.66667	-20
24.67500	-19
24.68333	-19
24.69167	-18
24.70000	-17
24.70833	-17
24.71667	-16
24.72500	-16
24.73333	-16
24.74167	-15
24.75000	-14
24.75833	-14
24.76667	-13
24.77500	-12
24.78333	-12
24.79167	-11
24.80000	-11
24.80833	-10
24.81667	-9
24.82500	-8
24.83333	-8
24.84167	-7
24.85000	-7
24.85833	-6
24.86667	-6
24.87500	-5
24.88333	-5
24.89167	-4
24.90000	-4
24.90833	-3
24.91667	-2
24.92500	-2
24.93333	-1
24.94167	-1
24.95000	-1
24.95833	-1
24.96667	-1
24.97500	-0
24.98333	0
24.99167	0
25.00000	0
25.00833	0
25.01667	0
25.02500	0
25.03333	0
25.04167	1
25.05000	1
25.05833	2
25.06667	3
25.07500	3
25.08333	4
25.09167	4
25.10000	4
25.10833	5
25.11667	5
25.12500	5
25.13333	6
25.14167	6
25.15000	6
25.15833	6
25.16667	6
25.17500	6
25.18333	6
25.19167	6
25.20000	6
25.20833	7
25.21667	7
25.22500	7
25.23333	7
25.24167	7
25.25000	7
25.25833	8
25.26667	8
25.27500	8
25.28333	8
25.29167	8
25.30000	9
25.30833	9
25.31667	9
25.32500	10
25.33333	10
25.34167	11
25.35000	11
25.35833	11
25.36667	12
25.37500	12
25.38333	12
25.39167	13
25.40000	13
25.40833	13
25.41667	13
25.42500	14
25.43333	15
25.44167	16
25.45000	17
25.45833	18
25.46667	18
25.47500	19
25.48333	20
25.49167	20
25.50000	21
25.50833	21
25.51667	22
25.52500	23
25.53333	23
25.54167	24
25.55000	25
25.55833	26
25.56667	27
25.57500	28
25.58333	29
25.59167	29
25.60000	30
25.60833	31
25.61667	33
25.62500	33
25.63333	34
25.64167	35
25.65000	36
25.65833	37
25.66667	39
25.67500	40
25.68333	41
25.69167	42
25.70000	43
25.70833	45
25.71667	46
25.72500	47
25.73333	48
25.74167	48
25.75000	49
25.75833	50
25.76667	52
25.77500	53
25.78333	54
25.79167	55
25.80000	56
25.80833	58
25.81667	59
25.82500	61
25.83333	62
25.84167	64
25.85000	65
25.85833	66
25.86667	68
25.87500	70
25.88333	72
25.89167	74
25.90000	76
25.90833	78
25.91667	81
25.92500	83
25.93333	85
25.94167	87
25.95000	89
25.95833	92
25.96667	95
25.97500	98
25.98333	102
25.99167	105
26.00000	108
26.00833	112
26.01667	116
26.02500	120
26.03333	126
26.04167	131
26.05000	137
26.05833	143
26.06667	149
26.07500	155
26.08333	162
26.09167	168
26.10000	176
26.10833	183
26.11667	192
26.12500	200
26.13333	210
26.14167	220
26.15000	231
26.15833	242
26.16667	254
26.17500	266
26.18333	280
26.19167	294
26.20000	309
26.20833	325
26.21667	341
26.22500	358
26.23333	376
26.24167	395
26.25000	415
26.25833	435
26.26667	456
26.27500	478
26.28333	501
26.29167	525
26.30000	549
26.30833	574
26.31667	599
26.32500	625
26.33333	652
26.34167	679
26.35000	706
26.35833	734
26.36667	761
26.37500	789
26.38333	817
26.39167	844
26.40000	872
26.40833	899
26.41667	925
26.42500	951
26.43333	976
26.44167	1001
26.45000	1024
26.45833	1046
26.46667	1066
26.47500	1086
26.48333	1104
26.49167	1120
26.50000	1135
26.50833	1147
26.51667	1158
26.52500	1167
26.53333	1174
26.54167	1180
26.55000	1183
26.55833	1184
26.56667	1182
26.57500	1179
26.58333	1174
26.59167	1167
26.60000	1158
26.60833	1147
26.61667	1134
26.62500	1121
26.63333	1105
26.64167	1088
26.65000	1069
26.65833	1049
26.66667	1028
26.67500	1005
26.68333	982
26.69167	958
26.70000	933
26.70833	907
26.71667	881
26.72500	854
26.73333	827
26.74167	800
26.75000	774
26.75833	747
26.76667	720
26.77500	694
26.78333	668
26.79167	642
26.80000	618
26.80833	593
26.81667	569
26.82500	546
26.83333	523
26.84167	501
26.85000	480
26.85833	460
26.86667	440
26.87500	421
26.88333	402
26.89167	384
26.90000	368
26.90833	351
26.91667	336
26.92500	321
26.93333	308
26.94167	294
26.95000	282
26.95833	270
26.96667	259
26.97500	248
26.98333	238
26.99167	228
27.00000	219
27.00833	210
27.01667	202
27.02500	194
27.03333	187
27.04167	181
27.05000	175
27.05833	169
27.06667	163
27.07500	158
27.08333	152
27.09167	147
27.10000	142
27.10833	137
27.11667	132
27.12500	128
27.13333	124
27.14167	120
27.15000	117
27.15833	113
27.16667	110
27.17500	107
27.18333	103
27.19167	100
27.20000	98
27.20833	95
27.21667	93
27.22500	91
27.23333	89
27.24167	87
27.25000	85
27.25833	83
27.26667	81
27.27500	78
27.28333	76
27.29167	75
27.30000	73
27.30833	71
27.31667	70
27.32500	68
27.33333	67
27.34167	65
27.35000	64
27.35833	63
27.36667	61
27.37500	60
27.38333	59
27.39167	57
27.40000	56
27.40833	55
27.41667	54
27.42500	54
27.43333	53
27.44167	52
27.45000	51
27.45833	51
27.46667	50
27.47500	49
27.48333	48
27.49167	47
27.50000	47
27.50833	46
27.51667	46
27.52500	45
27.53333	45
27.54167	45
27.55000	44
27.55833	44
27.56667	44
27.57500	44
27.58333	43
27.59167	43
27.60000	43
27.60833	43
27.61667	42
27.62500	42
27.63333	41
27.64167	41
27.65000	41
27.65833	41
27.66667	41
27.67500	41
27.68333	41
27.69167	41
27.70000	41
27.70833	41
27.71667	41
27.72500	41
27.73333	42
27.74167	42
27.75000	42
27.75833	42
27.76667	42
27.77500	41
27.78333	41
27.79167	41
27.80000	41
27.80833	41
27.81667	41
27.82500	41
27.83333	41
27.84167	41
27.85000	42
27.85833	42
27.86667	42
27.87500	42
27.88333	42
27.89167	42
27.90000	42
27.90833	42
27.91667	42
27.92500	42
27.93333	42
27.94167	42
27.95000	42
27.95833	42
27.96667	42
27.97500	43
27.98333	43
27.99167	43
28.00000	43

