R.Time (min)	Intensity
0.00000	-43
0.00833	-43
0.01667	-25
0.02500	-1
0.03333	-1
0.04167	-3
0.05000	-4
0.05833	-4
0.06667	-5
0.07500	-6
0.08333	-6
0.09167	-7
0.10000	-8
0.10833	-8
0.11667	-8
0.12500	-8
0.13333	-8
0.14167	-9
0.15000	-9
0.15833	-10
0.16667	-11
0.17500	-12
0.18333	-12
0.19167	-12
0.20000	-13
0.20833	-13
0.21667	-13
0.22500	-14
0.23333	-14
0.24167	-15
0.25000	-15
0.25833	-16
0.26667	-17
0.27500	-17
0.28333	-18
0.29167	-19
0.30000	-20
0.30833	-20
0.31667	-20
0.32500	-21
0.33333	-21
0.34167	-22
0.35000	-22
0.35833	-23
0.36667	-24
0.37500	-24
0.38333	-25
0.39167	-25
0.40000	-26
0.40833	-26
0.41667	-26
0.42500	-26
0.43333	-26
0.44167	-26
0.45000	-27
0.45833	-27
0.46667	-28
0.47500	-28
0.48333	-29
0.49167	-30
0.50000	-30
0.50833	-31
0.51667	-32
0.52500	-32
0.53333	-33
0.54167	-33
0.55000	-33
0.55833	-34
0.56667	-34
0.57500	-34
0.58333	-34
0.59167	-34
0.60000	-34
0.60833	-34
0.61667	-35
0.62500	-35
0.63333	-35
0.64167	-35
0.65000	-35
0.65833	-36
0.66667	-36
0.67500	-37
0.68333	-37
0.69167	-37
0.70000	-38
0.70833	-38
0.71667	-39
0.72500	-40
0.73333	-40
0.74167	-40
0.75000	-40
0.75833	-40
0.76667	-40
0.77500	-40
0.78333	-41
0.79167	-41
0.80000	-41
0.80833	-42
0.81667	-42
0.82500	-43
0.83333	-43
0.84167	-44
0.85000	-44
0.85833	-44
0.86667	-45
0.87500	-45
0.88333	-45
0.89167	-46
0.90000	-46
0.90833	-46
0.91667	-47
0.92500	-47
0.93333	-48
0.94167	-48
0.95000	-48
0.95833	-48
0.96667	-48
0.97500	-48
0.98333	-49
0.99167	-49
1.00000	-49
1.00833	-50
1.01667	-50
1.02500	-51
1.03333	-51
1.04167	-52
1.05000	-53
1.05833	-53
1.06667	-53
1.07500	-54
1.08333	-54
1.09167	-55
1.10000	-55
1.10833	-56
1.11667	-56
1.12500	-56
1.13333	-56
1.14167	-56
1.15000	-57
1.15833	-57
1.16667	-57
1.17500	-57
1.18333	-58
1.19167	-58
1.20000	-58
1.20833	-58
1.21667	-58
1.22500	-58
1.23333	-59
1.24167	-59
1.25000	-59
1.25833	-59
1.26667	-59
1.27500	-60
1.28333	-60
1.29167	-61
1.30000	-61
1.30833	-61
1.31667	-62
1.32500	-62
1.33333	-62
1.34167	-63
1.35000	-63
1.35833	-63
1.36667	-63
1.37500	-64
1.38333	-64
1.39167	-65
1.40000	-65
1.40833	-65
1.41667	-66
1.42500	-66
1.43333	-66
1.44167	-67
1.45000	-67
1.45833	-67
1.46667	-67
1.47500	-67
1.48333	-67
1.49167	-68
1.50000	-68
1.50833	-69
1.51667	-69
1.52500	-69
1.53333	-70
1.54167	-71
1.55000	-71
1.55833	-72
1.56667	-72
1.57500	-73
1.58333	-73
1.59167	-73
1.60000	-73
1.60833	-73
1.61667	-74
1.62500	-74
1.63333	-75
1.64167	-75
1.65000	-75
1.65833	-76
1.66667	-76
1.67500	-76
1.68333	-76
1.69167	-77
1.70000	-77
1.70833	-77
1.71667	-77
1.72500	-77
1.73333	-77
1.74167	-77
1.75000	-77
1.75833	-78
1.76667	-78
1.77500	-79
1.78333	-79
1.79167	-80
1.80000	-80
1.80833	-80
1.81667	-81
1.82500	-81
1.83333	-81
1.84167	-81
1.85000	-81
1.85833	-81
1.86667	-81
1.87500	-81
1.88333	-81
1.89167	-82
1.90000	-82
1.90833	-82
1.91667	-83
1.92500	-83
1.93333	-83
1.94167	-83
1.95000	-83
1.95833	-83
1.96667	-83
1.97500	-83
1.98333	-83
1.99167	-83
2.00000	-83
2.00833	-83
2.01667	-83
2.02500	-83
2.03333	-84
2.04167	-84
2.05000	-84
2.05833	-84
2.06667	-83
2.07500	-83
2.08333	-83
2.09167	-84
2.10000	-84
2.10833	-84
2.11667	-84
2.12500	-83
2.13333	-84
2.14167	-84
2.15000	-84
2.15833	-85
2.16667	-85
2.17500	-86
2.18333	-86
2.19167	-86
2.20000	-86
2.20833	-86
2.21667	-86
2.22500	-87
2.23333	-87
2.24167	-87
2.25000	-87
2.25833	-88
2.26667	-88
2.27500	-88
2.28333	-88
2.29167	-88
2.30000	-88
2.30833	-88
2.31667	-88
2.32500	-88
2.33333	-88
2.34167	-88
2.35000	-88
2.35833	-88
2.36667	-88
2.37500	-89
2.38333	-89
2.39167	-90
2.40000	-90
2.40833	-90
2.41667	-90
2.42500	-90
2.43333	-90
2.44167	-90
2.45000	-91
2.45833	-91
2.46667	-91
2.47500	-91
2.48333	-92
2.49167	-92
2.50000	-92
2.50833	-92
2.51667	-92
2.52500	-92
2.53333	-92
2.54167	-92
2.55000	-93
2.55833	-93
2.56667	-93
2.57500	-93
2.58333	-93
2.59167	-93
2.60000	-93
2.60833	-93
2.61667	-93
2.62500	-94
2.63333	-94
2.64167	-94
2.65000	-94
2.65833	-94
2.66667	-94
2.67500	-95
2.68333	-95
2.69167	-95
2.70000	-96
2.70833	-96
2.71667	-96
2.72500	-96
2.73333	-97
2.74167	-97
2.75000	-97
2.75833	-97
2.76667	-97
2.77500	-98
2.78333	-98
2.79167	-98
2.80000	-98
2.80833	-98
2.81667	-98
2.82500	-98
2.83333	-99
2.84167	-99
2.85000	-99
2.85833	-99
2.86667	-99
2.87500	-99
2.88333	-99
2.89167	-99
2.90000	-99
2.90833	-100
2.91667	-100
2.92500	-100
2.93333	-100
2.94167	-100
2.95000	-100
2.95833	-101
2.96667	-101
2.97500	-102
2.98333	-102
2.99167	-102
3.00000	-102
3.00833	-102
3.01667	-102
3.02500	-103
3.03333	-102
3.04167	-102
3.05000	-102
3.05833	-103
3.06667	-103
3.07500	-103
3.08333	-103
3.09167	-103
3.10000	-103
3.10833	-103
3.11667	-104
3.12500	-104
3.13333	-104
3.14167	-104
3.15000	-104
3.15833	-104
3.16667	-104
3.17500	-104
3.18333	-104
3.19167	-104
3.20000	-104
3.20833	-104
3.21667	-104
3.22500	-104
3.23333	-104
3.24167	-104
3.25000	-104
3.25833	-104
3.26667	-105
3.27500	-105
3.28333	-105
3.29167	-105
3.30000	-105
3.30833	-105
3.31667	-105
3.32500	-105
3.33333	-105
3.34167	-105
3.35000	-105
3.35833	-105
3.36667	-105
3.37500	-105
3.38333	-105
3.39167	-105
3.40000	-105
3.40833	-105
3.41667	-105
3.42500	-105
3.43333	-105
3.44167	-105
3.45000	-105
3.45833	-105
3.46667	-105
3.47500	-106
3.48333	-106
3.49167	-106
3.50000	-107
3.50833	-107
3.51667	-107
3.52500	-107
3.53333	-107
3.54167	-107
3.55000	-107
3.55833	-108
3.56667	-108
3.57500	-107
3.58333	-107
3.59167	-107
3.60000	-107
3.60833	-107
3.61667	-108
3.62500	-108
3.63333	-108
3.64167	-108
3.65000	-107
3.65833	-107
3.66667	-107
3.67500	-107
3.68333	-108
3.69167	-108
3.70000	-108
3.70833	-109
3.71667	-109
3.72500	-109
3.73333	-109
3.74167	-109
3.75000	-109
3.75833	-110
3.76667	-110
3.77500	-110
3.78333	-111
3.79167	-111
3.80000	-112
3.80833	-112
3.81667	-112
3.82500	-112
3.83333	-112
3.84167	-112
3.85000	-112
3.85833	-112
3.86667	-112
3.87500	-112
3.88333	-112
3.89167	-112
3.90000	-112
3.90833	-112
3.91667	-112
3.92500	-112
3.93333	-112
3.94167	-112
3.95000	-112
3.95833	-112
3.96667	-112
3.97500	-112
3.98333	-112
3.99167	-112
4.00000	-112
4.00833	-112
4.01667	-113
4.02500	-113
4.03333	-113
4.04167	-113
4.05000	-114
4.05833	-114
4.06667	-114
4.07500	-113
4.08333	-113
4.09167	-113
4.10000	-113
4.10833	-114
4.11667	-114
4.12500	-114
4.13333	-114
4.14167	-114
4.15000	-114
4.15833	-113
4.16667	-113
4.17500	-113
4.18333	-113
4.19167	-113
4.20000	-113
4.20833	-113
4.21667	-114
4.22500	-114
4.23333	-114
4.24167	-114
4.25000	-114
4.25833	-114
4.26667	-114
4.27500	-114
4.28333	-113
4.29167	-113
4.30000	-113
4.30833	-113
4.31667	-113
4.32500	-113
4.33333	-113
4.34167	-113
4.35000	-113
4.35833	-113
4.36667	-113
4.37500	-113
4.38333	-113
4.39167	-113
4.40000	-113
4.40833	-113
4.41667	-113
4.42500	-113
4.43333	-113
4.44167	-113
4.45000	-113
4.45833	-113
4.46667	-113
4.47500	-113
4.48333	-114
4.49167	-114
4.50000	-114
4.50833	-114
4.51667	-114
4.52500	-113
4.53333	-113
4.54167	-113
4.55000	-113
4.55833	-113
4.56667	-114
4.57500	-114
4.58333	-114
4.59167	-114
4.60000	-114
4.60833	-114
4.61667	-114
4.62500	-114
4.63333	-114
4.64167	-114
4.65000	-114
4.65833	-114
4.66667	-115
4.67500	-114
4.68333	-114
4.69167	-114
4.70000	-114
4.70833	-114
4.71667	-114
4.72500	-114
4.73333	-114
4.74167	-114
4.75000	-114
4.75833	-114
4.76667	-114
4.77500	-114
4.78333	-114
4.79167	-115
4.80000	-115
4.80833	-115
4.81667	-115
4.82500	-115
4.83333	-116
4.84167	-116
4.85000	-116
4.85833	-116
4.86667	-116
4.87500	-117
4.88333	-117
4.89167	-116
4.90000	-116
4.90833	-116
4.91667	-117
4.92500	-117
4.93333	-117
4.94167	-117
4.95000	-117
4.95833	-117
4.96667	-117
4.97500	-118
4.98333	-118
4.99167	-118
5.00000	-118
5.00833	-118
5.01667	-119
5.02500	-119
5.03333	-119
5.04167	-119
5.05000	-119
5.05833	-120
5.06667	-120
5.07500	-120
5.08333	-119
5.09167	-120
5.10000	-120
5.10833	-120
5.11667	-120
5.12500	-120
5.13333	-120
5.14167	-120
5.15000	-120
5.15833	-120
5.16667	-120
5.17500	-120
5.18333	-120
5.19167	-120
5.20000	-120
5.20833	-120
5.21667	-120
5.22500	-120
5.23333	-120
5.24167	-119
5.25000	-119
5.25833	-119
5.26667	-119
5.27500	-119
5.28333	-119
5.29167	-118
5.30000	-118
5.30833	-117
5.31667	-117
5.32500	-117
5.33333	-117
5.34167	-117
5.35000	-118
5.35833	-118
5.36667	-118
5.37500	-118
5.38333	-118
5.39167	-118
5.40000	-117
5.40833	-117
5.41667	-117
5.42500	-117
5.43333	-117
5.44167	-117
5.45000	-117
5.45833	-117
5.46667	-117
5.47500	-117
5.48333	-117
5.49167	-117
5.50000	-117
5.50833	-117
5.51667	-117
5.52500	-117
5.53333	-117
5.54167	-117
5.55000	-117
5.55833	-118
5.56667	-118
5.57500	-118
5.58333	-118
5.59167	-117
5.60000	-117
5.60833	-117
5.61667	-117
5.62500	-117
5.63333	-116
5.64167	-116
5.65000	-116
5.65833	-116
5.66667	-116
5.67500	-116
5.68333	-117
5.69167	-117
5.70000	-117
5.70833	-117
5.71667	-117
5.72500	-117
5.73333	-117
5.74167	-117
5.75000	-117
5.75833	-117
5.76667	-117
5.77500	-117
5.78333	-118
5.79167	-118
5.80000	-118
5.80833	-118
5.81667	-118
5.82500	-118
5.83333	-119
5.84167	-119
5.85000	-120
5.85833	-120
5.86667	-120
5.87500	-119
5.88333	-119
5.89167	-119
5.90000	-119
5.90833	-119
5.91667	-119
5.92500	-119
5.93333	-119
5.94167	-119
5.95000	-119
5.95833	-120
5.96667	-120
5.97500	-120
5.98333	-120
5.99167	-120
6.00000	-120
6.00833	-119
6.01667	-119
6.02500	-119
6.03333	-119
6.04167	-119
6.05000	-119
6.05833	-120
6.06667	-120
6.07500	-120
6.08333	-120
6.09167	-120
6.10000	-120
6.10833	-120
6.11667	-119
6.12500	-120
6.13333	-120
6.14167	-120
6.15000	-120
6.15833	-120
6.16667	-120
6.17500	-120
6.18333	-120
6.19167	-120
6.20000	-119
6.20833	-119
6.21667	-119
6.22500	-119
6.23333	-119
6.24167	-120
6.25000	-120
6.25833	-120
6.26667	-119
6.27500	-119
6.28333	-119
6.29167	-119
6.30000	-119
6.30833	-119
6.31667	-119
6.32500	-119
6.33333	-119
6.34167	-118
6.35000	-118
6.35833	-118
6.36667	-118
6.37500	-118
6.38333	-118
6.39167	-118
6.40000	-118
6.40833	-118
6.41667	-118
6.42500	-118
6.43333	-118
6.44167	-118
6.45000	-117
6.45833	-117
6.46667	-117
6.47500	-117
6.48333	-117
6.49167	-117
6.50000	-117
6.50833	-117
6.51667	-117
6.52500	-117
6.53333	-117
6.54167	-118
6.55000	-117
6.55833	-117
6.56667	-117
6.57500	-117
6.58333	-116
6.59167	-116
6.60000	-116
6.60833	-116
6.61667	-116
6.62500	-116
6.63333	-116
6.64167	-116
6.65000	-116
6.65833	-116
6.66667	-116
6.67500	-116
6.68333	-116
6.69167	-116
6.70000	-116
6.70833	-116
6.71667	-116
6.72500	-116
6.73333	-116
6.74167	-115
6.75000	-115
6.75833	-114
6.76667	-114
6.77500	-114
6.78333	-114
6.79167	-114
6.80000	-114
6.80833	-115
6.81667	-115
6.82500	-115
6.83333	-115
6.84167	-115
6.85000	-115
6.85833	-115
6.86667	-115
6.87500	-115
6.88333	-115
6.89167	-115
6.90000	-115
6.90833	-115
6.91667	-115
6.92500	-115
6.93333	-114
6.94167	-114
6.95000	-113
6.95833	-113
6.96667	-113
6.97500	-113
6.98333	-113
6.99167	-113
7.00000	-114
7.00833	-114
7.01667	-114
7.02500	-114
7.03333	-114
7.04167	-113
7.05000	-112
7.05833	-111
7.06667	-110
7.07500	-108
7.08333	-106
7.09167	-103
7.10000	-100
7.10833	-97
7.11667	-92
7.12500	-86
7.13333	-79
7.14167	-70
7.15000	-59
7.15833	-46
7.16667	-32
7.17500	-15
7.18333	3
7.19167	24
7.20000	46
7.20833	71
7.21667	97
7.22500	125
7.23333	154
7.24167	184
7.25000	214
7.25833	243
7.26667	270
7.27500	293
7.28333	311
7.29167	321
7.30000	322
7.30833	313
7.31667	292
7.32500	262
7.33333	226
7.34167	189
7.35000	162
7.35833	157
7.36667	189
7.37500	276
7.38333	437
7.39167	694
7.40000	1067
7.40833	1574
7.41667	2230
7.42500	3046
7.43333	4027
7.44167	5173
7.45000	6472
7.45833	7907
7.46667	9451
7.47500	11065
7.48333	12702
7.49167	14306
7.50000	15813
7.50833	17158
7.51667	18279
7.52500	19122
7.53333	19647
7.54167	19833
7.55000	19678
7.55833	19201
7.56667	18441
7.57500	17447
7.58333	16278
7.59167	14997
7.60000	13661
7.60833	12322
7.61667	11024
7.62500	9799
7.63333	8669
7.64167	7647
7.65000	6736
7.65833	5937
7.66667	5243
7.67500	4645
7.68333	4134
7.69167	3697
7.70000	3325
7.70833	3007
7.71667	2735
7.72500	2502
7.73333	2301
7.74167	2126
7.75000	1974
7.75833	1840
7.76667	1722
7.77500	1618
7.78333	1525
7.79167	1441
7.80000	1366
7.80833	1296
7.81667	1232
7.82500	1172
7.83333	1115
7.84167	1061
7.85000	1008
7.85833	957
7.86667	907
7.87500	859
7.88333	812
7.89167	766
7.90000	721
7.90833	679
7.91667	639
7.92500	601
7.93333	566
7.94167	534
7.95000	505
7.95833	480
7.96667	457
7.97500	438
7.98333	423
7.99167	410
8.00000	399
8.00833	390
8.01667	383
8.02500	377
8.03333	371
8.04167	366
8.05000	360
8.05833	354
8.06667	347
8.07500	338
8.08333	329
8.09167	320
8.10000	309
8.10833	298
8.11667	287
8.12500	275
8.13333	263
8.14167	251
8.15000	240
8.15833	228
8.16667	217
8.17500	207
8.18333	197
8.19167	188
8.20000	180
8.20833	172
8.21667	165
8.22500	159
8.23333	153
8.24167	149
8.25000	144
8.25833	141
8.26667	137
8.27500	135
8.28333	132
8.29167	130
8.30000	129
8.30833	127
8.31667	126
8.32500	126
8.33333	125
8.34167	124
8.35000	123
8.35833	122
8.36667	121
8.37500	120
8.38333	120
8.39167	119
8.40000	118
8.40833	117
8.41667	116
8.42500	115
8.43333	114
8.44167	112
8.45000	111
8.45833	109
8.46667	108
8.47500	106
8.48333	104
8.49167	102
8.50000	100
8.50833	98
8.51667	97
8.52500	95
8.53333	93
8.54167	91
8.55000	90
8.55833	89
8.56667	88
8.57500	87
8.58333	87
8.59167	86
8.60000	86
8.60833	87
8.61667	88
8.62500	90
8.63333	92
8.64167	95
8.65000	99
8.65833	103
8.66667	109
8.67500	115
8.68333	123
8.69167	131
8.70000	140
8.70833	149
8.71667	159
8.72500	169
8.73333	179
8.74167	189
8.75000	199
8.75833	208
8.76667	217
8.77500	225
8.78333	232
8.79167	239
8.80000	244
8.80833	249
8.81667	254
8.82500	258
8.83333	263
8.84167	268
8.85000	274
8.85833	282
8.86667	293
8.87500	307
8.88333	325
8.89167	347
8.90000	375
8.90833	410
8.91667	452
8.92500	503
8.93333	563
8.94167	633
8.95000	712
8.95833	802
8.96667	901
8.97500	1008
8.98333	1123
8.99167	1244
9.00000	1369
9.00833	1496
9.01667	1623
9.02500	1746
9.03333	1864
9.04167	1974
9.05000	2074
9.05833	2161
9.06667	2233
9.07500	2290
9.08333	2329
9.09167	2351
9.10000	2355
9.10833	2342
9.11667	2312
9.12500	2268
9.13333	2210
9.14167	2140
9.15000	2059
9.15833	1971
9.16667	1876
9.17500	1778
9.18333	1676
9.19167	1574
9.20000	1474
9.20833	1375
9.21667	1280
9.22500	1190
9.23333	1104
9.24167	1024
9.25000	949
9.25833	881
9.26667	818
9.27500	762
9.28333	711
9.29167	666
9.30000	625
9.30833	590
9.31667	559
9.32500	532
9.33333	509
9.34167	489
9.35000	473
9.35833	461
9.36667	452
9.37500	446
9.38333	444
9.39167	446
9.40000	453
9.40833	465
9.41667	483
9.42500	508
9.43333	542
9.44167	587
9.45000	644
9.45833	718
9.46667	811
9.47500	926
9.48333	1069
9.49167	1244
9.50000	1456
9.50833	1711
9.51667	2014
9.52500	2370
9.53333	2785
9.54167	3263
9.55000	3807
9.55833	4420
9.56667	5102
9.57500	5852
9.58333	6667
9.59167	7540
9.60000	8465
9.60833	9431
9.61667	10428
9.62500	11441
9.63333	12455
9.64167	13456
9.65000	14426
9.65833	15350
9.66667	16212
9.67500	16999
9.68333	17699
9.69167	18302
9.70000	18801
9.70833	19191
9.71667	19472
9.72500	19644
9.73333	19712
9.74167	19682
9.75000	19565
9.75833	19369
9.76667	19108
9.77500	18793
9.78333	18439
9.79167	18059
9.80000	17665
9.80833	17270
9.81667	16885
9.82500	16520
9.83333	16185
9.84167	15886
9.85000	15629
9.85833	15419
9.86667	15261
9.87500	15155
9.88333	15104
9.89167	15107
9.90000	15164
9.90833	15274
9.91667	15434
9.92500	15643
9.93333	15898
9.94167	16195
9.95000	16532
9.95833	16905
9.96667	17312
9.97500	17748
9.98333	18212
9.99167	18699
10.00000	19205
10.00833	19729
10.01667	20264
10.02500	20808
10.03333	21355
10.04167	21898
10.05000	22424
10.05833	22918
10.06667	23357
10.07500	23712
10.08333	23946
10.09167	24020
10.10000	23894
10.10833	23538
10.11667	22931
10.12500	22070
10.13333	20972
10.14167	19672
10.15000	18215
10.15833	16657
10.16667	15056
10.17500	13466
10.18333	11932
10.19167	10490
10.20000	9164
10.20833	7968
10.21667	6906
10.22500	5977
10.23333	5174
10.24167	4485
10.25000	3900
10.25833	3404
10.26667	2986
10.27500	2634
10.28333	2339
10.29167	2090
10.30000	1880
10.30833	1702
10.31667	1551
10.32500	1421
10.33333	1309
10.34167	1211
10.35000	1124
10.35833	1048
10.36667	979
10.37500	918
10.38333	862
10.39167	811
10.40000	764
10.40833	721
10.41667	681
10.42500	645
10.43333	611
10.44167	579
10.45000	551
10.45833	525
10.46667	502
10.47500	482
10.48333	464
10.49167	449
10.50000	437
10.50833	427
10.51667	420
10.52500	415
10.53333	413
10.54167	412
10.55000	414
10.55833	418
10.56667	424
10.57500	430
10.58333	438
10.59167	445
10.60000	452
10.60833	459
10.61667	465
10.62500	470
10.63333	473
10.64167	474
10.65000	473
10.65833	469
10.66667	464
10.67500	456
10.68333	447
10.69167	435
10.70000	422
10.70833	407
10.71667	390
10.72500	373
10.73333	355
10.74167	337
10.75000	318
10.75833	300
10.76667	282
10.77500	264
10.78333	248
10.79167	232
10.80000	217
10.80833	203
10.81667	191
10.82500	179
10.83333	169
10.84167	159
10.85000	151
10.85833	144
10.86667	137
10.87500	132
10.88333	126
10.89167	122
10.90000	118
10.90833	114
10.91667	110
10.92500	107
10.93333	104
10.94167	101
10.95000	98
10.95833	95
10.96667	93
10.97500	90
10.98333	88
10.99167	86
11.00000	84
11.00833	83
11.01667	82
11.02500	82
11.03333	83
11.04167	85
11.05000	87
11.05833	90
11.06667	95
11.07500	101
11.08333	109
11.09167	119
11.10000	131
11.10833	146
11.11667	163
11.12500	184
11.13333	208
11.14167	235
11.15000	265
11.15833	298
11.16667	335
11.17500	375
11.18333	417
11.19167	462
11.20000	508
11.20833	555
11.21667	602
11.22500	648
11.23333	692
11.24167	733
11.25000	770
11.25833	802
11.26667	829
11.27500	849
11.28333	863
11.29167	870
11.30000	869
11.30833	862
11.31667	849
11.32500	830
11.33333	805
11.34167	776
11.35000	744
11.35833	709
11.36667	672
11.37500	634
11.38333	595
11.39167	557
11.40000	520
11.40833	484
11.41667	450
11.42500	418
11.43333	387
11.44167	358
11.45000	331
11.45833	307
11.46667	284
11.47500	263
11.48333	243
11.49167	226
11.50000	210
11.50833	196
11.51667	182
11.52500	170
11.53333	159
11.54167	149
11.55000	139
11.55833	131
11.56667	123
11.57500	115
11.58333	108
11.59167	102
11.60000	96
11.60833	91
11.61667	87
11.62500	82
11.63333	78
11.64167	74
11.65000	71
11.65833	68
11.66667	65
11.67500	63
11.68333	61
11.69167	59
11.70000	58
11.70833	56
11.71667	55
11.72500	54
11.73333	53
11.74167	53
11.75000	53
11.75833	52
11.76667	51
11.77500	51
11.78333	50
11.79167	50
11.80000	49
11.80833	49
11.81667	48
11.82500	47
11.83333	46
11.84167	46
11.85000	45
11.85833	44
11.86667	43
11.87500	41
11.88333	40
11.89167	38
11.90000	36
11.90833	34
11.91667	32
11.92500	30
11.93333	28
11.94167	26
11.95000	24
11.95833	22
11.96667	21
11.97500	19
11.98333	18
11.99167	16
12.00000	15
12.00833	14
12.01667	13
12.02500	12
12.03333	11
12.04167	10
12.05000	9
12.05833	8
12.06667	8
12.07500	7
12.08333	7
12.09167	7
12.10000	7
12.10833	7
12.11667	6
12.12500	6
12.13333	6
12.14167	5
12.15000	5
12.15833	4
12.16667	3
12.17500	3
12.18333	2
12.19167	2
12.20000	1
12.20833	1
12.21667	-0
12.22500	-1
12.23333	-1
12.24167	-2
12.25000	-3
12.25833	-4
12.26667	-5
12.27500	-6
12.28333	-6
12.29167	-7
12.30000	-8
12.30833	-9
12.31667	-10
12.32500	-11
12.33333	-12
12.34167	-13
12.35000	-14
12.35833	-15
12.36667	-16
12.37500	-17
12.38333	-18
12.39167	-19
12.40000	-20
12.40833	-21
12.41667	-22
12.42500	-23
12.43333	-24
12.44167	-25
12.45000	-26
12.45833	-27
12.46667	-27
12.47500	-28
12.48333	-29
12.49167	-29
12.50000	-29
12.50833	-29
12.51667	-29
12.52500	-30
12.53333	-30
12.54167	-30
12.55000	-29
12.55833	-29
12.56667	-29
12.57500	-28
12.58333	-28
12.59167	-28
12.60000	-27
12.60833	-27
12.61667	-26
12.62500	-25
12.63333	-25
12.64167	-24
12.65000	-23
12.65833	-22
12.66667	-21
12.67500	-20
12.68333	-19
12.69167	-18
12.70000	-17
12.70833	-16
12.71667	-15
12.72500	-14
12.73333	-13
12.74167	-12
12.75000	-11
12.75833	-10
12.76667	-10
12.77500	-9
12.78333	-9
12.79167	-8
12.80000	-8
12.80833	-8
12.81667	-8
12.82500	-8
12.83333	-7
12.84167	-7
12.85000	-7
12.85833	-6
12.86667	-6
12.87500	-5
12.88333	-4
12.89167	-3
12.90000	-3
12.90833	-2
12.91667	-2
12.92500	-0
12.93333	1
12.94167	2
12.95000	4
12.95833	6
12.96667	8
12.97500	9
12.98333	11
12.99167	13
13.00000	15
13.00833	16
13.01667	18
13.02500	19
13.03333	21
13.04167	22
13.05000	23
13.05833	24
13.06667	24
13.07500	25
13.08333	25
13.09167	25
13.10000	25
13.10833	26
13.11667	25
13.12500	24
13.13333	23
13.14167	22
13.15000	22
13.15833	21
13.16667	20
13.17500	19
13.18333	18
13.19167	17
13.20000	17
13.20833	16
13.21667	15
13.22500	14
13.23333	13
13.24167	12
13.25000	11
13.25833	11
13.26667	10
13.27500	10
13.28333	10
13.29167	10
13.30000	10
13.30833	9
13.31667	10
13.32500	9
13.33333	10
13.34167	11
13.35000	11
13.35833	12
13.36667	13
13.37500	14
13.38333	14
13.39167	15
13.40000	16
13.40833	16
13.41667	17
13.42500	17
13.43333	17
13.44167	18
13.45000	19
13.45833	20
13.46667	21
13.47500	22
13.48333	23
13.49167	24
13.50000	25
13.50833	26
13.51667	28
13.52500	29
13.53333	31
13.54167	34
13.55000	36
13.55833	39
13.56667	41
13.57500	45
13.58333	49
13.59167	53
13.60000	59
13.60833	64
13.61667	69
13.62500	75
13.63333	82
13.64167	88
13.65000	96
13.65833	104
13.66667	113
13.67500	121
13.68333	129
13.69167	137
13.70000	146
13.70833	154
13.71667	163
13.72500	171
13.73333	179
13.74167	186
13.75000	192
13.75833	199
13.76667	205
13.77500	211
13.78333	217
13.79167	222
13.80000	227
13.80833	232
13.81667	237
13.82500	242
13.83333	246
13.84167	251
13.85000	256
13.85833	261
13.86667	266
13.87500	271
13.88333	276
13.89167	282
13.90000	287
13.90833	292
13.91667	297
13.92500	301
13.93333	304
13.94167	308
13.95000	310
13.95833	312
13.96667	312
13.97500	312
13.98333	311
13.99167	308
14.00000	303
14.00833	298
14.01667	292
14.02500	285
14.03333	276
14.04167	267
14.05000	258
14.05833	247
14.06667	235
14.07500	224
14.08333	212
14.09167	200
14.10000	189
14.10833	177
14.11667	165
14.12500	154
14.13333	144
14.14167	134
14.15000	125
14.15833	115
14.16667	106
14.17500	97
14.18333	89
14.19167	81
14.20000	74
14.20833	67
14.21667	61
14.22500	56
14.23333	51
14.24167	46
14.25000	42
14.25833	38
14.26667	34
14.27500	32
14.28333	29
14.29167	27
14.30000	24
14.30833	23
14.31667	21
14.32500	19
14.33333	18
14.34167	17
14.35000	16
14.35833	15
14.36667	15
14.37500	15
14.38333	15
14.39167	15
14.40000	14
14.40833	14
14.41667	14
14.42500	14
14.43333	14
14.44167	15
14.45000	14
14.45833	14
14.46667	14
14.47500	14
14.48333	14
14.49167	14
14.50000	14
14.50833	14
14.51667	13
14.52500	13
14.53333	12
14.54167	12
14.55000	12
14.55833	12
14.56667	11
14.57500	11
14.58333	11
14.59167	11
14.60000	10
14.60833	9
14.61667	8
14.62500	7
14.63333	6
14.64167	5
14.65000	4
14.65833	3
14.66667	3
14.67500	2
14.68333	1
14.69167	0
14.70000	-0
14.70833	-1
14.71667	-2
14.72500	-3
14.73333	-4
14.74167	-4
14.75000	-5
14.75833	-6
14.76667	-6
14.77500	-7
14.78333	-7
14.79167	-8
14.80000	-8
14.80833	-7
14.81667	-7
14.82500	-7
14.83333	-7
14.84167	-6
14.85000	-6
14.85833	-6
14.86667	-6
14.87500	-5
14.88333	-5
14.89167	-4
14.90000	-3
14.90833	-1
14.91667	0
14.92500	2
14.93333	4
14.94167	7
14.95000	9
14.95833	12
14.96667	16
14.97500	19
14.98333	24
14.99167	29
15.00000	34
15.00833	40
15.01667	47
15.02500	55
15.03333	63
15.04167	73
15.05000	85
15.05833	98
15.06667	112
15.07500	128
15.08333	147
15.09167	167
15.10000	189
15.10833	213
15.11667	240
15.12500	269
15.13333	300
15.14167	333
15.15000	369
15.15833	406
15.16667	445
15.17500	485
15.18333	526
15.19167	568
15.20000	609
15.20833	651
15.21667	691
15.22500	729
15.23333	765
15.24167	799
15.25000	830
15.25833	857
15.26667	880
15.27500	898
15.28333	911
15.29167	920
15.30000	923
15.30833	922
15.31667	917
15.32500	906
15.33333	890
15.34167	871
15.35000	849
15.35833	822
15.36667	793
15.37500	761
15.38333	727
15.39167	692
15.40000	656
15.40833	619
15.41667	582
15.42500	545
15.43333	508
15.44167	472
15.45000	437
15.45833	404
15.46667	372
15.47500	341
15.48333	312
15.49167	285
15.50000	260
15.50833	236
15.51667	214
15.52500	194
15.53333	175
15.54167	157
15.55000	142
15.55833	128
15.56667	115
15.57500	103
15.58333	93
15.59167	83
15.60000	74
15.60833	66
15.61667	59
15.62500	53
15.63333	47
15.64167	42
15.65000	37
15.65833	34
15.66667	30
15.67500	27
15.68333	24
15.69167	22
15.70000	20
15.70833	19
15.71667	18
15.72500	17
15.73333	16
15.74167	16
15.75000	16
15.75833	16
15.76667	16
15.77500	16
15.78333	16
15.79167	17
15.80000	17
15.80833	17
15.81667	18
15.82500	18
15.83333	19
15.84167	19
15.85000	20
15.85833	21
15.86667	22
15.87500	23
15.88333	25
15.89167	27
15.90000	28
15.90833	30
15.91667	32
15.92500	34
15.93333	38
15.94167	41
15.95000	45
15.95833	49
15.96667	54
15.97500	59
15.98333	64
15.99167	70
16.00000	77
16.00833	84
16.01667	92
16.02500	101
16.03333	109
16.04167	118
16.05000	127
16.05833	136
16.06667	144
16.07500	154
16.08333	163
16.09167	171
16.10000	180
16.10833	187
16.11667	194
16.12500	200
16.13333	206
16.14167	210
16.15000	214
16.15833	217
16.16667	219
16.17500	220
16.18333	220
16.19167	220
16.20000	218
16.20833	216
16.21667	214
16.22500	210
16.23333	207
16.24167	203
16.25000	199
16.25833	195
16.26667	190
16.27500	186
16.28333	182
16.29167	178
16.30000	174
16.30833	171
16.31667	169
16.32500	167
16.33333	165
16.34167	164
16.35000	164
16.35833	164
16.36667	165
16.37500	167
16.38333	169
16.39167	171
16.40000	175
16.40833	179
16.41667	183
16.42500	188
16.43333	194
16.44167	201
16.45000	208
16.45833	215
16.46667	224
16.47500	232
16.48333	242
16.49167	252
16.50000	262
16.50833	273
16.51667	284
16.52500	296
16.53333	307
16.54167	320
16.55000	332
16.55833	344
16.56667	356
16.57500	368
16.58333	380
16.59167	391
16.60000	401
16.60833	411
16.61667	420
16.62500	428
16.63333	434
16.64167	440
16.65000	444
16.65833	446
16.66667	447
16.67500	446
16.68333	445
16.69167	442
16.70000	437
16.70833	431
16.71667	423
16.72500	415
16.73333	406
16.74167	395
16.75000	384
16.75833	372
16.76667	359
16.77500	346
16.78333	333
16.79167	320
16.80000	307
16.80833	294
16.81667	281
16.82500	268
16.83333	255
16.84167	243
16.85000	231
16.85833	220
16.86667	210
16.87500	199
16.88333	190
16.89167	180
16.90000	172
16.90833	163
16.91667	155
16.92500	148
16.93333	141
16.94167	135
16.95000	129
16.95833	124
16.96667	119
16.97500	114
16.98333	110
16.99167	105
17.00000	101
17.00833	98
17.01667	94
17.02500	91
17.03333	88
17.04167	85
17.05000	83
17.05833	81
17.06667	78
17.07500	76
17.08333	73
17.09167	71
17.10000	69
17.10833	67
17.11667	65
17.12500	63
17.13333	61
17.14167	59
17.15000	58
17.15833	56
17.16667	55
17.17500	53
17.18333	51
17.19167	50
17.20000	49
17.20833	48
17.21667	47
17.22500	47
17.23333	46
17.24167	46
17.25000	45
17.25833	45
17.26667	44
17.27500	44
17.28333	45
17.29167	45
17.30000	45
17.30833	45
17.31667	45
17.32500	44
17.33333	44
17.34167	45
17.35000	45
17.35833	45
17.36667	46
17.37500	46
17.38333	46
17.39167	46
17.40000	46
17.40833	46
17.41667	47
17.42500	47
17.43333	48
17.44167	48
17.45000	48
17.45833	49
17.46667	49
17.47500	49
17.48333	50
17.49167	51
17.50000	52
17.50833	53
17.51667	54
17.52500	55
17.53333	56
17.54167	58
17.55000	60
17.55833	61
17.56667	63
17.57500	64
17.58333	66
17.59167	68
17.60000	71
17.60833	73
17.61667	76
17.62500	78
17.63333	81
17.64167	84
17.65000	87
17.65833	91
17.66667	94
17.67500	98
17.68333	103
17.69167	108
17.70000	113
17.70833	119
17.71667	125
17.72500	132
17.73333	139
17.74167	146
17.75000	155
17.75833	164
17.76667	174
17.77500	185
17.78333	197
17.79167	210
17.80000	225
17.80833	242
17.81667	260
17.82500	280
17.83333	303
17.84167	327
17.85000	355
17.85833	384
17.86667	417
17.87500	453
17.88333	492
17.89167	535
17.90000	582
17.90833	633
17.91667	688
17.92500	748
17.93333	812
17.94167	880
17.95000	954
17.95833	1032
17.96667	1114
17.97500	1200
17.98333	1289
17.99167	1381
18.00000	1477
18.00833	1575
18.01667	1674
18.02500	1775
18.03333	1875
18.04167	1974
18.05000	2071
18.05833	2166
18.06667	2256
18.07500	2342
18.08333	2422
18.09167	2496
18.10000	2562
18.10833	2620
18.11667	2668
18.12500	2708
18.13333	2738
18.14167	2758
18.15000	2767
18.15833	2766
18.16667	2755
18.17500	2734
18.18333	2703
18.19167	2663
18.20000	2614
18.20833	2558
18.21667	2494
18.22500	2424
18.23333	2349
18.24167	2269
18.25000	2186
18.25833	2099
18.26667	2011
18.27500	1922
18.28333	1832
18.29167	1743
18.30000	1654
18.30833	1566
18.31667	1480
18.32500	1397
18.33333	1317
18.34167	1240
18.35000	1166
18.35833	1096
18.36667	1030
18.37500	966
18.38333	907
18.39167	851
18.40000	799
18.40833	750
18.41667	704
18.42500	662
18.43333	623
18.44167	588
18.45000	555
18.45833	524
18.46667	496
18.47500	470
18.48333	446
18.49167	425
18.50000	405
18.50833	387
18.51667	371
18.52500	356
18.53333	343
18.54167	331
18.55000	320
18.55833	311
18.56667	302
18.57500	295
18.58333	289
18.59167	283
18.60000	278
18.60833	274
18.61667	270
18.62500	268
18.63333	266
18.64167	265
18.65000	264
18.65833	265
18.66667	266
18.67500	268
18.68333	271
18.69167	274
18.70000	278
18.70833	282
18.71667	287
18.72500	293
18.73333	299
18.74167	306
18.75000	314
18.75833	322
18.76667	331
18.77500	340
18.78333	349
18.79167	359
18.80000	370
18.80833	381
18.81667	392
18.82500	402
18.83333	413
18.84167	423
18.85000	433
18.85833	443
18.86667	452
18.87500	461
18.88333	469
18.89167	477
18.90000	483
18.90833	489
18.91667	494
18.92500	498
18.93333	500
18.94167	502
18.95000	503
18.95833	502
18.96667	500
18.97500	498
18.98333	494
18.99167	490
19.00000	484
19.00833	478
19.01667	471
19.02500	463
19.03333	455
19.04167	446
19.05000	437
19.05833	428
19.06667	418
19.07500	408
19.08333	398
19.09167	388
19.10000	378
19.10833	369
19.11667	360
19.12500	351
19.13333	342
19.14167	334
19.15000	326
19.15833	318
19.16667	310
19.17500	303
19.18333	296
19.19167	291
19.20000	285
19.20833	280
19.21667	275
19.22500	271
19.23333	266
19.24167	263
19.25000	259
19.25833	256
19.26667	254
19.27500	251
19.28333	249
19.29167	247
19.30000	246
19.30833	244
19.31667	243
19.32500	242
19.33333	242
19.34167	241
19.35000	241
19.35833	241
19.36667	241
19.37500	242
19.38333	242
19.39167	243
19.40000	243
19.40833	244
19.41667	246
19.42500	247
19.43333	247
19.44167	248
19.45000	249
19.45833	251
19.46667	252
19.47500	254
19.48333	255
19.49167	257
19.50000	259
19.50833	260
19.51667	262
19.52500	263
19.53333	264
19.54167	266
19.55000	266
19.55833	267
19.56667	267
19.57500	267
19.58333	268
19.59167	268
19.60000	268
19.60833	268
19.61667	269
19.62500	269
19.63333	270
19.64167	270
19.65000	270
19.65833	270
19.66667	270
19.67500	269
19.68333	269
19.69167	269
19.70000	269
19.70833	270
19.71667	270
19.72500	270
19.73333	270
19.74167	270
19.75000	271
19.75833	271
19.76667	271
19.77500	272
19.78333	272
19.79167	272
19.80000	273
19.80833	273
19.81667	274
19.82500	274
19.83333	274
19.84167	275
19.85000	275
19.85833	275
19.86667	275
19.87500	275
19.88333	275
19.89167	275
19.90000	275
19.90833	275
19.91667	276
19.92500	276
19.93333	276
19.94167	276
19.95000	277
19.95833	277
19.96667	277
19.97500	277
19.98333	278
19.99167	278
20.00000	278
20.00833	279
20.01667	279
20.02500	280
20.03333	281
20.04167	281
20.05000	282
20.05833	283
20.06667	284
20.07500	284
20.08333	285
20.09167	286
20.10000	287
20.10833	288
20.11667	289
20.12500	290
20.13333	291
20.14167	292
20.15000	294
20.15833	295
20.16667	296
20.17500	297
20.18333	298
20.19167	299
20.20000	301
20.20833	301
20.21667	302
20.22500	304
20.23333	305
20.24167	307
20.25000	308
20.25833	309
20.26667	311
20.27500	312
20.28333	313
20.29167	314
20.30000	316
20.30833	318
20.31667	320
20.32500	321
20.33333	323
20.34167	324
20.35000	325
20.35833	327
20.36667	329
20.37500	332
20.38333	335
20.39167	338
20.40000	341
20.40833	344
20.41667	348
20.42500	352
20.43333	355
20.44167	359
20.45000	363
20.45833	368
20.46667	372
20.47500	377
20.48333	382
20.49167	387
20.50000	393
20.50833	400
20.51667	407
20.52500	414
20.53333	421
20.54167	430
20.55000	438
20.55833	448
20.56667	458
20.57500	468
20.58333	480
20.59167	492
20.60000	505
20.60833	519
20.61667	534
20.62500	550
20.63333	568
20.64167	586
20.65000	606
20.65833	627
20.66667	649
20.67500	672
20.68333	696
20.69167	722
20.70000	749
20.70833	778
20.71667	807
20.72500	838
20.73333	870
20.74167	904
20.75000	938
20.75833	974
20.76667	1011
20.77500	1049
20.78333	1087
20.79167	1125
20.80000	1165
20.80833	1204
20.81667	1244
20.82500	1285
20.83333	1325
20.84167	1365
20.85000	1405
20.85833	1443
20.86667	1482
20.87500	1520
20.88333	1557
20.89167	1592
20.90000	1627
20.90833	1661
20.91667	1695
20.92500	1727
20.93333	1759
20.94167	1790
20.95000	1820
20.95833	1850
20.96667	1879
20.97500	1909
20.98333	1938
20.99167	1968
21.00000	1997
21.00833	2028
21.01667	2059
21.02500	2091
21.03333	2124
21.04167	2160
21.05000	2197
21.05833	2237
21.06667	2280
21.07500	2326
21.08333	2376
21.09167	2430
21.10000	2489
21.10833	2553
21.11667	2622
21.12500	2698
21.13333	2780
21.14167	2869
21.15000	2966
21.15833	3072
21.16667	3188
21.17500	3312
21.18333	3447
21.19167	3594
21.20000	3752
21.20833	3922
21.21667	4105
21.22500	4301
21.23333	4510
21.24167	4734
21.25000	4973
21.25833	5225
21.26667	5492
21.27500	5773
21.28333	6069
21.29167	6378
21.30000	6701
21.30833	7035
21.31667	7381
21.32500	7738
21.33333	8102
21.34167	8475
21.35000	8853
21.35833	9236
21.36667	9620
21.37500	10005
21.38333	10388
21.39167	10766
21.40000	11137
21.40833	11500
21.41667	11850
21.42500	12187
21.43333	12508
21.44167	12809
21.45000	13090
21.45833	13348
21.46667	13581
21.47500	13788
21.48333	13968
21.49167	14118
21.50000	14238
21.50833	14327
21.51667	14385
21.52500	14412
21.53333	14406
21.54167	14369
21.55000	14301
21.55833	14203
21.56667	14076
21.57500	13920
21.58333	13737
21.59167	13529
21.60000	13298
21.60833	13044
21.61667	12770
21.62500	12479
21.63333	12171
21.64167	11849
21.65000	11516
21.65833	11172
21.66667	10820
21.67500	10462
21.68333	10101
21.69167	9737
21.70000	9373
21.70833	9009
21.71667	8647
21.72500	8289
21.73333	7936
21.74167	7590
21.75000	7250
21.75833	6920
21.76667	6598
21.77500	6285
21.78333	5983
21.79167	5691
21.80000	5410
21.80833	5140
21.81667	4880
21.82500	4632
21.83333	4395
21.84167	4169
21.85000	3954
21.85833	3749
21.86667	3554
21.87500	3370
21.88333	3196
21.89167	3030
21.90000	2874
21.90833	2726
21.91667	2586
21.92500	2455
21.93333	2332
21.94167	2216
21.95000	2106
21.95833	2004
21.96667	1907
21.97500	1816
21.98333	1730
21.99167	1649
22.00000	1574
22.00833	1503
22.01667	1437
22.02500	1375
22.03333	1317
22.04167	1262
22.05000	1212
22.05833	1164
22.06667	1120
22.07500	1078
22.08333	1040
22.09167	1004
22.10000	971
22.10833	940
22.11667	911
22.12500	885
22.13333	860
22.14167	837
22.15000	816
22.15833	797
22.16667	780
22.17500	764
22.18333	749
22.19167	736
22.20000	724
22.20833	714
22.21667	704
22.22500	695
22.23333	688
22.24167	681
22.25000	675
22.25833	670
22.26667	666
22.27500	662
22.28333	658
22.29167	655
22.30000	653
22.30833	651
22.31667	649
22.32500	647
22.33333	645
22.34167	644
22.35000	642
22.35833	640
22.36667	639
22.37500	638
22.38333	636
22.39167	634
22.40000	633
22.40833	631
22.41667	629
22.42500	627
22.43333	623
22.44167	620
22.45000	617
22.45833	613
22.46667	610
22.47500	606
22.48333	601
22.49167	597
22.50000	592
22.50833	587
22.51667	582
22.52500	577
22.53333	571
22.54167	565
22.55000	558
22.55833	552
22.56667	545
22.57500	538
22.58333	530
22.59167	523
22.60000	516
22.60833	508
22.61667	500
22.62500	493
22.63333	485
22.64167	478
22.65000	470
22.65833	463
22.66667	456
22.67500	449
22.68333	442
22.69167	435
22.70000	428
22.70833	422
22.71667	415
22.72500	409
22.73333	404
22.74167	398
22.75000	393
22.75833	388
22.76667	384
22.77500	380
22.78333	376
22.79167	373
22.80000	369
22.80833	367
22.81667	364
22.82500	362
22.83333	360
22.84167	359
22.85000	358
22.85833	357
22.86667	357
22.87500	356
22.88333	356
22.89167	357
22.90000	358
22.90833	359
22.91667	360
22.92500	362
22.93333	363
22.94167	365
22.95000	367
22.95833	370
22.96667	372
22.97500	374
22.98333	377
22.99167	380
23.00000	382
23.00833	385
23.01667	387
23.02500	390
23.03333	393
23.04167	396
23.05000	398
23.05833	401
23.06667	404
23.07500	406
23.08333	409
23.09167	411
23.10000	413
23.10833	415
23.11667	416
23.12500	418
23.13333	420
23.14167	421
23.15000	422
23.15833	423
23.16667	424
23.17500	425
23.18333	426
23.19167	427
23.20000	427
23.20833	427
23.21667	427
23.22500	427
23.23333	427
23.24167	428
23.25000	428
23.25833	428
23.26667	428
23.27500	428
23.28333	427
23.29167	427
23.30000	427
23.30833	427
23.31667	426
23.32500	426
23.33333	425
23.34167	425
23.35000	425
23.35833	424
23.36667	424
23.37500	424
23.38333	423
23.39167	423
23.40000	422
23.40833	421
23.41667	420
23.42500	420
23.43333	420
23.44167	419
23.45000	419
23.45833	418
23.46667	417
23.47500	417
23.48333	417
23.49167	417
23.50000	417
23.50833	417
23.51667	416
23.52500	416
23.53333	415
23.54167	415
23.55000	414
23.55833	414
23.56667	414
23.57500	414
23.58333	414
23.59167	414
23.60000	413
23.60833	413
23.61667	412
23.62500	412
23.63333	412
23.64167	412
23.65000	411
23.65833	411
23.66667	411
23.67500	411
23.68333	411
23.69167	411
23.70000	412
23.70833	411
23.71667	411
23.72500	411
23.73333	411
23.74167	411
23.75000	411
23.75833	411
23.76667	411
23.77500	411
23.78333	411
23.79167	411
23.80000	411
23.80833	411
23.81667	411
23.82500	411
23.83333	411
23.84167	411
23.85000	411
23.85833	410
23.86667	410
23.87500	410
23.88333	410
23.89167	409
23.90000	409
23.90833	409
23.91667	409
23.92500	410
23.93333	410
23.94167	410
23.95000	410
23.95833	410
23.96667	411
23.97500	411
23.98333	412
23.99167	412
24.00000	412
24.00833	412
24.01667	412
24.02500	413
24.03333	413
24.04167	413
24.05000	413
24.05833	413
24.06667	413
24.07500	412
24.08333	412
24.09167	412
24.10000	412
24.10833	411
24.11667	411
24.12500	410
24.13333	410
24.14167	409
24.15000	407
24.15833	406
24.16667	405
24.17500	404
24.18333	403
24.19167	401
24.20000	400
24.20833	399
24.21667	397
24.22500	395
24.23333	392
24.24167	391
24.25000	389
24.25833	387
24.26667	385
24.27500	383
24.28333	381
24.29167	378
24.30000	376
24.30833	374
24.31667	372
24.32500	370
24.33333	367
24.34167	365
24.35000	363
24.35833	361
24.36667	359
24.37500	356
24.38333	355
24.39167	352
24.40000	350
24.40833	348
24.41667	346
24.42500	344
24.43333	342
24.44167	340
24.45000	338
24.45833	337
24.46667	335
24.47500	334
24.48333	333
24.49167	332
24.50000	331
24.50833	330
24.51667	328
24.52500	327
24.53333	326
24.54167	325
24.55000	324
24.55833	324
24.56667	323
24.57500	322
24.58333	322
24.59167	322
24.60000	321
24.60833	321
24.61667	321
24.62500	321
24.63333	320
24.64167	320
24.65000	319
24.65833	319
24.66667	319
24.67500	319
24.68333	318
24.69167	319
24.70000	319
24.70833	318
24.71667	318
24.72500	318
24.73333	318
24.74167	318
24.75000	318
24.75833	318
24.76667	318
24.77500	318
24.78333	318
24.79167	318
24.80000	318
24.80833	318
24.81667	318
24.82500	318
24.83333	317
24.84167	317
24.85000	317
24.85833	316
24.86667	316
24.87500	315
24.88333	315
24.89167	314
24.90000	314
24.90833	314
24.91667	314
24.92500	314
24.93333	314
24.94167	314
24.95000	315
24.95833	315
24.96667	315
24.97500	315
24.98333	314
24.99167	314
25.00000	314
25.00833	314
25.01667	314
25.02500	314
25.03333	313
25.04167	313
25.05000	313
25.05833	312
25.06667	312
25.07500	311
25.08333	310
25.09167	310
25.10000	309
25.10833	308
25.11667	308
25.12500	307
25.13333	306
25.14167	306
25.15000	306
25.15833	305
25.16667	305
25.17500	304
25.18333	303
25.19167	303
25.20000	302
25.20833	302
25.21667	301
25.22500	301
25.23333	300
25.24167	300
25.25000	299
25.25833	298
25.26667	298
25.27500	297
25.28333	297
25.29167	296
25.30000	296
25.30833	296
25.31667	295
25.32500	295
25.33333	295
25.34167	294
25.35000	294
25.35833	294
25.36667	294
25.37500	294
25.38333	294
25.39167	294
25.40000	294
25.40833	294
25.41667	294
25.42500	294
25.43333	294
25.44167	293
25.45000	293
25.45833	292
25.46667	292
25.47500	293
25.48333	293
25.49167	293
25.50000	293
25.50833	293
25.51667	293
25.52500	292
25.53333	292
25.54167	292
25.55000	291
25.55833	291
25.56667	291
25.57500	290
25.58333	289
25.59167	289
25.60000	289
25.60833	289
25.61667	289
25.62500	288
25.63333	288
25.64167	288
25.65000	288
25.65833	287
25.66667	287
25.67500	286
25.68333	286
25.69167	286
25.70000	286
25.70833	285
25.71667	285
25.72500	286
25.73333	286
25.74167	286
25.75000	286
25.75833	286
25.76667	286
25.77500	285
25.78333	285
25.79167	285
25.80000	285
25.80833	286
25.81667	285
25.82500	286
25.83333	286
25.84167	286
25.85000	287
25.85833	287
25.86667	287
25.87500	288
25.88333	289
25.89167	289
25.90000	290
25.90833	290
25.91667	291
25.92500	291
25.93333	292
25.94167	293
25.95000	295
25.95833	296
25.96667	298
25.97500	300
25.98333	302
25.99167	304
26.00000	307
26.00833	310
26.01667	313
26.02500	317
26.03333	321
26.04167	325
26.05000	330
26.05833	335
26.06667	340
26.07500	346
26.08333	352
26.09167	359
26.10000	366
26.10833	374
26.11667	382
26.12500	391
26.13333	401
26.14167	412
26.15000	423
26.15833	435
26.16667	447
26.17500	461
26.18333	475
26.19167	489
26.20000	505
26.20833	521
26.21667	538
26.22500	556
26.23333	576
26.24167	596
26.25000	618
26.25833	640
26.26667	663
26.27500	687
26.28333	712
26.29167	737
26.30000	764
26.30833	792
26.31667	820
26.32500	848
26.33333	877
26.34167	907
26.35000	936
26.35833	966
26.36667	996
26.37500	1026
26.38333	1056
26.39167	1086
26.40000	1115
26.40833	1144
26.41667	1172
26.42500	1199
26.43333	1225
26.44167	1250
26.45000	1274
26.45833	1297
26.46667	1318
26.47500	1338
26.48333	1356
26.49167	1372
26.50000	1385
26.50833	1397
26.51667	1407
26.52500	1414
26.53333	1419
26.54167	1422
26.55000	1423
26.55833	1421
26.56667	1417
26.57500	1410
26.58333	1402
26.59167	1392
26.60000	1379
26.60833	1365
26.61667	1348
26.62500	1329
26.63333	1309
26.64167	1288
26.65000	1265
26.65833	1241
26.66667	1215
26.67500	1189
26.68333	1162
26.69167	1134
26.70000	1106
26.70833	1077
26.71667	1047
26.72500	1017
26.73333	987
26.74167	957
26.75000	926
26.75833	896
26.76667	867
26.77500	838
26.78333	809
26.79167	781
26.80000	753
26.80833	726
26.81667	700
26.82500	674
26.83333	650
26.84167	626
26.85000	603
26.85833	580
26.86667	558
26.87500	538
26.88333	518
26.89167	500
26.90000	482
26.90833	465
26.91667	448
26.92500	433
26.93333	418
26.94167	404
26.95000	390
26.95833	378
26.96667	366
26.97500	355
26.98333	344
26.99167	334
27.00000	325
27.00833	316
27.01667	308
27.02500	300
27.03333	293
27.04167	286
27.05000	279
27.05833	273
27.06667	267
27.07500	261
27.08333	256
27.09167	250
27.10000	246
27.10833	241
27.11667	237
27.12500	233
27.13333	229
27.14167	226
27.15000	223
27.15833	220
27.16667	216
27.17500	213
27.18333	210
27.19167	207
27.20000	205
27.20833	202
27.21667	199
27.22500	197
27.23333	195
27.24167	193
27.25000	191
27.25833	189
27.26667	187
27.27500	185
27.28333	183
27.29167	182
27.30000	180
27.30833	178
27.31667	176
27.32500	174
27.33333	173
27.34167	171
27.35000	170
27.35833	169
27.36667	167
27.37500	166
27.38333	165
27.39167	163
27.40000	161
27.40833	160
27.41667	159
27.42500	157
27.43333	156
27.44167	155
27.45000	154
27.45833	153
27.46667	152
27.47500	150
27.48333	149
27.49167	148
27.50000	146
27.50833	145
27.51667	144
27.52500	143
27.53333	142
27.54167	141
27.55000	140
27.55833	139
27.56667	138
27.57500	137
27.58333	136
27.59167	135
27.60000	134
27.60833	132
27.61667	131
27.62500	130
27.63333	129
27.64167	128
27.65000	127
27.65833	126
27.66667	125
27.67500	125
27.68333	123
27.69167	122
27.70000	121
27.70833	121
27.71667	120
27.72500	120
27.73333	119
27.74167	118
27.75000	117
27.75833	116
27.76667	116
27.77500	115
27.78333	113
27.79167	113
27.80000	113
27.80833	112
27.81667	112
27.82500	112
27.83333	111
27.84167	110
27.85000	109
27.85833	108
27.86667	107
27.87500	107
27.88333	106
27.89167	106
27.90000	105
27.90833	104
27.91667	104
27.92500	103
27.93333	102
27.94167	102
27.95000	101
27.95833	101
27.96667	100
27.97500	99
27.98333	98
27.99167	97
28.00000	97

