R.Time (min)	Intensity
0.00000	-22
0.00833	-22
0.01667	-0
0.02500	-0
0.03333	-1
0.04167	-2
0.05000	-2
0.05833	-3
0.06667	-4
0.07500	-5
0.08333	-5
0.09167	-5
0.10000	-6
0.10833	-6
0.11667	-6
0.12500	-6
0.13333	-6
0.14167	-6
0.15000	-6
0.15833	-7
0.16667	-7
0.17500	-8
0.18333	-8
0.19167	-8
0.20000	-9
0.20833	-9
0.21667	-9
0.22500	-10
0.23333	-10
0.24167	-11
0.25000	-12
0.25833	-12
0.26667	-13
0.27500	-13
0.28333	-13
0.29167	-13
0.30000	-14
0.30833	-14
0.31667	-14
0.32500	-14
0.33333	-15
0.34167	-16
0.35000	-16
0.35833	-17
0.36667	-18
0.37500	-18
0.38333	-18
0.39167	-18
0.40000	-19
0.40833	-19
0.41667	-20
0.42500	-20
0.43333	-20
0.44167	-21
0.45000	-22
0.45833	-22
0.46667	-22
0.47500	-23
0.48333	-23
0.49167	-24
0.50000	-25
0.50833	-25
0.51667	-26
0.52500	-27
0.53333	-28
0.54167	-28
0.55000	-28
0.55833	-29
0.56667	-29
0.57500	-30
0.58333	-30
0.59167	-31
0.60000	-31
0.60833	-32
0.61667	-32
0.62500	-33
0.63333	-33
0.64167	-34
0.65000	-35
0.65833	-36
0.66667	-36
0.67500	-37
0.68333	-37
0.69167	-38
0.70000	-38
0.70833	-39
0.71667	-39
0.72500	-40
0.73333	-40
0.74167	-40
0.75000	-41
0.75833	-41
0.76667	-41
0.77500	-42
0.78333	-42
0.79167	-42
0.80000	-42
0.80833	-42
0.81667	-43
0.82500	-43
0.83333	-44
0.84167	-44
0.85000	-45
0.85833	-45
0.86667	-46
0.87500	-46
0.88333	-47
0.89167	-47
0.90000	-47
0.90833	-48
0.91667	-48
0.92500	-49
0.93333	-49
0.94167	-50
0.95000	-51
0.95833	-51
0.96667	-52
0.97500	-52
0.98333	-53
0.99167	-53
1.00000	-53
1.00833	-53
1.01667	-53
1.02500	-54
1.03333	-54
1.04167	-54
1.05000	-55
1.05833	-56
1.06667	-56
1.07500	-57
1.08333	-57
1.09167	-57
1.10000	-58
1.10833	-58
1.11667	-59
1.12500	-59
1.13333	-60
1.14167	-60
1.15000	-60
1.15833	-60
1.16667	-61
1.17500	-61
1.18333	-62
1.19167	-62
1.20000	-63
1.20833	-63
1.21667	-64
1.22500	-64
1.23333	-65
1.24167	-65
1.25000	-65
1.25833	-65
1.26667	-65
1.27500	-65
1.28333	-66
1.29167	-66
1.30000	-66
1.30833	-66
1.31667	-67
1.32500	-67
1.33333	-68
1.34167	-68
1.35000	-68
1.35833	-68
1.36667	-69
1.37500	-69
1.38333	-69
1.39167	-69
1.40000	-69
1.40833	-69
1.41667	-70
1.42500	-70
1.43333	-70
1.44167	-70
1.45000	-70
1.45833	-70
1.46667	-70
1.47500	-71
1.48333	-71
1.49167	-71
1.50000	-71
1.50833	-71
1.51667	-71
1.52500	-71
1.53333	-72
1.54167	-71
1.55000	-71
1.55833	-71
1.56667	-71
1.57500	-71
1.58333	-71
1.59167	-71
1.60000	-71
1.60833	-71
1.61667	-71
1.62500	-72
1.63333	-72
1.64167	-72
1.65000	-72
1.65833	-73
1.66667	-73
1.67500	-73
1.68333	-73
1.69167	-73
1.70000	-74
1.70833	-74
1.71667	-74
1.72500	-74
1.73333	-74
1.74167	-74
1.75000	-74
1.75833	-74
1.76667	-74
1.77500	-75
1.78333	-75
1.79167	-75
1.80000	-75
1.80833	-76
1.81667	-76
1.82500	-76
1.83333	-76
1.84167	-76
1.85000	-76
1.85833	-75
1.86667	-75
1.87500	-75
1.88333	-76
1.89167	-76
1.90000	-75
1.90833	-75
1.91667	-75
1.92500	-75
1.93333	-75
1.94167	-75
1.95000	-76
1.95833	-76
1.96667	-76
1.97500	-76
1.98333	-76
1.99167	-76
2.00000	-76
2.00833	-75
2.01667	-75
2.02500	-76
2.03333	-76
2.04167	-76
2.05000	-75
2.05833	-75
2.06667	-75
2.07500	-75
2.08333	-75
2.09167	-74
2.10000	-74
2.10833	-74
2.11667	-74
2.12500	-73
2.13333	-73
2.14167	-72
2.15000	-72
2.15833	-71
2.16667	-70
2.17500	-69
2.18333	-68
2.19167	-67
2.20000	-66
2.20833	-65
2.21667	-64
2.22500	-63
2.23333	-62
2.24167	-60
2.25000	-59
2.25833	-58
2.26667	-56
2.27500	-54
2.28333	-52
2.29167	-50
2.30000	-48
2.30833	-46
2.31667	-43
2.32500	-40
2.33333	-38
2.34167	-34
2.35000	-31
2.35833	-27
2.36667	-23
2.37500	-19
2.38333	-15
2.39167	-11
2.40000	-6
2.40833	-1
2.41667	4
2.42500	9
2.43333	15
2.44167	22
2.45000	29
2.45833	36
2.46667	44
2.47500	52
2.48333	61
2.49167	70
2.50000	80
2.50833	89
2.51667	100
2.52500	111
2.53333	123
2.54167	136
2.55000	149
2.55833	163
2.56667	178
2.57500	194
2.58333	210
2.59167	228
2.60000	246
2.60833	265
2.61667	285
2.62500	306
2.63333	329
2.64167	352
2.65000	377
2.65833	402
2.66667	429
2.67500	458
2.68333	489
2.69167	520
2.70000	554
2.70833	589
2.71667	626
2.72500	665
2.73333	706
2.74167	750
2.75000	796
2.75833	844
2.76667	895
2.77500	949
2.78333	1005
2.79167	1064
2.80000	1126
2.80833	1192
2.81667	1261
2.82500	1333
2.83333	1409
2.84167	1489
2.85000	1572
2.85833	1660
2.86667	1751
2.87500	1848
2.88333	1949
2.89167	2054
2.90000	2165
2.90833	2281
2.91667	2402
2.92500	2528
2.93333	2659
2.94167	2796
2.95000	2938
2.95833	3085
2.96667	3238
2.97500	3396
2.98333	3559
2.99167	3729
3.00000	3903
3.00833	4082
3.01667	4266
3.02500	4454
3.03333	4646
3.04167	4843
3.05000	5043
3.05833	5247
3.06667	5454
3.07500	5662
3.08333	5873
3.09167	6085
3.10000	6298
3.10833	6511
3.11667	6724
3.12500	6935
3.13333	7144
3.14167	7351
3.15000	7555
3.15833	7755
3.16667	7950
3.17500	8140
3.18333	8324
3.19167	8501
3.20000	8670
3.20833	8831
3.21667	8983
3.22500	9125
3.23333	9258
3.24167	9380
3.25000	9490
3.25833	9588
3.26667	9675
3.27500	9749
3.28333	9811
3.29167	9859
3.30000	9895
3.30833	9916
3.31667	9924
3.32500	9919
3.33333	9901
3.34167	9869
3.35000	9824
3.35833	9767
3.36667	9696
3.37500	9614
3.38333	9520
3.39167	9414
3.40000	9298
3.40833	9171
3.41667	9034
3.42500	8888
3.43333	8733
3.44167	8570
3.45000	8400
3.45833	8223
3.46667	8040
3.47500	7851
3.48333	7657
3.49167	7460
3.50000	7259
3.50833	7054
3.51667	6848
3.52500	6640
3.53333	6431
3.54167	6222
3.55000	6013
3.55833	5805
3.56667	5599
3.57500	5394
3.58333	5191
3.59167	4991
3.60000	4793
3.60833	4599
3.61667	4408
3.62500	4221
3.63333	4038
3.64167	3860
3.65000	3686
3.65833	3517
3.66667	3353
3.67500	3194
3.68333	3040
3.69167	2891
3.70000	2748
3.70833	2610
3.71667	2476
3.72500	2349
3.73333	2226
3.74167	2108
3.75000	1996
3.75833	1888
3.76667	1786
3.77500	1688
3.78333	1595
3.79167	1506
3.80000	1422
3.80833	1343
3.81667	1266
3.82500	1194
3.83333	1126
3.84167	1061
3.85000	1000
3.85833	943
3.86667	889
3.87500	838
3.88333	790
3.89167	745
3.90000	702
3.90833	662
3.91667	624
3.92500	588
3.93333	555
3.94167	523
3.95000	494
3.95833	466
3.96667	440
3.97500	416
3.98333	393
3.99167	371
4.00000	351
4.00833	331
4.01667	313
4.02500	296
4.03333	280
4.04167	264
4.05000	250
4.05833	236
4.06667	224
4.07500	212
4.08333	201
4.09167	190
4.10000	179
4.10833	169
4.11667	159
4.12500	149
4.13333	140
4.14167	132
4.15000	123
4.15833	115
4.16667	108
4.17500	100
4.18333	93
4.19167	86
4.20000	79
4.20833	73
4.21667	66
4.22500	60
4.23333	54
4.24167	48
4.25000	43
4.25833	37
4.26667	32
4.27500	27
4.28333	22
4.29167	17
4.30000	12
4.30833	7
4.31667	2
4.32500	-2
4.33333	-6
4.34167	-10
4.35000	-13
4.35833	-17
4.36667	-21
4.37500	-24
4.38333	-28
4.39167	-31
4.40000	-33
4.40833	-36
4.41667	-38
4.42500	-41
4.43333	-43
4.44167	-45
4.45000	-47
4.45833	-49
4.46667	-51
4.47500	-53
4.48333	-54
4.49167	-56
4.50000	-57
4.50833	-59
4.51667	-61
4.52500	-62
4.53333	-63
4.54167	-63
4.55000	-64
4.55833	-64
4.56667	-64
4.57500	-65
4.58333	-66
4.59167	-66
4.60000	-67
4.60833	-67
4.61667	-68
4.62500	-68
4.63333	-68
4.64167	-68
4.65000	-68
4.65833	-68
4.66667	-68
4.67500	-67
4.68333	-67
4.69167	-67
4.70000	-67
4.70833	-66
4.71667	-66
4.72500	-66
4.73333	-65
4.74167	-65
4.75000	-65
4.75833	-65
4.76667	-64
4.77500	-63
4.78333	-63
4.79167	-62
4.80000	-62
4.80833	-61
4.81667	-61
4.82500	-60
4.83333	-60
4.84167	-59
4.85000	-59
4.85833	-58
4.86667	-58
4.87500	-57
4.88333	-57
4.89167	-57
4.90000	-57
4.90833	-56
4.91667	-56
4.92500	-55
4.93333	-55
4.94167	-55
4.95000	-55
4.95833	-55
4.96667	-54
4.97500	-54
4.98333	-54
4.99167	-53
5.00000	-53
5.00833	-52
5.01667	-52
5.02500	-51
5.03333	-51
5.04167	-51
5.05000	-52
5.05833	-52
5.06667	-52
5.07500	-52
5.08333	-52
5.09167	-52
5.10000	-52
5.10833	-52
5.11667	-52
5.12500	-53
5.13333	-53
5.14167	-54
5.15000	-54
5.15833	-55
5.16667	-55
5.17500	-56
5.18333	-56
5.19167	-57
5.20000	-57
5.20833	-58
5.21667	-58
5.22500	-59
5.23333	-60
5.24167	-61
5.25000	-62
5.25833	-62
5.26667	-63
5.27500	-63
5.28333	-63
5.29167	-64
5.30000	-64
5.30833	-65
5.31667	-65
5.32500	-66
5.33333	-66
5.34167	-67
5.35000	-69
5.35833	-70
5.36667	-71
5.37500	-72
5.38333	-72
5.39167	-73
5.40000	-74
5.40833	-74
5.41667	-75
5.42500	-75
5.43333	-76
5.44167	-76
5.45000	-77
5.45833	-78
5.46667	-78
5.47500	-79
5.48333	-79
5.49167	-80
5.50000	-80
5.50833	-81
5.51667	-81
5.52500	-81
5.53333	-82
5.54167	-82
5.55000	-83
5.55833	-83
5.56667	-83
5.57500	-83
5.58333	-84
5.59167	-84
5.60000	-84
5.60833	-84
5.61667	-85
5.62500	-85
5.63333	-86
5.64167	-87
5.65000	-87
5.65833	-87
5.66667	-87
5.67500	-88
5.68333	-88
5.69167	-88
5.70000	-88
5.70833	-89
5.71667	-89
5.72500	-90
5.73333	-90
5.74167	-90
5.75000	-91
5.75833	-91
5.76667	-91
5.77500	-91
5.78333	-92
5.79167	-92
5.80000	-93
5.80833	-93
5.81667	-93
5.82500	-94
5.83333	-94
5.84167	-95
5.85000	-96
5.85833	-96
5.86667	-97
5.87500	-97
5.88333	-97
5.89167	-98
5.90000	-98
5.90833	-99
5.91667	-99
5.92500	-100
5.93333	-100
5.94167	-101
5.95000	-101
5.95833	-101
5.96667	-101
5.97500	-101
5.98333	-101
5.99167	-101
6.00000	-101
6.00833	-102
6.01667	-102
6.02500	-102
6.03333	-103
6.04167	-103
6.05000	-103
6.05833	-103
6.06667	-104
6.07500	-104
6.08333	-104
6.09167	-104
6.10000	-105
6.10833	-105
6.11667	-105
6.12500	-105
6.13333	-105
6.14167	-105
6.15000	-106
6.15833	-106
6.16667	-106
6.17500	-105
6.18333	-106
6.19167	-106
6.20000	-106
6.20833	-105
6.21667	-105
6.22500	-105
6.23333	-105
6.24167	-105
6.25000	-104
6.25833	-104
6.26667	-104
6.27500	-104
6.28333	-104
6.29167	-104
6.30000	-104
6.30833	-104
6.31667	-104
6.32500	-104
6.33333	-103
6.34167	-103
6.35000	-103
6.35833	-104
6.36667	-104
6.37500	-103
6.38333	-103
6.39167	-103
6.40000	-103
6.40833	-103
6.41667	-103
6.42500	-103
6.43333	-102
6.44167	-102
6.45000	-102
6.45833	-102
6.46667	-102
6.47500	-102
6.48333	-102
6.49167	-102
6.50000	-102
6.50833	-102
6.51667	-102
6.52500	-102
6.53333	-102
6.54167	-102
6.55000	-102
6.55833	-102
6.56667	-102
6.57500	-102
6.58333	-103
6.59167	-103
6.60000	-103
6.60833	-103
6.61667	-103
6.62500	-103
6.63333	-103
6.64167	-103
6.65000	-104
6.65833	-104
6.66667	-104
6.67500	-105
6.68333	-106
6.69167	-106
6.70000	-107
6.70833	-107
6.71667	-108
6.72500	-108
6.73333	-109
6.74167	-109
6.75000	-110
6.75833	-110
6.76667	-110
6.77500	-110
6.78333	-110
6.79167	-110
6.80000	-110
6.80833	-111
6.81667	-111
6.82500	-112
6.83333	-112
6.84167	-112
6.85000	-112
6.85833	-112
6.86667	-111
6.87500	-111
6.88333	-111
6.89167	-112
6.90000	-112
6.90833	-113
6.91667	-112
6.92500	-112
6.93333	-112
6.94167	-112
6.95000	-111
6.95833	-111
6.96667	-111
6.97500	-111
6.98333	-110
6.99167	-110
7.00000	-110
7.00833	-109
7.01667	-109
7.02500	-109
7.03333	-108
7.04167	-108
7.05000	-107
7.05833	-106
7.06667	-105
7.07500	-104
7.08333	-102
7.09167	-99
7.10000	-96
7.10833	-92
7.11667	-87
7.12500	-81
7.13333	-74
7.14167	-65
7.15000	-55
7.15833	-43
7.16667	-28
7.17500	-12
7.18333	7
7.19167	27
7.20000	50
7.20833	74
7.21667	100
7.22500	128
7.23333	158
7.24167	188
7.25000	218
7.25833	249
7.26667	278
7.27500	303
7.28333	324
7.29167	337
7.30000	342
7.30833	337
7.31667	322
7.32500	296
7.33333	263
7.34167	229
7.35000	201
7.35833	191
7.36667	213
7.37500	285
7.38333	426
7.39167	657
7.40000	997
7.40833	1465
7.41667	2077
7.42500	2845
7.43333	3776
7.44167	4869
7.45000	6119
7.45833	7508
7.46667	9012
7.47500	10596
7.48333	12215
7.49167	13813
7.50000	15332
7.50833	16706
7.51667	17873
7.52500	18777
7.53333	19375
7.54167	19641
7.55000	19569
7.55833	19172
7.56667	18485
7.57500	17554
7.58333	16436
7.59167	15191
7.60000	13879
7.60833	12551
7.61667	11254
7.62500	10022
7.63333	8878
7.64167	7839
7.65000	6910
7.65833	6092
7.66667	5379
7.67500	4763
7.68333	4236
7.69167	3785
7.70000	3400
7.70833	3072
7.71667	2791
7.72500	2550
7.73333	2342
7.74167	2162
7.75000	2005
7.75833	1868
7.76667	1747
7.77500	1640
7.78333	1545
7.79167	1459
7.80000	1382
7.80833	1312
7.81667	1248
7.82500	1187
7.83333	1130
7.84167	1076
7.85000	1024
7.85833	973
7.86667	923
7.87500	874
7.88333	826
7.89167	780
7.90000	736
7.90833	692
7.91667	651
7.92500	613
7.93333	578
7.94167	545
7.95000	515
7.95833	489
7.96667	466
7.97500	447
7.98333	430
7.99167	417
8.00000	406
8.00833	397
8.01667	390
8.02500	384
8.03333	378
8.04167	373
8.05000	367
8.05833	362
8.06667	355
8.07500	347
8.08333	339
8.09167	330
8.10000	320
8.10833	309
8.11667	297
8.12500	285
8.13333	272
8.14167	260
8.15000	248
8.15833	236
8.16667	224
8.17500	213
8.18333	204
8.19167	194
8.20000	186
8.20833	178
8.21667	170
8.22500	164
8.23333	158
8.24167	153
8.25000	148
8.25833	144
8.26667	140
8.27500	137
8.28333	134
8.29167	132
8.30000	130
8.30833	128
8.31667	127
8.32500	125
8.33333	124
8.34167	124
8.35000	123
8.35833	122
8.36667	122
8.37500	121
8.38333	120
8.39167	120
8.40000	120
8.40833	119
8.41667	119
8.42500	118
8.43333	117
8.44167	116
8.45000	115
8.45833	114
8.46667	112
8.47500	111
8.48333	109
8.49167	108
8.50000	106
8.50833	105
8.51667	103
8.52500	102
8.53333	100
8.54167	99
8.55000	97
8.55833	95
8.56667	94
8.57500	93
8.58333	92
8.59167	91
8.60000	91
8.60833	91
8.61667	91
8.62500	91
8.63333	92
8.64167	94
8.65000	96
8.65833	100
8.66667	103
8.67500	108
8.68333	114
8.69167	120
8.70000	127
8.70833	134
8.71667	141
8.72500	149
8.73333	157
8.74167	165
8.75000	172
8.75833	179
8.76667	186
8.77500	193
8.78333	199
8.79167	205
8.80000	210
8.80833	214
8.81667	219
8.82500	223
8.83333	228
8.84167	235
8.85000	242
8.85833	251
8.86667	263
8.87500	277
8.88333	295
8.89167	318
8.90000	346
8.90833	381
8.91667	424
8.92500	474
8.93333	533
8.94167	602
8.95000	680
8.95833	768
8.96667	866
8.97500	973
8.98333	1087
8.99167	1207
9.00000	1332
9.00833	1459
9.01667	1587
9.02500	1711
9.03333	1831
9.04167	1944
9.05000	2046
9.05833	2137
9.06667	2213
9.07500	2274
9.08333	2318
9.09167	2345
9.10000	2355
9.10833	2347
9.11667	2322
9.12500	2283
9.13333	2229
9.14167	2163
9.15000	2087
9.15833	2002
9.16667	1911
9.17500	1815
9.18333	1716
9.19167	1617
9.20000	1518
9.20833	1420
9.21667	1327
9.22500	1237
9.23333	1152
9.24167	1072
9.25000	998
9.25833	929
9.26667	867
9.27500	810
9.28333	759
9.29167	714
9.30000	673
9.30833	638
9.31667	607
9.32500	580
9.33333	557
9.34167	538
9.35000	522
9.35833	510
9.36667	501
9.37500	496
9.38333	495
9.39167	497
9.40000	504
9.40833	515
9.41667	533
9.42500	558
9.43333	591
9.44167	635
9.45000	691
9.45833	763
9.46667	852
9.47500	962
9.48333	1099
9.49167	1266
9.50000	1469
9.50833	1713
9.51667	2004
9.52500	2346
9.53333	2744
9.54167	3205
9.55000	3731
9.55833	4325
9.56667	4988
9.57500	5719
9.58333	6515
9.59167	7372
9.60000	8282
9.60833	9236
9.61667	10222
9.62500	11229
9.63333	12241
9.64167	13243
9.65000	14219
9.65833	15153
9.66667	16028
9.67500	16833
9.68333	17554
9.69167	18180
9.70000	18705
9.70833	19122
9.71667	19429
9.72500	19628
9.73333	19723
9.74167	19718
9.75000	19623
9.75833	19447
9.76667	19203
9.77500	18903
9.78333	18559
9.79167	18187
9.80000	17797
9.80833	17403
9.81667	17016
9.82500	16648
9.83333	16306
9.84167	15998
9.85000	15732
9.85833	15512
9.86667	15342
9.87500	15225
9.88333	15161
9.89167	15151
9.90000	15194
9.90833	15290
9.91667	15437
9.92500	15633
9.93333	15876
9.94167	16162
9.95000	16488
9.95833	16851
9.96667	17249
9.97500	17677
9.98333	18132
9.99167	18611
10.00000	19110
10.00833	19627
10.01667	20157
10.02500	20697
10.03333	21240
10.04167	21780
10.05000	22305
10.05833	22801
10.06667	23246
10.07500	23610
10.08333	23859
10.09167	23953
10.10000	23853
10.10833	23526
10.11667	22952
10.12500	22125
10.13333	21060
10.14167	19787
10.15000	18352
10.15833	16810
10.16667	15219
10.17500	13632
10.18333	12097
10.19167	10650
10.20000	9315
10.20833	8108
10.21667	7034
10.22500	6094
10.23333	5278
10.24167	4579
10.25000	3984
10.25833	3480
10.26667	3055
10.27500	2697
10.28333	2396
10.29167	2142
10.30000	1929
10.30833	1748
10.31667	1593
10.32500	1460
10.33333	1346
10.34167	1246
10.35000	1159
10.35833	1081
10.36667	1012
10.37500	949
10.38333	892
10.39167	840
10.40000	792
10.40833	748
10.41667	708
10.42500	670
10.43333	635
10.44167	604
10.45000	574
10.45833	547
10.46667	523
10.47500	500
10.48333	481
10.49167	465
10.50000	452
10.50833	441
10.51667	432
10.52500	426
10.53333	423
10.54167	422
10.55000	423
10.55833	426
10.56667	431
10.57500	436
10.58333	443
10.59167	450
10.60000	457
10.60833	463
10.61667	469
10.62500	474
10.63333	477
10.64167	478
10.65000	477
10.65833	474
10.66667	469
10.67500	462
10.68333	453
10.69167	441
10.70000	428
10.70833	413
10.71667	397
10.72500	380
10.73333	362
10.74167	343
10.75000	324
10.75833	306
10.76667	287
10.77500	269
10.78333	252
10.79167	236
10.80000	220
10.80833	206
10.81667	193
10.82500	181
10.83333	171
10.84167	162
10.85000	153
10.85833	146
10.86667	139
10.87500	134
10.88333	129
10.89167	124
10.90000	120
10.90833	117
10.91667	114
10.92500	111
10.93333	109
10.94167	107
10.95000	104
10.95833	102
10.96667	100
10.97500	98
10.98333	96
10.99167	94
11.00000	93
11.00833	92
11.01667	92
11.02500	92
11.03333	93
11.04167	94
11.05000	97
11.05833	101
11.06667	106
11.07500	113
11.08333	121
11.09167	132
11.10000	147
11.10833	164
11.11667	183
11.12500	207
11.13333	234
11.14167	265
11.15000	300
11.15833	339
11.16667	382
11.17500	429
11.18333	479
11.19167	533
11.20000	589
11.20833	646
11.21667	704
11.22500	762
11.23333	819
11.24167	872
11.25000	921
11.25833	965
11.26667	1003
11.27500	1033
11.28333	1055
11.29167	1069
11.30000	1074
11.30833	1070
11.31667	1057
11.32500	1036
11.33333	1008
11.34167	974
11.35000	935
11.35833	892
11.36667	845
11.37500	797
11.38333	748
11.39167	699
11.40000	650
11.40833	603
11.41667	558
11.42500	516
11.43333	476
11.44167	438
11.45000	403
11.45833	371
11.46667	341
11.47500	313
11.48333	289
11.49167	266
11.50000	245
11.50833	226
11.51667	209
11.52500	194
11.53333	181
11.54167	168
11.55000	157
11.55833	147
11.56667	137
11.57500	128
11.58333	120
11.59167	113
11.60000	107
11.60833	101
11.61667	95
11.62500	90
11.63333	85
11.64167	82
11.65000	78
11.65833	75
11.66667	71
11.67500	68
11.68333	66
11.69167	63
11.70000	61
11.70833	59
11.71667	57
11.72500	56
11.73333	54
11.74167	53
11.75000	52
11.75833	51
11.76667	50
11.77500	49
11.78333	49
11.79167	48
11.80000	48
11.80833	47
11.81667	46
11.82500	45
11.83333	44
11.84167	43
11.85000	42
11.85833	42
11.86667	41
11.87500	40
11.88333	39
11.89167	37
11.90000	36
11.90833	34
11.91667	32
11.92500	30
11.93333	28
11.94167	27
11.95000	25
11.95833	23
11.96667	21
11.97500	19
11.98333	18
11.99167	16
12.00000	14
12.00833	13
12.01667	11
12.02500	10
12.03333	9
12.04167	9
12.05000	8
12.05833	7
12.06667	6
12.07500	6
12.08333	6
12.09167	5
12.10000	5
12.10833	4
12.11667	3
12.12500	3
12.13333	2
12.14167	2
12.15000	1
12.15833	0
12.16667	-1
12.17500	-2
12.18333	-3
12.19167	-4
12.20000	-5
12.20833	-6
12.21667	-6
12.22500	-7
12.23333	-7
12.24167	-8
12.25000	-8
12.25833	-9
12.26667	-10
12.27500	-10
12.28333	-11
12.29167	-11
12.30000	-12
12.30833	-12
12.31667	-12
12.32500	-13
12.33333	-13
12.34167	-14
12.35000	-15
12.35833	-16
12.36667	-17
12.37500	-17
12.38333	-18
12.39167	-19
12.40000	-19
12.40833	-20
12.41667	-21
12.42500	-22
12.43333	-22
12.44167	-23
12.45000	-24
12.45833	-25
12.46667	-25
12.47500	-25
12.48333	-25
12.49167	-26
12.50000	-26
12.50833	-26
12.51667	-26
12.52500	-26
12.53333	-27
12.54167	-27
12.55000	-27
12.55833	-26
12.56667	-26
12.57500	-26
12.58333	-25
12.59167	-25
12.60000	-24
12.60833	-23
12.61667	-22
12.62500	-22
12.63333	-21
12.64167	-20
12.65000	-19
12.65833	-18
12.66667	-16
12.67500	-15
12.68333	-14
12.69167	-13
12.70000	-12
12.70833	-11
12.71667	-11
12.72500	-10
12.73333	-9
12.74167	-7
12.75000	-6
12.75833	-6
12.76667	-5
12.77500	-4
12.78333	-3
12.79167	-3
12.80000	-2
12.80833	-2
12.81667	-2
12.82500	-2
12.83333	-1
12.84167	-1
12.85000	-1
12.85833	-0
12.86667	0
12.87500	1
12.88333	1
12.89167	2
12.90000	2
12.90833	3
12.91667	4
12.92500	5
12.93333	6
12.94167	8
12.95000	9
12.95833	10
12.96667	12
12.97500	13
12.98333	15
12.99167	16
13.00000	18
13.00833	20
13.01667	22
13.02500	23
13.03333	25
13.04167	27
13.05000	28
13.05833	30
13.06667	32
13.07500	33
13.08333	34
13.09167	35
13.10000	35
13.10833	36
13.11667	37
13.12500	37
13.13333	37
13.14167	38
13.15000	37
13.15833	37
13.16667	37
13.17500	36
13.18333	36
13.19167	36
13.20000	35
13.20833	35
13.21667	34
13.22500	33
13.23333	32
13.24167	32
13.25000	31
13.25833	31
13.26667	31
13.27500	31
13.28333	31
13.29167	31
13.30000	30
13.30833	30
13.31667	31
13.32500	32
13.33333	33
13.34167	33
13.35000	34
13.35833	35
13.36667	36
13.37500	37
13.38333	38
13.39167	40
13.40000	41
13.40833	43
13.41667	44
13.42500	46
13.43333	47
13.44167	49
13.45000	50
13.45833	52
13.46667	53
13.47500	55
13.48333	57
13.49167	59
13.50000	61
13.50833	63
13.51667	66
13.52500	68
13.53333	71
13.54167	74
13.55000	78
13.55833	82
13.56667	86
13.57500	90
13.58333	95
13.59167	100
13.60000	106
13.60833	113
13.61667	119
13.62500	126
13.63333	134
13.64167	142
13.65000	151
13.65833	160
13.66667	170
13.67500	180
13.68333	191
13.69167	202
13.70000	212
13.70833	223
13.71667	233
13.72500	243
13.73333	254
13.74167	263
13.75000	273
13.75833	281
13.76667	290
13.77500	298
13.78333	305
13.79167	312
13.80000	319
13.80833	326
13.81667	333
13.82500	341
13.83333	348
13.84167	355
13.85000	362
13.85833	369
13.86667	376
13.87500	384
13.88333	392
13.89167	399
13.90000	407
13.90833	414
13.91667	421
13.92500	427
13.93333	433
13.94167	439
13.95000	444
13.95833	448
13.96667	451
13.97500	453
13.98333	454
13.99167	453
14.00000	452
14.00833	449
14.01667	446
14.02500	442
14.03333	436
14.04167	431
14.05000	424
14.05833	417
14.06667	409
14.07500	400
14.08333	392
14.09167	383
14.10000	374
14.10833	366
14.11667	357
14.12500	349
14.13333	341
14.14167	333
14.15000	325
14.15833	318
14.16667	312
14.17500	307
14.18333	302
14.19167	297
14.20000	293
14.20833	289
14.21667	286
14.22500	283
14.23333	280
14.24167	278
14.25000	277
14.25833	275
14.26667	274
14.27500	274
14.28333	273
14.29167	273
14.30000	273
14.30833	274
14.31667	274
14.32500	274
14.33333	275
14.34167	276
14.35000	278
14.35833	279
14.36667	280
14.37500	281
14.38333	283
14.39167	284
14.40000	285
14.40833	286
14.41667	287
14.42500	289
14.43333	290
14.44167	291
14.45000	293
14.45833	294
14.46667	295
14.47500	295
14.48333	296
14.49167	296
14.50000	296
14.50833	296
14.51667	297
14.52500	297
14.53333	297
14.54167	297
14.55000	297
14.55833	297
14.56667	297
14.57500	296
14.58333	296
14.59167	295
14.60000	294
14.60833	294
14.61667	292
14.62500	291
14.63333	290
14.64167	289
14.65000	287
14.65833	286
14.66667	285
14.67500	283
14.68333	282
14.69167	280
14.70000	279
14.70833	277
14.71667	275
14.72500	274
14.73333	272
14.74167	271
14.75000	269
14.75833	268
14.76667	266
14.77500	264
14.78333	262
14.79167	260
14.80000	259
14.80833	258
14.81667	256
14.82500	255
14.83333	254
14.84167	253
14.85000	251
14.85833	250
14.86667	250
14.87500	249
14.88333	248
14.89167	247
14.90000	247
14.90833	247
14.91667	246
14.92500	246
14.93333	246
14.94167	247
14.95000	247
14.95833	248
14.96667	249
14.97500	251
14.98333	252
14.99167	255
15.00000	258
15.00833	261
15.01667	266
15.02500	270
15.03333	276
15.04167	283
15.05000	291
15.05833	301
15.06667	312
15.07500	325
15.08333	340
15.09167	357
15.10000	375
15.10833	396
15.11667	418
15.12500	444
15.13333	471
15.14167	500
15.15000	531
15.15833	564
15.16667	598
15.17500	633
15.18333	670
15.19167	707
15.20000	744
15.20833	781
15.21667	817
15.22500	852
15.23333	885
15.24167	916
15.25000	944
15.25833	968
15.26667	988
15.27500	1005
15.28333	1017
15.29167	1025
15.30000	1027
15.30833	1025
15.31667	1018
15.32500	1007
15.33333	991
15.34167	972
15.35000	948
15.35833	921
15.36667	892
15.37500	859
15.38333	825
15.39167	789
15.40000	753
15.40833	715
15.41667	677
15.42500	639
15.43333	601
15.44167	564
15.45000	528
15.45833	493
15.46667	459
15.47500	427
15.48333	396
15.49167	367
15.50000	339
15.50833	313
15.51667	288
15.52500	266
15.53333	245
15.54167	225
15.55000	207
15.55833	190
15.56667	175
15.57500	161
15.58333	147
15.59167	135
15.60000	124
15.60833	113
15.61667	104
15.62500	96
15.63333	88
15.64167	81
15.65000	75
15.65833	69
15.66667	63
15.67500	59
15.68333	55
15.69167	50
15.70000	47
15.70833	43
15.71667	40
15.72500	37
15.73333	34
15.74167	32
15.75000	30
15.75833	28
15.76667	26
15.77500	24
15.78333	22
15.79167	20
15.80000	19
15.80833	17
15.81667	16
15.82500	15
15.83333	15
15.84167	14
15.85000	14
15.85833	13
15.86667	12
15.87500	12
15.88333	12
15.89167	12
15.90000	12
15.90833	12
15.91667	13
15.92500	14
15.93333	15
15.94167	17
15.95000	20
15.95833	22
15.96667	25
15.97500	29
15.98333	33
15.99167	38
16.00000	43
16.00833	49
16.01667	55
16.02500	62
16.03333	68
16.04167	75
16.05000	83
16.05833	90
16.06667	98
16.07500	106
16.08333	114
16.09167	122
16.10000	129
16.10833	136
16.11667	142
16.12500	148
16.13333	153
16.14167	157
16.15000	160
16.15833	163
16.16667	165
16.17500	165
16.18333	165
16.19167	165
16.20000	163
16.20833	161
16.21667	158
16.22500	155
16.23333	151
16.24167	147
16.25000	143
16.25833	138
16.26667	133
16.27500	129
16.28333	125
16.29167	121
16.30000	117
16.30833	114
16.31667	111
16.32500	108
16.33333	106
16.34167	105
16.35000	104
16.35833	103
16.36667	103
16.37500	104
16.38333	105
16.39167	107
16.40000	110
16.40833	113
16.41667	117
16.42500	121
16.43333	127
16.44167	132
16.45000	138
16.45833	145
16.46667	153
16.47500	161
16.48333	170
16.49167	180
16.50000	190
16.50833	201
16.51667	212
16.52500	223
16.53333	234
16.54167	246
16.55000	257
16.55833	269
16.56667	281
16.57500	293
16.58333	304
16.59167	315
16.60000	326
16.60833	336
16.61667	345
16.62500	353
16.63333	360
16.64167	365
16.65000	369
16.65833	372
16.66667	373
16.67500	373
16.68333	372
16.69167	370
16.70000	366
16.70833	360
16.71667	353
16.72500	345
16.73333	336
16.74167	325
16.75000	314
16.75833	302
16.76667	289
16.77500	276
16.78333	263
16.79167	249
16.80000	235
16.80833	221
16.81667	208
16.82500	195
16.83333	181
16.84167	169
16.85000	156
16.85833	144
16.86667	133
16.87500	121
16.88333	111
16.89167	101
16.90000	91
16.90833	82
16.91667	74
16.92500	66
16.93333	59
16.94167	52
16.95000	46
16.95833	40
16.96667	34
16.97500	28
16.98333	23
16.99167	18
17.00000	14
17.00833	10
17.01667	6
17.02500	2
17.03333	-1
17.04167	-4
17.05000	-6
17.05833	-9
17.06667	-11
17.07500	-14
17.08333	-16
17.09167	-19
17.10000	-21
17.10833	-23
17.11667	-25
17.12500	-27
17.13333	-28
17.14167	-30
17.15000	-32
17.15833	-34
17.16667	-35
17.17500	-37
17.18333	-38
17.19167	-39
17.20000	-40
17.20833	-42
17.21667	-43
17.22500	-44
17.23333	-45
17.24167	-46
17.25000	-47
17.25833	-49
17.26667	-50
17.27500	-51
17.28333	-51
17.29167	-52
17.30000	-53
17.30833	-54
17.31667	-55
17.32500	-56
17.33333	-57
17.34167	-57
17.35000	-58
17.35833	-58
17.36667	-59
17.37500	-60
17.38333	-60
17.39167	-60
17.40000	-60
17.40833	-60
17.41667	-60
17.42500	-60
17.43333	-60
17.44167	-61
17.45000	-61
17.45833	-61
17.46667	-60
17.47500	-60
17.48333	-60
17.49167	-60
17.50000	-60
17.50833	-60
17.51667	-60
17.52500	-59
17.53333	-58
17.54167	-58
17.55000	-57
17.55833	-56
17.56667	-55
17.57500	-54
17.58333	-53
17.59167	-51
17.60000	-50
17.60833	-48
17.61667	-47
17.62500	-44
17.63333	-42
17.64167	-40
17.65000	-37
17.65833	-34
17.66667	-30
17.67500	-27
17.68333	-23
17.69167	-19
17.70000	-14
17.70833	-9
17.71667	-4
17.72500	3
17.73333	10
17.74167	17
17.75000	25
17.75833	34
17.76667	44
17.77500	54
17.78333	66
17.79167	79
17.80000	94
17.80833	110
17.81667	128
17.82500	147
17.83333	169
17.84167	193
17.85000	219
17.85833	248
17.86667	279
17.87500	314
17.88333	353
17.89167	395
17.90000	441
17.90833	490
17.91667	545
17.92500	603
17.93333	667
17.94167	735
17.95000	807
17.95833	884
17.96667	966
17.97500	1052
17.98333	1143
17.99167	1237
18.00000	1334
18.00833	1433
18.01667	1535
18.02500	1637
18.03333	1740
18.04167	1842
18.05000	1942
18.05833	2040
18.06667	2134
18.07500	2224
18.08333	2308
18.09167	2385
18.10000	2456
18.10833	2517
18.11667	2570
18.12500	2613
18.13333	2646
18.14167	2668
18.15000	2680
18.15833	2681
18.16667	2672
18.17500	2652
18.18333	2622
18.19167	2583
18.20000	2534
18.20833	2478
18.21667	2414
18.22500	2343
18.23333	2267
18.24167	2185
18.25000	2100
18.25833	2012
18.26667	1921
18.27500	1828
18.28333	1734
18.29167	1641
18.30000	1548
18.30833	1457
18.31667	1368
18.32500	1281
18.33333	1197
18.34167	1117
18.35000	1040
18.35833	966
18.36667	896
18.37500	830
18.38333	767
18.39167	707
18.40000	652
18.40833	601
18.41667	553
18.42500	508
18.43333	467
18.44167	429
18.45000	394
18.45833	361
18.46667	331
18.47500	303
18.48333	277
18.49167	254
18.50000	232
18.50833	213
18.51667	195
18.52500	179
18.53333	164
18.54167	150
18.55000	137
18.55833	125
18.56667	115
18.57500	106
18.58333	97
18.59167	90
18.60000	83
18.60833	78
18.61667	73
18.62500	69
18.63333	66
18.64167	64
18.65000	62
18.65833	61
18.66667	60
18.67500	61
18.68333	63
18.69167	65
18.70000	68
18.70833	72
18.71667	77
18.72500	82
18.73333	88
18.74167	94
18.75000	101
18.75833	109
18.76667	117
18.77500	126
18.78333	135
18.79167	144
18.80000	154
18.80833	163
18.81667	173
18.82500	183
18.83333	193
18.84167	203
18.85000	212
18.85833	221
18.86667	229
18.87500	237
18.88333	245
18.89167	251
18.90000	257
18.90833	262
18.91667	266
18.92500	269
18.93333	271
18.94167	271
18.95000	271
18.95833	270
18.96667	268
18.97500	264
18.98333	260
18.99167	255
19.00000	249
19.00833	243
19.01667	235
19.02500	227
19.03333	218
19.04167	209
19.05000	199
19.05833	189
19.06667	179
19.07500	169
19.08333	159
19.09167	148
19.10000	137
19.10833	127
19.11667	117
19.12500	107
19.13333	97
19.14167	88
19.15000	80
19.15833	71
19.16667	63
19.17500	55
19.18333	48
19.19167	41
19.20000	34
19.20833	28
19.21667	22
19.22500	16
19.23333	11
19.24167	6
19.25000	2
19.25833	-2
19.26667	-5
19.27500	-9
19.28333	-12
19.29167	-14
19.30000	-17
19.30833	-19
19.31667	-20
19.32500	-22
19.33333	-23
19.34167	-24
19.35000	-25
19.35833	-26
19.36667	-26
19.37500	-27
19.38333	-28
19.39167	-28
19.40000	-28
19.40833	-29
19.41667	-29
19.42500	-29
19.43333	-29
19.44167	-28
19.45000	-28
19.45833	-28
19.46667	-28
19.47500	-28
19.48333	-27
19.49167	-27
19.50000	-27
19.50833	-27
19.51667	-27
19.52500	-26
19.53333	-26
19.54167	-26
19.55000	-26
19.55833	-26
19.56667	-26
19.57500	-26
19.58333	-26
19.59167	-26
19.60000	-27
19.60833	-28
19.61667	-28
19.62500	-29
19.63333	-29
19.64167	-30
19.65000	-31
19.65833	-32
19.66667	-33
19.67500	-33
19.68333	-34
19.69167	-35
19.70000	-35
19.70833	-35
19.71667	-36
19.72500	-37
19.73333	-37
19.74167	-38
19.75000	-39
19.75833	-39
19.76667	-40
19.77500	-40
19.78333	-41
19.79167	-42
19.80000	-42
19.80833	-43
19.81667	-43
19.82500	-44
19.83333	-44
19.84167	-45
19.85000	-45
19.85833	-46
19.86667	-46
19.87500	-47
19.88333	-48
19.89167	-48
19.90000	-49
19.90833	-49
19.91667	-50
19.92500	-51
19.93333	-51
19.94167	-52
19.95000	-52
19.95833	-53
19.96667	-54
19.97500	-54
19.98333	-55
19.99167	-56
20.00000	-56
20.00833	-57
20.01667	-57
20.02500	-57
20.03333	-58
20.04167	-59
20.05000	-59
20.05833	-59
20.06667	-59
20.07500	-59
20.08333	-59
20.09167	-60
20.10000	-60
20.10833	-60
20.11667	-61
20.12500	-61
20.13333	-61
20.14167	-62
20.15000	-62
20.15833	-61
20.16667	-61
20.17500	-61
20.18333	-61
20.19167	-61
20.20000	-61
20.20833	-61
20.21667	-61
20.22500	-61
20.23333	-61
20.24167	-60
20.25000	-60
20.25833	-60
20.26667	-60
20.27500	-60
20.28333	-60
20.29167	-59
20.30000	-59
20.30833	-58
20.31667	-57
20.32500	-56
20.33333	-55
20.34167	-55
20.35000	-54
20.35833	-53
20.36667	-51
20.37500	-50
20.38333	-49
20.39167	-47
20.40000	-46
20.40833	-44
20.41667	-42
20.42500	-39
20.43333	-37
20.44167	-34
20.45000	-30
20.45833	-27
20.46667	-23
20.47500	-19
20.48333	-15
20.49167	-11
20.50000	-7
20.50833	-2
20.51667	4
20.52500	9
20.53333	16
20.54167	23
20.55000	30
20.55833	38
20.56667	46
20.57500	55
20.58333	66
20.59167	77
20.60000	89
20.60833	102
20.61667	116
20.62500	130
20.63333	146
20.64167	163
20.65000	180
20.65833	200
20.66667	220
20.67500	242
20.68333	265
20.69167	289
20.70000	315
20.70833	342
20.71667	371
20.72500	401
20.73333	432
20.74167	464
20.75000	497
20.75833	531
20.76667	566
20.77500	603
20.78333	640
20.79167	678
20.80000	716
20.80833	755
20.81667	794
20.82500	833
20.83333	871
20.84167	909
20.85000	947
20.85833	984
20.86667	1021
20.87500	1058
20.88333	1094
20.89167	1129
20.90000	1162
20.90833	1195
20.91667	1227
20.92500	1258
20.93333	1288
20.94167	1318
20.95000	1347
20.95833	1376
20.96667	1404
20.97500	1432
20.98333	1460
20.99167	1488
21.00000	1517
21.00833	1546
21.01667	1575
21.02500	1606
21.03333	1638
21.04167	1671
21.05000	1706
21.05833	1744
21.06667	1785
21.07500	1830
21.08333	1877
21.09167	1927
21.10000	1983
21.10833	2043
21.11667	2109
21.12500	2181
21.13333	2260
21.14167	2345
21.15000	2437
21.15833	2538
21.16667	2648
21.17500	2768
21.18333	2898
21.19167	3038
21.20000	3190
21.20833	3354
21.21667	3530
21.22500	3720
21.23333	3923
21.24167	4140
21.25000	4371
21.25833	4616
21.26667	4875
21.27500	5149
21.28333	5437
21.29167	5738
21.30000	6053
21.30833	6380
21.31667	6719
21.32500	7068
21.33333	7427
21.34167	7794
21.35000	8168
21.35833	8546
21.36667	8926
21.37500	9308
21.38333	9688
21.39167	10064
21.40000	10435
21.40833	10797
21.41667	11149
21.42500	11488
21.43333	11811
21.44167	12117
21.45000	12403
21.45833	12667
21.46667	12907
21.47500	13122
21.48333	13309
21.49167	13468
21.50000	13597
21.50833	13696
21.51667	13764
21.52500	13800
21.53333	13805
21.54167	13779
21.55000	13722
21.55833	13634
21.56667	13518
21.57500	13373
21.58333	13200
21.59167	13003
21.60000	12781
21.60833	12537
21.61667	12272
21.62500	11989
21.63333	11689
21.64167	11374
21.65000	11047
21.65833	10708
21.66667	10361
21.67500	10008
21.68333	9650
21.69167	9288
21.70000	8926
21.70833	8564
21.71667	8204
21.72500	7847
21.73333	7495
21.74167	7149
21.75000	6809
21.75833	6478
21.76667	6155
21.77500	5842
21.78333	5538
21.79167	5244
21.80000	4961
21.80833	4689
21.81667	4427
21.82500	4177
21.83333	3938
21.84167	3709
21.85000	3492
21.85833	3285
21.86667	3089
21.87500	2902
21.88333	2725
21.89167	2558
21.90000	2400
21.90833	2250
21.91667	2108
21.92500	1975
21.93333	1849
21.94167	1731
21.95000	1620
21.95833	1516
21.96667	1418
21.97500	1326
21.98333	1239
21.99167	1158
22.00000	1081
22.00833	1008
22.01667	941
22.02500	877
22.03333	818
22.04167	763
22.05000	712
22.05833	664
22.06667	619
22.07500	577
22.08333	539
22.09167	502
22.10000	468
22.10833	437
22.11667	407
22.12500	380
22.13333	355
22.14167	332
22.15000	311
22.15833	291
22.16667	273
22.17500	257
22.18333	242
22.19167	228
22.20000	216
22.20833	205
22.21667	194
22.22500	185
22.23333	177
22.24167	169
22.25000	163
22.25833	157
22.26667	152
22.27500	147
22.28333	143
22.29167	139
22.30000	136
22.30833	134
22.31667	132
22.32500	129
22.33333	127
22.34167	125
22.35000	123
22.35833	121
22.36667	120
22.37500	118
22.38333	117
22.39167	115
22.40000	113
22.40833	111
22.41667	109
22.42500	106
22.43333	103
22.44167	101
22.45000	98
22.45833	94
22.46667	91
22.47500	87
22.48333	82
22.49167	78
22.50000	73
22.50833	68
22.51667	63
22.52500	57
22.53333	51
22.54167	44
22.55000	38
22.55833	31
22.56667	24
22.57500	17
22.58333	10
22.59167	2
22.60000	-5
22.60833	-12
22.61667	-20
22.62500	-27
22.63333	-34
22.64167	-42
22.65000	-49
22.65833	-57
22.66667	-64
22.67500	-71
22.68333	-79
22.69167	-86
22.70000	-92
22.70833	-99
22.71667	-105
22.72500	-111
22.73333	-117
22.74167	-123
22.75000	-128
22.75833	-133
22.76667	-138
22.77500	-142
22.78333	-145
22.79167	-149
22.80000	-152
22.80833	-155
22.81667	-158
22.82500	-160
22.83333	-162
22.84167	-164
22.85000	-165
22.85833	-165
22.86667	-165
22.87500	-165
22.88333	-165
22.89167	-165
22.90000	-165
22.90833	-164
22.91667	-163
22.92500	-161
22.93333	-160
22.94167	-158
22.95000	-156
22.95833	-154
22.96667	-151
22.97500	-149
22.98333	-146
22.99167	-143
23.00000	-140
23.00833	-137
23.01667	-134
23.02500	-131
23.03333	-129
23.04167	-126
23.05000	-123
23.05833	-121
23.06667	-118
23.07500	-115
23.08333	-113
23.09167	-111
23.10000	-109
23.10833	-107
23.11667	-105
23.12500	-103
23.13333	-101
23.14167	-100
23.15000	-98
23.15833	-97
23.16667	-95
23.17500	-94
23.18333	-93
23.19167	-92
23.20000	-91
23.20833	-90
23.21667	-90
23.22500	-89
23.23333	-89
23.24167	-89
23.25000	-88
23.25833	-88
23.26667	-88
23.27500	-88
23.28333	-88
23.29167	-88
23.30000	-88
23.30833	-89
23.31667	-89
23.32500	-90
23.33333	-90
23.34167	-90
23.35000	-91
23.35833	-91
23.36667	-92
23.37500	-92
23.38333	-92
23.39167	-92
23.40000	-93
23.40833	-93
23.41667	-93
23.42500	-93
23.43333	-93
23.44167	-93
23.45000	-94
23.45833	-94
23.46667	-95
23.47500	-95
23.48333	-96
23.49167	-96
23.50000	-96
23.50833	-97
23.51667	-97
23.52500	-96
23.53333	-96
23.54167	-96
23.55000	-96
23.55833	-96
23.56667	-96
23.57500	-97
23.58333	-97
23.59167	-97
23.60000	-97
23.60833	-97
23.61667	-96
23.62500	-96
23.63333	-96
23.64167	-95
23.65000	-95
23.65833	-95
23.66667	-95
23.67500	-94
23.68333	-94
23.69167	-94
23.70000	-94
23.70833	-93
23.71667	-93
23.72500	-93
23.73333	-92
23.74167	-91
23.75000	-91
23.75833	-90
23.76667	-90
23.77500	-90
23.78333	-89
23.79167	-89
23.80000	-89
23.80833	-88
23.81667	-87
23.82500	-87
23.83333	-86
23.84167	-85
23.85000	-85
23.85833	-84
23.86667	-84
23.87500	-84
23.88333	-83
23.89167	-83
23.90000	-82
23.90833	-82
23.91667	-81
23.92500	-81
23.93333	-80
23.94167	-79
23.95000	-79
23.95833	-78
23.96667	-77
23.97500	-77
23.98333	-76
23.99167	-76
24.00000	-76
24.00833	-75
24.01667	-75
24.02500	-74
24.03333	-74
24.04167	-74
24.05000	-73
24.05833	-73
24.06667	-73
24.07500	-73
24.08333	-73
24.09167	-73
24.10000	-73
24.10833	-73
24.11667	-73
24.12500	-73
24.13333	-73
24.14167	-73
24.15000	-74
24.15833	-74
24.16667	-75
24.17500	-76
24.18333	-77
24.19167	-77
24.20000	-78
24.20833	-79
24.21667	-80
24.22500	-81
24.23333	-83
24.24167	-84
24.25000	-85
24.25833	-86
24.26667	-88
24.27500	-89
24.28333	-91
24.29167	-93
24.30000	-94
24.30833	-96
24.31667	-98
24.32500	-99
24.33333	-101
24.34167	-102
24.35000	-104
24.35833	-105
24.36667	-107
24.37500	-108
24.38333	-110
24.39167	-111
24.40000	-112
24.40833	-114
24.41667	-115
24.42500	-116
24.43333	-118
24.44167	-119
24.45000	-120
24.45833	-122
24.46667	-123
24.47500	-124
24.48333	-125
24.49167	-125
24.50000	-125
24.50833	-126
24.51667	-126
24.52500	-126
24.53333	-126
24.54167	-126
24.55000	-127
24.55833	-127
24.56667	-127
24.57500	-127
24.58333	-126
24.59167	-126
24.60000	-125
24.60833	-125
24.61667	-124
24.62500	-123
24.63333	-123
24.64167	-123
24.65000	-122
24.65833	-122
24.66667	-121
24.67500	-121
24.68333	-120
24.69167	-120
24.70000	-119
24.70833	-118
24.71667	-117
24.72500	-117
24.73333	-116
24.74167	-115
24.75000	-114
24.75833	-113
24.76667	-113
24.77500	-112
24.78333	-111
24.79167	-110
24.80000	-110
24.80833	-109
24.81667	-109
24.82500	-108
24.83333	-107
24.84167	-106
24.85000	-105
24.85833	-104
24.86667	-103
24.87500	-102
24.88333	-101
24.89167	-100
24.90000	-100
24.90833	-100
24.91667	-99
24.92500	-99
24.93333	-98
24.94167	-98
24.95000	-97
24.95833	-96
24.96667	-96
24.97500	-95
24.98333	-95
24.99167	-94
25.00000	-94
25.00833	-94
25.01667	-94
25.02500	-93
25.03333	-93
25.04167	-93
25.05000	-93
25.05833	-92
25.06667	-92
25.07500	-91
25.08333	-91
25.09167	-90
25.10000	-90
25.10833	-89
25.11667	-88
25.12500	-88
25.13333	-88
25.14167	-87
25.15000	-87
25.15833	-87
25.16667	-87
25.17500	-86
25.18333	-86
25.19167	-85
25.20000	-84
25.20833	-83
25.21667	-83
25.22500	-82
25.23333	-81
25.24167	-81
25.25000	-81
25.25833	-80
25.26667	-79
25.27500	-78
25.28333	-78
25.29167	-77
25.30000	-76
25.30833	-75
25.31667	-75
25.32500	-74
25.33333	-73
25.34167	-72
25.35000	-72
25.35833	-71
25.36667	-70
25.37500	-69
25.38333	-68
25.39167	-67
25.40000	-66
25.40833	-65
25.41667	-65
25.42500	-64
25.43333	-64
25.44167	-63
25.45000	-63
25.45833	-62
25.46667	-61
25.47500	-60
25.48333	-59
25.49167	-58
25.50000	-57
25.50833	-56
25.51667	-55
25.52500	-54
25.53333	-53
25.54167	-52
25.55000	-51
25.55833	-50
25.56667	-49
25.57500	-48
25.58333	-47
25.59167	-46
25.60000	-45
25.60833	-44
25.61667	-43
25.62500	-42
25.63333	-40
25.64167	-39
25.65000	-38
25.65833	-37
25.66667	-35
25.67500	-34
25.68333	-33
25.69167	-31
25.70000	-31
25.70833	-30
25.71667	-28
25.72500	-27
25.73333	-26
25.74167	-25
25.75000	-24
25.75833	-23
25.76667	-22
25.77500	-20
25.78333	-19
25.79167	-17
25.80000	-16
25.80833	-15
25.81667	-14
25.82500	-13
25.83333	-11
25.84167	-9
25.85000	-8
25.85833	-6
25.86667	-4
25.87500	-2
25.88333	-0
25.89167	2
25.90000	4
25.90833	6
25.91667	9
25.92500	11
25.93333	14
25.94167	17
25.95000	20
25.95833	23
25.96667	27
25.97500	31
25.98333	35
25.99167	39
26.00000	43
26.00833	48
26.01667	53
26.02500	59
26.03333	65
26.04167	70
26.05000	76
26.05833	83
26.06667	90
26.07500	97
26.08333	105
26.09167	114
26.10000	123
26.10833	132
26.11667	143
26.12500	153
26.13333	165
26.14167	176
26.15000	189
26.15833	202
26.16667	216
26.17500	231
26.18333	247
26.19167	264
26.20000	281
26.20833	300
26.21667	319
26.22500	340
26.23333	361
26.24167	383
26.25000	406
26.25833	430
26.26667	455
26.27500	481
26.28333	507
26.29167	535
26.30000	563
26.30833	591
26.31667	621
26.32500	651
26.33333	682
26.34167	714
26.35000	746
26.35833	779
26.36667	811
26.37500	843
26.38333	875
26.39167	907
26.40000	939
26.40833	970
26.41667	1001
26.42500	1030
26.43333	1058
26.44167	1086
26.45000	1112
26.45833	1136
26.46667	1159
26.47500	1180
26.48333	1199
26.49167	1217
26.50000	1232
26.50833	1245
26.51667	1256
26.52500	1264
26.53333	1271
26.54167	1275
26.55000	1277
26.55833	1276
26.56667	1274
26.57500	1268
26.58333	1260
26.59167	1250
26.60000	1237
26.60833	1222
26.61667	1205
26.62500	1187
26.63333	1166
26.64167	1145
26.65000	1121
26.65833	1096
26.66667	1070
26.67500	1042
26.68333	1013
26.69167	984
26.70000	953
26.70833	922
26.71667	891
26.72500	859
26.73333	827
26.74167	794
26.75000	763
26.75833	731
26.76667	700
26.77500	669
26.78333	638
26.79167	608
26.80000	578
26.80833	549
26.81667	521
26.82500	494
26.83333	468
26.84167	442
26.85000	418
26.85833	394
26.86667	371
26.87500	349
26.88333	328
26.89167	308
26.90000	289
26.90833	271
26.91667	253
26.92500	236
26.93333	221
26.94167	206
26.95000	192
26.95833	179
26.96667	167
26.97500	156
26.98333	145
26.99167	134
27.00000	125
27.00833	116
27.01667	107
27.02500	99
27.03333	91
27.04167	84
27.05000	77
27.05833	70
27.06667	64
27.07500	58
27.08333	53
27.09167	48
27.10000	43
27.10833	38
27.11667	34
27.12500	30
27.13333	26
27.14167	23
27.15000	20
27.15833	18
27.16667	15
27.17500	13
27.18333	10
27.19167	8
27.20000	6
27.20833	4
27.21667	1
27.22500	-0
27.23333	-2
27.24167	-3
27.25000	-4
27.25833	-6
27.26667	-7
27.27500	-8
27.28333	-8
27.29167	-9
27.30000	-10
27.30833	-11
27.31667	-12
27.32500	-13
27.33333	-13
27.34167	-14
27.35000	-15
27.35833	-16
27.36667	-16
27.37500	-17
27.38333	-18
27.39167	-19
27.40000	-19
27.40833	-20
27.41667	-21
27.42500	-21
27.43333	-21
27.44167	-21
27.45000	-21
27.45833	-21
27.46667	-21
27.47500	-21
27.48333	-22
27.49167	-22
27.50000	-22
27.50833	-22
27.51667	-22
27.52500	-22
27.53333	-22
27.54167	-23
27.55000	-23
27.55833	-23
27.56667	-23
27.57500	-23
27.58333	-23
27.59167	-23
27.60000	-23
27.60833	-23
27.61667	-23
27.62500	-23
27.63333	-22
27.64167	-22
27.65000	-22
27.65833	-22
27.66667	-23
27.67500	-22
27.68333	-22
27.69167	-22
27.70000	-23
27.70833	-23
27.71667	-23
27.72500	-23
27.73333	-23
27.74167	-23
27.75000	-23
27.75833	-23
27.76667	-23
27.77500	-23
27.78333	-23
27.79167	-23
27.80000	-23
27.80833	-24
27.81667	-24
27.82500	-24
27.83333	-24
27.84167	-24
27.85000	-24
27.85833	-24
27.86667	-24
27.87500	-24
27.88333	-24
27.89167	-24
27.90000	-24
27.90833	-24
27.91667	-24
27.92500	-25
27.93333	-25
27.94167	-25
27.95000	-25
27.95833	-25
27.96667	-25
27.97500	-25
27.98333	-26
27.99167	-26
28.00000	-26

