R.Time (min)	Intensity
0.00000	-31
0.00833	-31
0.01667	-13
0.02500	-0
0.03333	-1
0.04167	-2
0.05000	-3
0.05833	-3
0.06667	-3
0.07500	-4
0.08333	-4
0.09167	-4
0.10000	-4
0.10833	-4
0.11667	-5
0.12500	-5
0.13333	-5
0.14167	-5
0.15000	-6
0.15833	-6
0.16667	-6
0.17500	-6
0.18333	-6
0.19167	-6
0.20000	-7
0.20833	-7
0.21667	-7
0.22500	-7
0.23333	-8
0.24167	-8
0.25000	-8
0.25833	-8
0.26667	-9
0.27500	-9
0.28333	-10
0.29167	-10
0.30000	-11
0.30833	-11
0.31667	-12
0.32500	-13
0.33333	-14
0.34167	-15
0.35000	-15
0.35833	-16
0.36667	-16
0.37500	-17
0.38333	-18
0.39167	-19
0.40000	-19
0.40833	-20
0.41667	-20
0.42500	-21
0.43333	-21
0.44167	-21
0.45000	-22
0.45833	-22
0.46667	-23
0.47500	-23
0.48333	-24
0.49167	-24
0.50000	-25
0.50833	-25
0.51667	-26
0.52500	-26
0.53333	-27
0.54167	-27
0.55000	-28
0.55833	-29
0.56667	-29
0.57500	-29
0.58333	-30
0.59167	-30
0.60000	-30
0.60833	-31
0.61667	-32
0.62500	-33
0.63333	-34
0.64167	-34
0.65000	-34
0.65833	-35
0.66667	-35
0.67500	-36
0.68333	-36
0.69167	-37
0.70000	-37
0.70833	-38
0.71667	-38
0.72500	-39
0.73333	-40
0.74167	-40
0.75000	-41
0.75833	-41
0.76667	-42
0.77500	-42
0.78333	-42
0.79167	-42
0.80000	-42
0.80833	-42
0.81667	-42
0.82500	-43
0.83333	-43
0.84167	-43
0.85000	-43
0.85833	-43
0.86667	-44
0.87500	-44
0.88333	-44
0.89167	-44
0.90000	-44
0.90833	-44
0.91667	-44
0.92500	-45
0.93333	-46
0.94167	-46
0.95000	-46
0.95833	-47
0.96667	-48
0.97500	-49
0.98333	-50
0.99167	-50
1.00000	-51
1.00833	-52
1.01667	-53
1.02500	-54
1.03333	-55
1.04167	-55
1.05000	-56
1.05833	-56
1.06667	-57
1.07500	-57
1.08333	-58
1.09167	-59
1.10000	-59
1.10833	-59
1.11667	-59
1.12500	-59
1.13333	-60
1.14167	-60
1.15000	-60
1.15833	-61
1.16667	-61
1.17500	-61
1.18333	-62
1.19167	-62
1.20000	-62
1.20833	-63
1.21667	-63
1.22500	-64
1.23333	-64
1.24167	-64
1.25000	-65
1.25833	-65
1.26667	-65
1.27500	-65
1.28333	-65
1.29167	-65
1.30000	-65
1.30833	-65
1.31667	-66
1.32500	-66
1.33333	-66
1.34167	-67
1.35000	-67
1.35833	-68
1.36667	-69
1.37500	-69
1.38333	-70
1.39167	-70
1.40000	-70
1.40833	-70
1.41667	-70
1.42500	-71
1.43333	-71
1.44167	-71
1.45000	-72
1.45833	-72
1.46667	-73
1.47500	-73
1.48333	-74
1.49167	-74
1.50000	-75
1.50833	-75
1.51667	-75
1.52500	-76
1.53333	-76
1.54167	-76
1.55000	-76
1.55833	-76
1.56667	-76
1.57500	-76
1.58333	-77
1.59167	-77
1.60000	-77
1.60833	-77
1.61667	-78
1.62500	-78
1.63333	-78
1.64167	-78
1.65000	-78
1.65833	-79
1.66667	-79
1.67500	-79
1.68333	-78
1.69167	-78
1.70000	-78
1.70833	-79
1.71667	-79
1.72500	-79
1.73333	-79
1.74167	-79
1.75000	-80
1.75833	-80
1.76667	-80
1.77500	-79
1.78333	-80
1.79167	-80
1.80000	-80
1.80833	-80
1.81667	-80
1.82500	-80
1.83333	-80
1.84167	-80
1.85000	-80
1.85833	-81
1.86667	-81
1.87500	-82
1.88333	-82
1.89167	-82
1.90000	-82
1.90833	-82
1.91667	-83
1.92500	-83
1.93333	-84
1.94167	-84
1.95000	-84
1.95833	-84
1.96667	-84
1.97500	-84
1.98333	-84
1.99167	-84
2.00000	-84
2.00833	-85
2.01667	-85
2.02500	-85
2.03333	-85
2.04167	-85
2.05000	-84
2.05833	-84
2.06667	-85
2.07500	-85
2.08333	-85
2.09167	-85
2.10000	-86
2.10833	-86
2.11667	-86
2.12500	-86
2.13333	-86
2.14167	-86
2.15000	-86
2.15833	-85
2.16667	-84
2.17500	-84
2.18333	-85
2.19167	-84
2.20000	-84
2.20833	-84
2.21667	-84
2.22500	-84
2.23333	-84
2.24167	-84
2.25000	-84
2.25833	-84
2.26667	-83
2.27500	-83
2.28333	-82
2.29167	-81
2.30000	-80
2.30833	-79
2.31667	-78
2.32500	-77
2.33333	-76
2.34167	-75
2.35000	-73
2.35833	-72
2.36667	-70
2.37500	-69
2.38333	-67
2.39167	-66
2.40000	-64
2.40833	-62
2.41667	-60
2.42500	-58
2.43333	-55
2.44167	-53
2.45000	-50
2.45833	-48
2.46667	-45
2.47500	-41
2.48333	-38
2.49167	-35
2.50000	-31
2.50833	-26
2.51667	-22
2.52500	-17
2.53333	-12
2.54167	-6
2.55000	-1
2.55833	4
2.56667	10
2.57500	17
2.58333	23
2.59167	30
2.60000	37
2.60833	44
2.61667	52
2.62500	61
2.63333	71
2.64167	80
2.65000	91
2.65833	101
2.66667	113
2.67500	125
2.68333	137
2.69167	150
2.70000	163
2.70833	178
2.71667	193
2.72500	209
2.73333	226
2.74167	244
2.75000	263
2.75833	282
2.76667	303
2.77500	325
2.78333	347
2.79167	371
2.80000	397
2.80833	424
2.81667	452
2.82500	481
2.83333	512
2.84167	545
2.85000	579
2.85833	615
2.86667	653
2.87500	692
2.88333	734
2.89167	777
2.90000	822
2.90833	870
2.91667	920
2.92500	972
2.93333	1027
2.94167	1083
2.95000	1142
2.95833	1204
2.96667	1268
2.97500	1335
2.98333	1404
2.99167	1475
3.00000	1549
3.00833	1625
3.01667	1704
3.02500	1786
3.03333	1869
3.04167	1954
3.05000	2042
3.05833	2131
3.06667	2223
3.07500	2316
3.08333	2410
3.09167	2506
3.10000	2603
3.10833	2701
3.11667	2799
3.12500	2898
3.13333	2997
3.14167	3096
3.15000	3194
3.15833	3292
3.16667	3388
3.17500	3484
3.18333	3577
3.19167	3668
3.20000	3757
3.20833	3844
3.21667	3927
3.22500	4006
3.23333	4082
3.24167	4154
3.25000	4221
3.25833	4284
3.26667	4343
3.27500	4396
3.28333	4443
3.29167	4485
3.30000	4521
3.30833	4551
3.31667	4576
3.32500	4594
3.33333	4606
3.34167	4612
3.35000	4611
3.35833	4605
3.36667	4592
3.37500	4573
3.38333	4548
3.39167	4517
3.40000	4481
3.40833	4438
3.41667	4390
3.42500	4337
3.43333	4278
3.44167	4215
3.45000	4147
3.45833	4076
3.46667	4000
3.47500	3921
3.48333	3838
3.49167	3753
3.50000	3664
3.50833	3574
3.51667	3481
3.52500	3386
3.53333	3290
3.54167	3193
3.55000	3095
3.55833	2996
3.56667	2898
3.57500	2799
3.58333	2700
3.59167	2602
3.60000	2504
3.60833	2408
3.61667	2313
3.62500	2220
3.63333	2128
3.64167	2037
3.65000	1949
3.65833	1862
3.66667	1778
3.67500	1696
3.68333	1616
3.69167	1538
3.70000	1463
3.70833	1390
3.71667	1319
3.72500	1252
3.73333	1187
3.74167	1124
3.75000	1064
3.75833	1007
3.76667	952
3.77500	900
3.78333	851
3.79167	803
3.80000	758
3.80833	715
3.81667	674
3.82500	636
3.83333	599
3.84167	563
3.85000	530
3.85833	499
3.86667	470
3.87500	443
3.88333	417
3.89167	393
3.90000	370
3.90833	349
3.91667	329
3.92500	310
3.93333	292
3.94167	275
3.95000	260
3.95833	245
3.96667	232
3.97500	219
3.98333	207
3.99167	196
4.00000	185
4.00833	175
4.01667	165
4.02500	157
4.03333	149
4.04167	141
4.05000	133
4.05833	126
4.06667	120
4.07500	114
4.08333	108
4.09167	102
4.10000	96
4.10833	90
4.11667	84
4.12500	78
4.13333	73
4.14167	68
4.15000	63
4.15833	58
4.16667	53
4.17500	49
4.18333	44
4.19167	40
4.20000	35
4.20833	30
4.21667	26
4.22500	21
4.23333	17
4.24167	13
4.25000	8
4.25833	4
4.26667	0
4.27500	-4
4.28333	-8
4.29167	-12
4.30000	-16
4.30833	-20
4.31667	-23
4.32500	-27
4.33333	-31
4.34167	-35
4.35000	-39
4.35833	-42
4.36667	-46
4.37500	-49
4.38333	-52
4.39167	-55
4.40000	-59
4.40833	-62
4.41667	-65
4.42500	-68
4.43333	-71
4.44167	-73
4.45000	-75
4.45833	-78
4.46667	-80
4.47500	-83
4.48333	-85
4.49167	-87
4.50000	-89
4.50833	-92
4.51667	-94
4.52500	-95
4.53333	-97
4.54167	-99
4.55000	-101
4.55833	-102
4.56667	-104
4.57500	-106
4.58333	-107
4.59167	-109
4.60000	-110
4.60833	-111
4.61667	-112
4.62500	-113
4.63333	-114
4.64167	-115
4.65000	-116
4.65833	-117
4.66667	-118
4.67500	-118
4.68333	-119
4.69167	-119
4.70000	-120
4.70833	-120
4.71667	-121
4.72500	-121
4.73333	-121
4.74167	-121
4.75000	-121
4.75833	-122
4.76667	-122
4.77500	-122
4.78333	-122
4.79167	-123
4.80000	-123
4.80833	-123
4.81667	-123
4.82500	-123
4.83333	-124
4.84167	-123
4.85000	-123
4.85833	-123
4.86667	-123
4.87500	-122
4.88333	-122
4.89167	-122
4.90000	-122
4.90833	-123
4.91667	-122
4.92500	-122
4.93333	-122
4.94167	-122
4.95000	-121
4.95833	-121
4.96667	-121
4.97500	-121
4.98333	-121
4.99167	-120
5.00000	-120
5.00833	-120
5.01667	-120
5.02500	-121
5.03333	-121
5.04167	-120
5.05000	-120
5.05833	-120
5.06667	-119
5.07500	-119
5.08333	-119
5.09167	-119
5.10000	-118
5.10833	-118
5.11667	-119
5.12500	-119
5.13333	-119
5.14167	-119
5.15000	-119
5.15833	-119
5.16667	-119
5.17500	-119
5.18333	-119
5.19167	-119
5.20000	-119
5.20833	-119
5.21667	-119
5.22500	-119
5.23333	-119
5.24167	-119
5.25000	-120
5.25833	-120
5.26667	-120
5.27500	-120
5.28333	-120
5.29167	-121
5.30000	-121
5.30833	-121
5.31667	-121
5.32500	-121
5.33333	-121
5.34167	-121
5.35000	-121
5.35833	-121
5.36667	-121
5.37500	-121
5.38333	-121
5.39167	-121
5.40000	-121
5.40833	-121
5.41667	-121
5.42500	-121
5.43333	-121
5.44167	-121
5.45000	-122
5.45833	-122
5.46667	-122
5.47500	-122
5.48333	-123
5.49167	-123
5.50000	-122
5.50833	-122
5.51667	-123
5.52500	-123
5.53333	-123
5.54167	-123
5.55000	-123
5.55833	-123
5.56667	-123
5.57500	-122
5.58333	-122
5.59167	-122
5.60000	-122
5.60833	-122
5.61667	-122
5.62500	-122
5.63333	-122
5.64167	-122
5.65000	-122
5.65833	-123
5.66667	-123
5.67500	-123
5.68333	-123
5.69167	-123
5.70000	-123
5.70833	-123
5.71667	-123
5.72500	-122
5.73333	-122
5.74167	-123
5.75000	-123
5.75833	-123
5.76667	-123
5.77500	-123
5.78333	-123
5.79167	-124
5.80000	-124
5.80833	-124
5.81667	-124
5.82500	-124
5.83333	-125
5.84167	-125
5.85000	-125
5.85833	-125
5.86667	-125
5.87500	-125
5.88333	-125
5.89167	-125
5.90000	-125
5.90833	-125
5.91667	-125
5.92500	-125
5.93333	-125
5.94167	-125
5.95000	-125
5.95833	-125
5.96667	-125
5.97500	-125
5.98333	-125
5.99167	-125
6.00000	-125
6.00833	-125
6.01667	-125
6.02500	-125
6.03333	-125
6.04167	-125
6.05000	-125
6.05833	-125
6.06667	-125
6.07500	-125
6.08333	-124
6.09167	-124
6.10000	-123
6.10833	-123
6.11667	-123
6.12500	-123
6.13333	-123
6.14167	-123
6.15000	-123
6.15833	-122
6.16667	-122
6.17500	-122
6.18333	-122
6.19167	-122
6.20000	-122
6.20833	-122
6.21667	-122
6.22500	-121
6.23333	-121
6.24167	-121
6.25000	-121
6.25833	-121
6.26667	-121
6.27500	-121
6.28333	-121
6.29167	-121
6.30000	-121
6.30833	-121
6.31667	-121
6.32500	-121
6.33333	-121
6.34167	-121
6.35000	-120
6.35833	-120
6.36667	-120
6.37500	-121
6.38333	-121
6.39167	-122
6.40000	-122
6.40833	-122
6.41667	-122
6.42500	-122
6.43333	-122
6.44167	-123
6.45000	-123
6.45833	-123
6.46667	-123
6.47500	-123
6.48333	-123
6.49167	-123
6.50000	-123
6.50833	-124
6.51667	-124
6.52500	-124
6.53333	-125
6.54167	-124
6.55000	-124
6.55833	-124
6.56667	-124
6.57500	-124
6.58333	-125
6.59167	-125
6.60000	-125
6.60833	-125
6.61667	-126
6.62500	-126
6.63333	-126
6.64167	-126
6.65000	-126
6.65833	-126
6.66667	-126
6.67500	-126
6.68333	-126
6.69167	-125
6.70000	-125
6.70833	-125
6.71667	-125
6.72500	-125
6.73333	-125
6.74167	-126
6.75000	-126
6.75833	-126
6.76667	-127
6.77500	-127
6.78333	-127
6.79167	-127
6.80000	-127
6.80833	-127
6.81667	-127
6.82500	-127
6.83333	-127
6.84167	-127
6.85000	-126
6.85833	-126
6.86667	-125
6.87500	-125
6.88333	-125
6.89167	-125
6.90000	-124
6.90833	-124
6.91667	-124
6.92500	-124
6.93333	-124
6.94167	-124
6.95000	-123
6.95833	-123
6.96667	-123
6.97500	-122
6.98333	-122
6.99167	-122
7.00000	-121
7.00833	-121
7.01667	-121
7.02500	-120
7.03333	-119
7.04167	-117
7.05000	-116
7.05833	-114
7.06667	-112
7.07500	-110
7.08333	-107
7.09167	-104
7.10000	-99
7.10833	-94
7.11667	-88
7.12500	-81
7.13333	-72
7.14167	-63
7.15000	-51
7.15833	-39
7.16667	-24
7.17500	-8
7.18333	9
7.19167	28
7.20000	49
7.20833	72
7.21667	96
7.22500	122
7.23333	149
7.24167	176
7.25000	203
7.25833	228
7.26667	251
7.27500	270
7.28333	284
7.29167	291
7.30000	290
7.30833	280
7.31667	261
7.32500	236
7.33333	208
7.34167	185
7.35000	176
7.35833	195
7.36667	256
7.37500	378
7.38333	580
7.39167	879
7.40000	1296
7.40833	1845
7.41667	2540
7.42500	3389
7.43333	4394
7.44167	5553
7.45000	6853
7.45833	8274
7.46667	9786
7.47500	11349
7.48333	12916
7.49167	14429
7.50000	15827
7.50833	17050
7.51667	18038
7.52500	18744
7.53333	19135
7.54167	19196
7.55000	18933
7.55833	18370
7.56667	17548
7.57500	16518
7.58333	15341
7.59167	14075
7.60000	12775
7.60833	11489
7.61667	10256
7.62500	9103
7.63333	8049
7.64167	7103
7.65000	6269
7.65833	5541
7.66667	4914
7.67500	4376
7.68333	3918
7.69167	3528
7.70000	3196
7.70833	2911
7.71667	2667
7.72500	2455
7.73333	2271
7.74167	2108
7.75000	1962
7.75833	1832
7.76667	1714
7.77500	1607
7.78333	1508
7.79167	1417
7.80000	1333
7.80833	1254
7.81667	1181
7.82500	1112
7.83333	1047
7.84167	986
7.85000	928
7.85833	872
7.86667	820
7.87500	770
7.88333	723
7.89167	678
7.90000	635
7.90833	596
7.91667	559
7.92500	524
7.93333	492
7.94167	463
7.95000	436
7.95833	413
7.96667	393
7.97500	375
7.98333	359
7.99167	346
8.00000	334
8.00833	324
8.01667	315
8.02500	308
8.03333	302
8.04167	295
8.05000	289
8.05833	283
8.06667	277
8.07500	270
8.08333	264
8.09167	257
8.10000	249
8.10833	242
8.11667	234
8.12500	225
8.13333	217
8.14167	209
8.15000	201
8.15833	193
8.16667	185
8.17500	178
8.18333	171
8.19167	164
8.20000	158
8.20833	153
8.21667	148
8.22500	143
8.23333	139
8.24167	135
8.25000	131
8.25833	128
8.26667	125
8.27500	122
8.28333	120
8.29167	119
8.30000	117
8.30833	115
8.31667	114
8.32500	113
8.33333	111
8.34167	110
8.35000	110
8.35833	109
8.36667	108
8.37500	107
8.38333	106
8.39167	104
8.40000	103
8.40833	102
8.41667	101
8.42500	100
8.43333	99
8.44167	97
8.45000	95
8.45833	94
8.46667	92
8.47500	90
8.48333	88
8.49167	87
8.50000	85
8.50833	83
8.51667	81
8.52500	80
8.53333	78
8.54167	77
8.55000	76
8.55833	74
8.56667	72
8.57500	71
8.58333	70
8.59167	70
8.60000	69
8.60833	69
8.61667	69
8.62500	69
8.63333	69
8.64167	69
8.65000	70
8.65833	71
8.66667	72
8.67500	73
8.68333	74
8.69167	76
8.70000	79
8.70833	81
8.71667	84
8.72500	87
8.73333	91
8.74167	95
8.75000	99
8.75833	103
8.76667	107
8.77500	112
8.78333	117
8.79167	122
8.80000	127
8.80833	133
8.81667	139
8.82500	146
8.83333	155
8.84167	165
8.85000	177
8.85833	191
8.86667	207
8.87500	228
8.88333	252
8.89167	282
8.90000	317
8.90833	358
8.91667	407
8.92500	464
8.93333	530
8.94167	605
8.95000	688
8.95833	781
8.96667	882
8.97500	990
8.98333	1105
8.99167	1225
9.00000	1347
9.00833	1471
9.01667	1594
9.02500	1713
9.03333	1826
9.04167	1930
9.05000	2023
9.05833	2103
9.06667	2169
9.07500	2220
9.08333	2253
9.09167	2269
9.10000	2268
9.10833	2251
9.11667	2219
9.12500	2172
9.13333	2113
9.14167	2042
9.15000	1962
9.15833	1874
9.16667	1782
9.17500	1686
9.18333	1589
9.19167	1492
9.20000	1396
9.20833	1303
9.21667	1213
9.22500	1127
9.23333	1046
9.24167	970
9.25000	900
9.25833	837
9.26667	778
9.27500	726
9.28333	678
9.29167	636
9.30000	600
9.30833	567
9.31667	539
9.32500	515
9.33333	495
9.34167	479
9.35000	466
9.35833	457
9.36667	451
9.37500	448
9.38333	449
9.39167	455
9.40000	465
9.40833	481
9.41667	503
9.42500	533
9.43333	573
9.44167	624
9.45000	688
9.45833	769
9.46667	869
9.47500	993
9.48333	1146
9.49167	1331
9.50000	1554
9.50833	1820
9.51667	2135
9.52500	2502
9.53333	2928
9.54167	3416
9.55000	3968
9.55833	4586
9.56667	5271
9.57500	6021
9.58333	6831
9.59167	7696
9.60000	8608
9.60833	9557
9.61667	10532
9.62500	11519
9.63333	12505
9.64167	13474
9.65000	14410
9.65833	15300
9.66667	16128
9.67500	16881
9.68333	17550
9.69167	18123
9.70000	18596
9.70833	18965
9.71667	19228
9.72500	19387
9.73333	19448
9.74167	19415
9.75000	19299
9.75833	19110
9.76667	18858
9.77500	18557
9.78333	18220
9.79167	17858
9.80000	17485
9.80833	17113
9.81667	16752
9.82500	16411
9.83333	16100
9.84167	15825
9.85000	15592
9.85833	15406
9.86667	15270
9.87500	15186
9.88333	15154
9.89167	15175
9.90000	15248
9.90833	15371
9.91667	15545
9.92500	15765
9.93333	16029
9.94167	16334
9.95000	16678
9.95833	17056
9.96667	17466
9.97500	17904
9.98333	18366
9.99167	18850
10.00000	19352
10.00833	19867
10.01667	20392
10.02500	20921
10.03333	21446
10.04167	21957
10.05000	22436
10.05833	22861
10.06667	23203
10.07500	23427
10.08333	23494
10.09167	23366
10.10000	23014
10.10833	22417
10.11667	21573
10.12500	20499
10.13333	19228
10.14167	17805
10.15000	16284
10.15833	14721
10.16667	13169
10.17500	11671
10.18333	10261
10.19167	8965
10.20000	7794
10.20833	6755
10.21667	5844
10.22500	5056
10.23333	4379
10.24167	3803
10.25000	3315
10.25833	2903
10.26667	2555
10.27500	2263
10.28333	2016
10.29167	1807
10.30000	1630
10.30833	1478
10.31667	1348
10.32500	1236
10.33333	1138
10.34167	1053
10.35000	976
10.35833	908
10.36667	846
10.37500	790
10.38333	738
10.39167	691
10.40000	648
10.40833	609
10.41667	572
10.42500	537
10.43333	506
10.44167	477
10.45000	451
10.45833	427
10.46667	406
10.47500	386
10.48333	369
10.49167	355
10.50000	342
10.50833	332
10.51667	324
10.52500	318
10.53333	314
10.54167	311
10.55000	310
10.55833	310
10.56667	311
10.57500	312
10.58333	314
10.59167	315
10.60000	316
10.60833	317
10.61667	317
10.62500	317
10.63333	315
10.64167	313
10.65000	310
10.65833	305
10.66667	299
10.67500	292
10.68333	284
10.69167	275
10.70000	266
10.70833	257
10.71667	248
10.72500	239
10.73333	231
10.74167	223
10.75000	217
10.75833	212
10.76667	208
10.77500	205
10.78333	204
10.79167	206
10.80000	210
10.80833	215
10.81667	223
10.82500	232
10.83333	242
10.84167	253
10.85000	265
10.85833	277
10.86667	289
10.87500	301
10.88333	312
10.89167	322
10.90000	330
10.90833	337
10.91667	342
10.92500	345
10.93333	347
10.94167	345
10.95000	342
10.95833	336
10.96667	329
10.97500	320
10.98333	309
10.99167	297
11.00000	285
11.00833	271
11.01667	256
11.02500	242
11.03333	227
11.04167	212
11.05000	199
11.05833	186
11.06667	174
11.07500	162
11.08333	152
11.09167	142
11.10000	133
11.10833	126
11.11667	120
11.12500	114
11.13333	110
11.14167	107
11.15000	106
11.15833	105
11.16667	105
11.17500	106
11.18333	108
11.19167	111
11.20000	114
11.20833	118
11.21667	121
11.22500	125
11.23333	128
11.24167	132
11.25000	135
11.25833	138
11.26667	141
11.27500	143
11.28333	145
11.29167	146
11.30000	148
11.30833	148
11.31667	148
11.32500	148
11.33333	147
11.34167	145
11.35000	143
11.35833	141
11.36667	138
11.37500	135
11.38333	131
11.39167	127
11.40000	122
11.40833	118
11.41667	113
11.42500	108
11.43333	104
11.44167	99
11.45000	94
11.45833	90
11.46667	85
11.47500	81
11.48333	78
11.49167	74
11.50000	70
11.50833	67
11.51667	64
11.52500	62
11.53333	60
11.54167	57
11.55000	55
11.55833	53
11.56667	51
11.57500	49
11.58333	48
11.59167	46
11.60000	45
11.60833	44
11.61667	44
11.62500	43
11.63333	43
11.64167	44
11.65000	44
11.65833	45
11.66667	47
11.67500	48
11.68333	50
11.69167	53
11.70000	55
11.70833	58
11.71667	61
11.72500	64
11.73333	67
11.74167	70
11.75000	74
11.75833	77
11.76667	79
11.77500	81
11.78333	83
11.79167	85
11.80000	86
11.80833	87
11.81667	87
11.82500	86
11.83333	84
11.84167	82
11.85000	79
11.85833	76
11.86667	72
11.87500	67
11.88333	63
11.89167	58
11.90000	53
11.90833	47
11.91667	42
11.92500	37
11.93333	32
11.94167	27
11.95000	22
11.95833	17
11.96667	14
11.97500	10
11.98333	7
11.99167	4
12.00000	1
12.00833	-1
12.01667	-4
12.02500	-6
12.03333	-8
12.04167	-9
12.05000	-9
12.05833	-9
12.06667	-10
12.07500	-10
12.08333	-10
12.09167	-10
12.10000	-10
12.10833	-10
12.11667	-10
12.12500	-10
12.13333	-10
12.14167	-10
12.15000	-10
12.15833	-10
12.16667	-10
12.17500	-10
12.18333	-10
12.19167	-10
12.20000	-11
12.20833	-11
12.21667	-12
12.22500	-12
12.23333	-13
12.24167	-13
12.25000	-14
12.25833	-15
12.26667	-16
12.27500	-17
12.28333	-18
12.29167	-19
12.30000	-20
12.30833	-21
12.31667	-23
12.32500	-24
12.33333	-26
12.34167	-28
12.35000	-29
12.35833	-31
12.36667	-33
12.37500	-35
12.38333	-36
12.39167	-38
12.40000	-40
12.40833	-41
12.41667	-43
12.42500	-44
12.43333	-46
12.44167	-48
12.45000	-50
12.45833	-51
12.46667	-52
12.47500	-54
12.48333	-55
12.49167	-56
12.50000	-56
12.50833	-57
12.51667	-58
12.52500	-58
12.53333	-59
12.54167	-59
12.55000	-59
12.55833	-60
12.56667	-60
12.57500	-61
12.58333	-61
12.59167	-61
12.60000	-60
12.60833	-60
12.61667	-59
12.62500	-58
12.63333	-58
12.64167	-57
12.65000	-56
12.65833	-55
12.66667	-55
12.67500	-54
12.68333	-53
12.69167	-52
12.70000	-51
12.70833	-49
12.71667	-48
12.72500	-47
12.73333	-47
12.74167	-46
12.75000	-45
12.75833	-44
12.76667	-43
12.77500	-43
12.78333	-42
12.79167	-42
12.80000	-42
12.80833	-42
12.81667	-42
12.82500	-43
12.83333	-43
12.84167	-43
12.85000	-44
12.85833	-44
12.86667	-45
12.87500	-45
12.88333	-44
12.89167	-44
12.90000	-44
12.90833	-43
12.91667	-43
12.92500	-43
12.93333	-43
12.94167	-42
12.95000	-42
12.95833	-41
12.96667	-41
12.97500	-40
12.98333	-38
12.99167	-37
13.00000	-36
13.00833	-35
13.01667	-34
13.02500	-33
13.03333	-32
13.04167	-31
13.05000	-29
13.05833	-28
13.06667	-27
13.07500	-26
13.08333	-26
13.09167	-26
13.10000	-25
13.10833	-25
13.11667	-25
13.12500	-25
13.13333	-25
13.14167	-25
13.15000	-25
13.15833	-25
13.16667	-26
13.17500	-27
13.18333	-27
13.19167	-28
13.20000	-28
13.20833	-28
13.21667	-29
13.22500	-29
13.23333	-30
13.24167	-30
13.25000	-31
13.25833	-31
13.26667	-31
13.27500	-31
13.28333	-32
13.29167	-32
13.30000	-31
13.30833	-31
13.31667	-31
13.32500	-30
13.33333	-30
13.34167	-29
13.35000	-28
13.35833	-27
13.36667	-26
13.37500	-25
13.38333	-24
13.39167	-23
13.40000	-22
13.40833	-21
13.41667	-20
13.42500	-19
13.43333	-18
13.44167	-16
13.45000	-15
13.45833	-14
13.46667	-12
13.47500	-10
13.48333	-9
13.49167	-8
13.50000	-6
13.50833	-4
13.51667	-2
13.52500	0
13.53333	2
13.54167	4
13.55000	7
13.55833	11
13.56667	14
13.57500	19
13.58333	24
13.59167	29
13.60000	35
13.60833	41
13.61667	48
13.62500	55
13.63333	63
13.64167	71
13.65000	80
13.65833	88
13.66667	98
13.67500	107
13.68333	117
13.69167	126
13.70000	135
13.70833	144
13.71667	153
13.72500	162
13.73333	170
13.74167	178
13.75000	185
13.75833	191
13.76667	198
13.77500	204
13.78333	209
13.79167	215
13.80000	220
13.80833	225
13.81667	230
13.82500	235
13.83333	240
13.84167	246
13.85000	252
13.85833	258
13.86667	264
13.87500	270
13.88333	277
13.89167	283
13.90000	290
13.90833	297
13.91667	304
13.92500	310
13.93333	316
13.94167	321
13.95000	325
13.95833	329
13.96667	332
13.97500	334
13.98333	335
13.99167	334
14.00000	333
14.00833	331
14.01667	327
14.02500	323
14.03333	318
14.04167	312
14.05000	305
14.05833	298
14.06667	290
14.07500	282
14.08333	273
14.09167	264
14.10000	255
14.10833	247
14.11667	239
14.12500	231
14.13333	224
14.14167	216
14.15000	210
14.15833	203
14.16667	197
14.17500	192
14.18333	187
14.19167	182
14.20000	178
14.20833	174
14.21667	171
14.22500	168
14.23333	166
14.24167	163
14.25000	161
14.25833	160
14.26667	158
14.27500	157
14.28333	157
14.29167	156
14.30000	156
14.30833	157
14.31667	157
14.32500	158
14.33333	159
14.34167	159
14.35000	160
14.35833	161
14.36667	162
14.37500	164
14.38333	165
14.39167	167
14.40000	169
14.40833	170
14.41667	171
14.42500	172
14.43333	174
14.44167	175
14.45000	177
14.45833	178
14.46667	180
14.47500	181
14.48333	182
14.49167	183
14.50000	184
14.50833	185
14.51667	186
14.52500	186
14.53333	186
14.54167	186
14.55000	186
14.55833	186
14.56667	186
14.57500	186
14.58333	187
14.59167	187
14.60000	186
14.60833	186
14.61667	185
14.62500	185
14.63333	184
14.64167	183
14.65000	183
14.65833	182
14.66667	181
14.67500	181
14.68333	180
14.69167	179
14.70000	179
14.70833	179
14.71667	178
14.72500	178
14.73333	178
14.74167	178
14.75000	177
14.75833	177
14.76667	176
14.77500	176
14.78333	175
14.79167	175
14.80000	175
14.80833	175
14.81667	174
14.82500	174
14.83333	173
14.84167	173
14.85000	172
14.85833	172
14.86667	172
14.87500	172
14.88333	172
14.89167	171
14.90000	171
14.90833	171
14.91667	171
14.92500	171
14.93333	170
14.94167	170
14.95000	170
14.95833	170
14.96667	170
14.97500	170
14.98333	170
14.99167	171
15.00000	171
15.00833	172
15.01667	174
15.02500	175
15.03333	177
15.04167	180
15.05000	183
15.05833	186
15.06667	189
15.07500	194
15.08333	199
15.09167	205
15.10000	212
15.10833	220
15.11667	229
15.12500	238
15.13333	248
15.14167	259
15.15000	271
15.15833	283
15.16667	296
15.17500	309
15.18333	322
15.19167	335
15.20000	348
15.20833	361
15.21667	373
15.22500	385
15.23333	395
15.24167	405
15.25000	413
15.25833	420
15.26667	426
15.27500	429
15.28333	431
15.29167	431
15.30000	430
15.30833	427
15.31667	422
15.32500	415
15.33333	407
15.34167	398
15.35000	387
15.35833	375
15.36667	362
15.37500	348
15.38333	334
15.39167	319
15.40000	303
15.40833	288
15.41667	272
15.42500	257
15.43333	241
15.44167	226
15.45000	212
15.45833	197
15.46667	183
15.47500	170
15.48333	157
15.49167	145
15.50000	134
15.50833	124
15.51667	114
15.52500	105
15.53333	97
15.54167	89
15.55000	81
15.55833	74
15.56667	68
15.57500	62
15.58333	56
15.59167	51
15.60000	46
15.60833	41
15.61667	37
15.62500	33
15.63333	30
15.64167	27
15.65000	23
15.65833	20
15.66667	17
15.67500	14
15.68333	11
15.69167	9
15.70000	7
15.70833	6
15.71667	5
15.72500	4
15.73333	3
15.74167	2
15.75000	1
15.75833	0
15.76667	-0
15.77500	-0
15.78333	-0
15.79167	-0
15.80000	-0
15.80833	-0
15.81667	-1
15.82500	-0
15.83333	1
15.84167	1
15.85000	2
15.85833	3
15.86667	3
15.87500	5
15.88333	7
15.89167	9
15.90000	12
15.90833	16
15.91667	20
15.92500	24
15.93333	29
15.94167	35
15.95000	42
15.95833	49
15.96667	56
15.97500	64
15.98333	74
15.99167	84
16.00000	94
16.00833	107
16.01667	120
16.02500	133
16.03333	147
16.04167	161
16.05000	176
16.05833	191
16.06667	205
16.07500	220
16.08333	234
16.09167	248
16.10000	261
16.10833	273
16.11667	284
16.12500	293
16.13333	301
16.14167	308
16.15000	312
16.15833	316
16.16667	318
16.17500	318
16.18333	317
16.19167	315
16.20000	311
16.20833	306
16.21667	300
16.22500	292
16.23333	284
16.24167	276
16.25000	266
16.25833	257
16.26667	247
16.27500	238
16.28333	228
16.29167	220
16.30000	212
16.30833	204
16.31667	198
16.32500	192
16.33333	187
16.34167	183
16.35000	181
16.35833	180
16.36667	180
16.37500	182
16.38333	185
16.39167	189
16.40000	194
16.40833	201
16.41667	210
16.42500	219
16.43333	230
16.44167	243
16.45000	257
16.45833	273
16.46667	291
16.47500	310
16.48333	330
16.49167	352
16.50000	375
16.50833	399
16.51667	424
16.52500	450
16.53333	477
16.54167	505
16.55000	533
16.55833	561
16.56667	589
16.57500	616
16.58333	643
16.59167	668
16.60000	692
16.60833	714
16.61667	734
16.62500	752
16.63333	766
16.64167	777
16.65000	786
16.65833	792
16.66667	794
16.67500	793
16.68333	789
16.69167	782
16.70000	772
16.70833	758
16.71667	742
16.72500	723
16.73333	701
16.74167	678
16.75000	652
16.75833	624
16.76667	596
16.77500	566
16.78333	537
16.79167	506
16.80000	475
16.80833	445
16.81667	414
16.82500	384
16.83333	355
16.84167	327
16.85000	300
16.85833	274
16.86667	249
16.87500	225
16.88333	203
16.89167	181
16.90000	161
16.90833	142
16.91667	124
16.92500	108
16.93333	93
16.94167	80
16.95000	67
16.95833	55
16.96667	43
16.97500	33
16.98333	23
16.99167	13
17.00000	5
17.00833	-3
17.01667	-10
17.02500	-17
17.03333	-23
17.04167	-29
17.05000	-34
17.05833	-39
17.06667	-44
17.07500	-48
17.08333	-52
17.09167	-56
17.10000	-59
17.10833	-63
17.11667	-66
17.12500	-69
17.13333	-71
17.14167	-73
17.15000	-76
17.15833	-78
17.16667	-81
17.17500	-83
17.18333	-85
17.19167	-86
17.20000	-88
17.20833	-89
17.21667	-91
17.22500	-92
17.23333	-93
17.24167	-95
17.25000	-96
17.25833	-97
17.26667	-99
17.27500	-100
17.28333	-100
17.29167	-100
17.30000	-101
17.30833	-102
17.31667	-103
17.32500	-103
17.33333	-104
17.34167	-104
17.35000	-105
17.35833	-105
17.36667	-105
17.37500	-105
17.38333	-105
17.39167	-105
17.40000	-106
17.40833	-106
17.41667	-106
17.42500	-106
17.43333	-106
17.44167	-106
17.45000	-105
17.45833	-105
17.46667	-104
17.47500	-104
17.48333	-103
17.49167	-102
17.50000	-102
17.50833	-102
17.51667	-101
17.52500	-100
17.53333	-99
17.54167	-98
17.55000	-97
17.55833	-96
17.56667	-94
17.57500	-93
17.58333	-91
17.59167	-89
17.60000	-87
17.60833	-85
17.61667	-82
17.62500	-78
17.63333	-75
17.64167	-71
17.65000	-67
17.65833	-63
17.66667	-58
17.67500	-53
17.68333	-47
17.69167	-40
17.70000	-34
17.70833	-26
17.71667	-17
17.72500	-7
17.73333	4
17.74167	16
17.75000	29
17.75833	43
17.76667	59
17.77500	77
17.78333	96
17.79167	117
17.80000	141
17.80833	167
17.81667	196
17.82500	227
17.83333	262
17.84167	301
17.85000	344
17.85833	392
17.86667	443
17.87500	500
17.88333	561
17.89167	629
17.90000	702
17.90833	782
17.91667	869
17.92500	962
17.93333	1063
17.94167	1170
17.95000	1284
17.95833	1405
17.96667	1532
17.97500	1666
17.98333	1805
17.99167	1949
18.00000	2096
18.00833	2247
18.01667	2400
18.02500	2553
18.03333	2707
18.04167	2858
18.05000	3006
18.05833	3149
18.06667	3286
18.07500	3415
18.08333	3534
18.09167	3643
18.10000	3741
18.10833	3825
18.11667	3894
18.12500	3950
18.13333	3989
18.14167	4013
18.15000	4021
18.15833	4014
18.16667	3991
18.17500	3952
18.18333	3899
18.19167	3833
18.20000	3754
18.20833	3663
18.21667	3561
18.22500	3450
18.23333	3330
18.24167	3204
18.25000	3073
18.25833	2938
18.26667	2800
18.27500	2660
18.28333	2520
18.29167	2380
18.30000	2242
18.30833	2107
18.31667	1975
18.32500	1846
18.33333	1722
18.34167	1603
18.35000	1489
18.35833	1380
18.36667	1277
18.37500	1179
18.38333	1088
18.39167	1001
18.40000	920
18.40833	844
18.41667	773
18.42500	708
18.43333	647
18.44167	590
18.45000	538
18.45833	490
18.46667	446
18.47500	405
18.48333	367
18.49167	333
18.50000	301
18.50833	272
18.51667	245
18.52500	221
18.53333	198
18.54167	177
18.55000	158
18.55833	141
18.56667	126
18.57500	112
18.58333	99
18.59167	88
18.60000	78
18.60833	69
18.61667	61
18.62500	55
18.63333	49
18.64167	45
18.65000	41
18.65833	38
18.66667	36
18.67500	35
18.68333	34
18.69167	34
18.70000	35
18.70833	37
18.71667	40
18.72500	45
18.73333	49
18.74167	54
18.75000	60
18.75833	67
18.76667	75
18.77500	83
18.78333	91
18.79167	99
18.80000	107
18.80833	116
18.81667	125
18.82500	135
18.83333	144
18.84167	153
18.85000	162
18.85833	170
18.86667	177
18.87500	184
18.88333	191
18.89167	196
18.90000	201
18.90833	206
18.91667	209
18.92500	212
18.93333	213
18.94167	214
18.95000	213
18.95833	212
18.96667	209
18.97500	205
18.98333	201
18.99167	195
19.00000	190
19.00833	183
19.01667	176
19.02500	168
19.03333	159
19.04167	150
19.05000	140
19.05833	130
19.06667	120
19.07500	110
19.08333	99
19.09167	89
19.10000	79
19.10833	69
19.11667	59
19.12500	49
19.13333	40
19.14167	32
19.15000	23
19.15833	14
19.16667	6
19.17500	-2
19.18333	-9
19.19167	-17
19.20000	-23
19.20833	-29
19.21667	-35
19.22500	-40
19.23333	-45
19.24167	-50
19.25000	-54
19.25833	-58
19.26667	-62
19.27500	-65
19.28333	-69
19.29167	-71
19.30000	-74
19.30833	-76
19.31667	-78
19.32500	-80
19.33333	-81
19.34167	-83
19.35000	-84
19.35833	-85
19.36667	-86
19.37500	-87
19.38333	-87
19.39167	-87
19.40000	-87
19.40833	-87
19.41667	-87
19.42500	-87
19.43333	-87
19.44167	-87
19.45000	-87
19.45833	-86
19.46667	-86
19.47500	-86
19.48333	-85
19.49167	-85
19.50000	-85
19.50833	-84
19.51667	-84
19.52500	-84
19.53333	-84
19.54167	-84
19.55000	-83
19.55833	-83
19.56667	-83
19.57500	-83
19.58333	-82
19.59167	-82
19.60000	-82
19.60833	-82
19.61667	-81
19.62500	-81
19.63333	-81
19.64167	-81
19.65000	-80
19.65833	-81
19.66667	-81
19.67500	-81
19.68333	-81
19.69167	-81
19.70000	-81
19.70833	-81
19.71667	-81
19.72500	-81
19.73333	-82
19.74167	-82
19.75000	-82
19.75833	-82
19.76667	-82
19.77500	-82
19.78333	-83
19.79167	-83
19.80000	-84
19.80833	-84
19.81667	-84
19.82500	-84
19.83333	-84
19.84167	-85
19.85000	-85
19.85833	-85
19.86667	-86
19.87500	-86
19.88333	-87
19.89167	-87
19.90000	-88
19.90833	-89
19.91667	-90
19.92500	-90
19.93333	-91
19.94167	-91
19.95000	-92
19.95833	-92
19.96667	-92
19.97500	-93
19.98333	-93
19.99167	-94
20.00000	-94
20.00833	-94
20.01667	-95
20.02500	-96
20.03333	-96
20.04167	-96
20.05000	-97
20.05833	-97
20.06667	-97
20.07500	-97
20.08333	-97
20.09167	-97
20.10000	-97
20.10833	-97
20.11667	-97
20.12500	-97
20.13333	-97
20.14167	-97
20.15000	-96
20.15833	-96
20.16667	-96
20.17500	-96
20.18333	-95
20.19167	-95
20.20000	-94
20.20833	-93
20.21667	-93
20.22500	-93
20.23333	-92
20.24167	-92
20.25000	-91
20.25833	-91
20.26667	-90
20.27500	-90
20.28333	-89
20.29167	-89
20.30000	-88
20.30833	-87
20.31667	-86
20.32500	-86
20.33333	-85
20.34167	-84
20.35000	-83
20.35833	-82
20.36667	-81
20.37500	-80
20.38333	-78
20.39167	-77
20.40000	-75
20.40833	-73
20.41667	-70
20.42500	-68
20.43333	-65
20.44167	-62
20.45000	-59
20.45833	-55
20.46667	-52
20.47500	-48
20.48333	-44
20.49167	-40
20.50000	-35
20.50833	-30
20.51667	-25
20.52500	-19
20.53333	-13
20.54167	-7
20.55000	0
20.55833	8
20.56667	17
20.57500	27
20.58333	37
20.59167	48
20.60000	60
20.60833	72
20.61667	86
20.62500	101
20.63333	117
20.64167	134
20.65000	153
20.65833	172
20.66667	192
20.67500	213
20.68333	236
20.69167	260
20.70000	285
20.70833	312
20.71667	340
20.72500	370
20.73333	400
20.74167	432
20.75000	465
20.75833	498
20.76667	532
20.77500	567
20.78333	603
20.79167	640
20.80000	676
20.80833	714
20.81667	751
20.82500	788
20.83333	825
20.84167	861
20.85000	897
20.85833	933
20.86667	968
20.87500	1004
20.88333	1038
20.89167	1071
20.90000	1103
20.90833	1134
20.91667	1164
20.92500	1194
20.93333	1223
20.94167	1251
20.95000	1278
20.95833	1305
20.96667	1331
20.97500	1357
20.98333	1383
20.99167	1409
21.00000	1436
21.00833	1463
21.01667	1490
21.02500	1519
21.03333	1549
21.04167	1580
21.05000	1613
21.05833	1648
21.06667	1687
21.07500	1728
21.08333	1772
21.09167	1821
21.10000	1873
21.10833	1930
21.11667	1992
21.12500	2060
21.13333	2134
21.14167	2216
21.15000	2304
21.15833	2401
21.16667	2507
21.17500	2622
21.18333	2747
21.19167	2882
21.20000	3029
21.20833	3188
21.21667	3360
21.22500	3544
21.23333	3742
21.24167	3954
21.25000	4179
21.25833	4419
21.26667	4674
21.27500	4942
21.28333	5225
21.29167	5521
21.30000	5830
21.30833	6152
21.31667	6485
21.32500	6829
21.33333	7181
21.34167	7542
21.35000	7909
21.35833	8280
21.36667	8655
21.37500	9030
21.38333	9403
21.39167	9773
21.40000	10136
21.40833	10491
21.41667	10836
21.42500	11167
21.43333	11483
21.44167	11781
21.45000	12060
21.45833	12317
21.46667	12550
21.47500	12758
21.48333	12939
21.49167	13093
21.50000	13217
21.50833	13311
21.51667	13374
21.52500	13407
21.53333	13410
21.54167	13382
21.55000	13324
21.55833	13237
21.56667	13120
21.57500	12976
21.58333	12806
21.59167	12610
21.60000	12391
21.60833	12151
21.61667	11891
21.62500	11613
21.63333	11319
21.64167	11011
21.65000	10691
21.65833	10361
21.66667	10023
21.67500	9678
21.68333	9330
21.69167	8978
21.70000	8626
21.70833	8274
21.71667	7924
21.72500	7577
21.73333	7235
21.74167	6898
21.75000	6569
21.75833	6246
21.76667	5932
21.77500	5628
21.78333	5333
21.79167	5049
21.80000	4774
21.80833	4511
21.81667	4258
21.82500	4015
21.83333	3784
21.84167	3563
21.85000	3352
21.85833	3152
21.86667	2962
21.87500	2781
21.88333	2611
21.89167	2449
21.90000	2296
21.90833	2152
21.91667	2015
21.92500	1886
21.93333	1765
21.94167	1651
21.95000	1543
21.95833	1442
21.96667	1347
21.97500	1257
21.98333	1173
21.99167	1095
22.00000	1021
22.00833	952
22.01667	886
22.02500	826
22.03333	769
22.04167	715
22.05000	665
22.05833	618
22.06667	574
22.07500	533
22.08333	494
22.09167	458
22.10000	425
22.10833	394
22.11667	365
22.12500	338
22.13333	312
22.14167	289
22.15000	267
22.15833	247
22.16667	228
22.17500	211
22.18333	196
22.19167	182
22.20000	169
22.20833	157
22.21667	146
22.22500	137
22.23333	127
22.24167	119
22.25000	112
22.25833	106
22.26667	100
22.27500	96
22.28333	92
22.29167	88
22.30000	84
22.30833	81
22.31667	79
22.32500	77
22.33333	75
22.34167	74
22.35000	73
22.35833	72
22.36667	70
22.37500	69
22.38333	68
22.39167	66
22.40000	65
22.40833	64
22.41667	62
22.42500	61
22.43333	60
22.44167	58
22.45000	56
22.45833	53
22.46667	50
22.47500	47
22.48333	43
22.49167	39
22.50000	35
22.50833	31
22.51667	26
22.52500	21
22.53333	15
22.54167	10
22.55000	4
22.55833	-1
22.56667	-8
22.57500	-14
22.58333	-20
22.59167	-26
22.60000	-32
22.60833	-39
22.61667	-46
22.62500	-53
22.63333	-59
22.64167	-66
22.65000	-73
22.65833	-80
22.66667	-86
22.67500	-93
22.68333	-100
22.69167	-107
22.70000	-113
22.70833	-119
22.71667	-125
22.72500	-130
22.73333	-134
22.74167	-139
22.75000	-144
22.75833	-148
22.76667	-152
22.77500	-156
22.78333	-160
22.79167	-163
22.80000	-166
22.80833	-169
22.81667	-171
22.82500	-173
22.83333	-175
22.84167	-176
22.85000	-177
22.85833	-177
22.86667	-178
22.87500	-178
22.88333	-178
22.89167	-177
22.90000	-176
22.90833	-175
22.91667	-174
22.92500	-172
22.93333	-171
22.94167	-169
22.95000	-167
22.95833	-164
22.96667	-162
22.97500	-159
22.98333	-156
22.99167	-154
23.00000	-151
23.00833	-148
23.01667	-145
23.02500	-142
23.03333	-139
23.04167	-136
23.05000	-133
23.05833	-131
23.06667	-128
23.07500	-125
23.08333	-123
23.09167	-121
23.10000	-119
23.10833	-117
23.11667	-115
23.12500	-114
23.13333	-113
23.14167	-112
23.15000	-110
23.15833	-109
23.16667	-108
23.17500	-107
23.18333	-107
23.19167	-106
23.20000	-106
23.20833	-106
23.21667	-105
23.22500	-105
23.23333	-106
23.24167	-106
23.25000	-106
23.25833	-105
23.26667	-105
23.27500	-105
23.28333	-105
23.29167	-105
23.30000	-105
23.30833	-106
23.31667	-106
23.32500	-106
23.33333	-107
23.34167	-107
23.35000	-107
23.35833	-108
23.36667	-108
23.37500	-109
23.38333	-109
23.39167	-109
23.40000	-109
23.40833	-109
23.41667	-110
23.42500	-110
23.43333	-110
23.44167	-110
23.45000	-111
23.45833	-111
23.46667	-111
23.47500	-111
23.48333	-112
23.49167	-113
23.50000	-114
23.50833	-114
23.51667	-115
23.52500	-115
23.53333	-116
23.54167	-116
23.55000	-116
23.55833	-116
23.56667	-116
23.57500	-117
23.58333	-117
23.59167	-117
23.60000	-117
23.60833	-117
23.61667	-117
23.62500	-117
23.63333	-117
23.64167	-116
23.65000	-116
23.65833	-116
23.66667	-115
23.67500	-115
23.68333	-114
23.69167	-113
23.70000	-113
23.70833	-112
23.71667	-112
23.72500	-111
23.73333	-111
23.74167	-110
23.75000	-109
23.75833	-109
23.76667	-108
23.77500	-108
23.78333	-107
23.79167	-107
23.80000	-106
23.80833	-106
23.81667	-105
23.82500	-104
23.83333	-103
23.84167	-103
23.85000	-103
23.85833	-103
23.86667	-102
23.87500	-102
23.88333	-102
23.89167	-101
23.90000	-101
23.90833	-100
23.91667	-100
23.92500	-100
23.93333	-100
23.94167	-100
23.95000	-100
23.95833	-99
23.96667	-99
23.97500	-99
23.98333	-98
23.99167	-98
24.00000	-98
24.00833	-98
24.01667	-98
24.02500	-97
24.03333	-97
24.04167	-97
24.05000	-96
24.05833	-96
24.06667	-95
24.07500	-95
24.08333	-95
24.09167	-94
24.10000	-95
24.10833	-95
24.11667	-94
24.12500	-94
24.13333	-94
24.14167	-95
24.15000	-95
24.15833	-95
24.16667	-96
24.17500	-96
24.18333	-97
24.19167	-97
24.20000	-98
24.20833	-99
24.21667	-99
24.22500	-100
24.23333	-101
24.24167	-102
24.25000	-104
24.25833	-105
24.26667	-107
24.27500	-108
24.28333	-110
24.29167	-112
24.30000	-113
24.30833	-115
24.31667	-116
24.32500	-118
24.33333	-120
24.34167	-121
24.35000	-123
24.35833	-125
24.36667	-127
24.37500	-129
24.38333	-130
24.39167	-132
24.40000	-133
24.40833	-135
24.41667	-136
24.42500	-137
24.43333	-138
24.44167	-139
24.45000	-141
24.45833	-142
24.46667	-143
24.47500	-144
24.48333	-145
24.49167	-146
24.50000	-146
24.50833	-147
24.51667	-147
24.52500	-148
24.53333	-148
24.54167	-149
24.55000	-149
24.55833	-149
24.56667	-149
24.57500	-149
24.58333	-149
24.59167	-148
24.60000	-147
24.60833	-147
24.61667	-146
24.62500	-146
24.63333	-146
24.64167	-146
24.65000	-145
24.65833	-144
24.66667	-144
24.67500	-143
24.68333	-143
24.69167	-142
24.70000	-141
24.70833	-140
24.71667	-139
24.72500	-138
24.73333	-137
24.74167	-137
24.75000	-136
24.75833	-135
24.76667	-134
24.77500	-133
24.78333	-132
24.79167	-131
24.80000	-130
24.80833	-130
24.81667	-129
24.82500	-128
24.83333	-127
24.84167	-126
24.85000	-125
24.85833	-124
24.86667	-124
24.87500	-123
24.88333	-122
24.89167	-121
24.90000	-121
24.90833	-120
24.91667	-120
24.92500	-119
24.93333	-118
24.94167	-117
24.95000	-117
24.95833	-116
24.96667	-116
24.97500	-115
24.98333	-115
24.99167	-115
25.00000	-115
25.00833	-114
25.01667	-113
25.02500	-113
25.03333	-113
25.04167	-112
25.05000	-112
25.05833	-111
25.06667	-111
25.07500	-111
25.08333	-111
25.09167	-110
25.10000	-110
25.10833	-109
25.11667	-110
25.12500	-110
25.13333	-109
25.14167	-109
25.15000	-109
25.15833	-109
25.16667	-108
25.17500	-108
25.18333	-108
25.19167	-108
25.20000	-107
25.20833	-107
25.21667	-107
25.22500	-107
25.23333	-106
25.24167	-106
25.25000	-106
25.25833	-106
25.26667	-106
25.27500	-105
25.28333	-105
25.29167	-105
25.30000	-104
25.30833	-103
25.31667	-103
25.32500	-102
25.33333	-102
25.34167	-102
25.35000	-102
25.35833	-102
25.36667	-101
25.37500	-101
25.38333	-101
25.39167	-101
25.40000	-100
25.40833	-100
25.41667	-99
25.42500	-98
25.43333	-97
25.44167	-96
25.45000	-95
25.45833	-94
25.46667	-93
25.47500	-93
25.48333	-92
25.49167	-91
25.50000	-90
25.50833	-90
25.51667	-89
25.52500	-88
25.53333	-87
25.54167	-86
25.55000	-85
25.55833	-84
25.56667	-83
25.57500	-82
25.58333	-80
25.59167	-79
25.60000	-78
25.60833	-77
25.61667	-76
25.62500	-75
25.63333	-73
25.64167	-72
25.65000	-71
25.65833	-70
25.66667	-68
25.67500	-67
25.68333	-66
25.69167	-65
25.70000	-63
25.70833	-62
25.71667	-61
25.72500	-59
25.73333	-58
25.74167	-56
25.75000	-54
25.75833	-53
25.76667	-51
25.77500	-50
25.78333	-49
25.79167	-47
25.80000	-45
25.80833	-44
25.81667	-42
25.82500	-41
25.83333	-39
25.84167	-37
25.85000	-35
25.85833	-33
25.86667	-31
25.87500	-28
25.88333	-26
25.89167	-23
25.90000	-21
25.90833	-18
25.91667	-15
25.92500	-12
25.93333	-9
25.94167	-5
25.95000	-1
25.95833	2
25.96667	7
25.97500	11
25.98333	16
25.99167	20
26.00000	26
26.00833	31
26.01667	38
26.02500	44
26.03333	51
26.04167	58
26.05000	65
26.05833	73
26.06667	82
26.07500	91
26.08333	101
26.09167	111
26.10000	122
26.10833	133
26.11667	145
26.12500	158
26.13333	172
26.14167	186
26.15000	202
26.15833	218
26.16667	235
26.17500	253
26.18333	272
26.19167	292
26.20000	314
26.20833	336
26.21667	359
26.22500	384
26.23333	409
26.24167	436
26.25000	463
26.25833	492
26.26667	523
26.27500	554
26.28333	587
26.29167	620
26.30000	654
26.30833	689
26.31667	725
26.32500	762
26.33333	799
26.34167	836
26.35000	874
26.35833	912
26.36667	950
26.37500	988
26.38333	1026
26.39167	1064
26.40000	1101
26.40833	1137
26.41667	1173
26.42500	1207
26.43333	1241
26.44167	1272
26.45000	1303
26.45833	1331
26.46667	1357
26.47500	1382
26.48333	1405
26.49167	1425
26.50000	1443
26.50833	1458
26.51667	1471
26.52500	1481
26.53333	1488
26.54167	1492
26.55000	1494
26.55833	1493
26.56667	1490
26.57500	1483
26.58333	1474
26.59167	1462
26.60000	1448
26.60833	1432
26.61667	1413
26.62500	1392
26.63333	1369
26.64167	1344
26.65000	1317
26.65833	1288
26.66667	1259
26.67500	1228
26.68333	1195
26.69167	1162
26.70000	1128
26.70833	1093
26.71667	1058
26.72500	1022
26.73333	986
26.74167	951
26.75000	915
26.75833	879
26.76667	843
26.77500	809
26.78333	775
26.79167	742
26.80000	708
26.80833	676
26.81667	645
26.82500	615
26.83333	585
26.84167	557
26.85000	530
26.85833	503
26.86667	478
26.87500	453
26.88333	429
26.89167	406
26.90000	385
26.90833	364
26.91667	344
26.92500	325
26.93333	307
26.94167	290
26.95000	275
26.95833	259
26.96667	245
26.97500	231
26.98333	218
26.99167	205
27.00000	193
27.00833	181
27.01667	170
27.02500	160
27.03333	150
27.04167	140
27.05000	131
27.05833	123
27.06667	114
27.07500	107
27.08333	99
27.09167	93
27.10000	86
27.10833	80
27.11667	74
27.12500	68
27.13333	62
27.14167	57
27.15000	52
27.15833	47
27.16667	42
27.17500	37
27.18333	33
27.19167	29
27.20000	24
27.20833	20
27.21667	16
27.22500	11
27.23333	7
27.24167	4
27.25000	-0
27.25833	-4
27.26667	-7
27.27500	-11
27.28333	-14
27.29167	-17
27.30000	-20
27.30833	-23
27.31667	-26
27.32500	-28
27.33333	-31
27.34167	-34
27.35000	-37
27.35833	-40
27.36667	-42
27.37500	-45
27.38333	-47
27.39167	-49
27.40000	-51
27.40833	-52
27.41667	-54
27.42500	-56
27.43333	-57
27.44167	-59
27.45000	-61
27.45833	-62
27.46667	-64
27.47500	-65
27.48333	-66
27.49167	-67
27.50000	-68
27.50833	-69
27.51667	-69
27.52500	-70
27.53333	-71
27.54167	-72
27.55000	-73
27.55833	-74
27.56667	-75
27.57500	-75
27.58333	-75
27.59167	-75
27.60000	-76
27.60833	-76
27.61667	-77
27.62500	-77
27.63333	-77
27.64167	-78
27.65000	-78
27.65833	-78
27.66667	-79
27.67500	-79
27.68333	-79
27.69167	-80
27.70000	-80
27.70833	-81
27.71667	-81
27.72500	-81
27.73333	-82
27.74167	-82
27.75000	-82
27.75833	-82
27.76667	-83
27.77500	-83
27.78333	-83
27.79167	-83
27.80000	-83
27.80833	-84
27.81667	-84
27.82500	-84
27.83333	-84
27.84167	-84
27.85000	-85
27.85833	-85
27.86667	-85
27.87500	-85
27.88333	-85
27.89167	-85
27.90000	-86
27.90833	-86
27.91667	-86
27.92500	-86
27.93333	-86
27.94167	-85
27.95000	-85
27.95833	-86
27.96667	-86
27.97500	-86
27.98333	-86
27.99167	-86
28.00000	-86

