R.Time (min)	Intensity
0.00000	-39
0.00833	-39
0.01667	-25
0.02500	-0
0.03333	-1
0.04167	-2
0.05000	-3
0.05833	-4
0.06667	-4
0.07500	-4
0.08333	-4
0.09167	-4
0.10000	-4
0.10833	-3
0.11667	-4
0.12500	-4
0.13333	-5
0.14167	-5
0.15000	-5
0.15833	-5
0.16667	-6
0.17500	-6
0.18333	-7
0.19167	-8
0.20000	-8
0.20833	-8
0.21667	-9
0.22500	-9
0.23333	-9
0.24167	-9
0.25000	-10
0.25833	-10
0.26667	-11
0.27500	-12
0.28333	-12
0.29167	-12
0.30000	-13
0.30833	-13
0.31667	-14
0.32500	-15
0.33333	-15
0.34167	-16
0.35000	-16
0.35833	-17
0.36667	-18
0.37500	-19
0.38333	-19
0.39167	-20
0.40000	-20
0.40833	-20
0.41667	-21
0.42500	-21
0.43333	-22
0.44167	-23
0.45000	-23
0.45833	-24
0.46667	-25
0.47500	-26
0.48333	-26
0.49167	-27
0.50000	-29
0.50833	-29
0.51667	-30
0.52500	-31
0.53333	-32
0.54167	-32
0.55000	-32
0.55833	-33
0.56667	-33
0.57500	-34
0.58333	-34
0.59167	-34
0.60000	-34
0.60833	-35
0.61667	-36
0.62500	-36
0.63333	-37
0.64167	-37
0.65000	-37
0.65833	-38
0.66667	-38
0.67500	-38
0.68333	-39
0.69167	-40
0.70000	-40
0.70833	-40
0.71667	-41
0.72500	-41
0.73333	-41
0.74167	-41
0.75000	-42
0.75833	-42
0.76667	-42
0.77500	-42
0.78333	-42
0.79167	-42
0.80000	-43
0.80833	-43
0.81667	-44
0.82500	-44
0.83333	-45
0.84167	-45
0.85000	-45
0.85833	-45
0.86667	-45
0.87500	-46
0.88333	-46
0.89167	-47
0.90000	-48
0.90833	-48
0.91667	-49
0.92500	-49
0.93333	-49
0.94167	-49
0.95000	-50
0.95833	-50
0.96667	-50
0.97500	-51
0.98333	-51
0.99167	-52
1.00000	-52
1.00833	-53
1.01667	-53
1.02500	-54
1.03333	-54
1.04167	-55
1.05000	-55
1.05833	-56
1.06667	-56
1.07500	-57
1.08333	-58
1.09167	-58
1.10000	-59
1.10833	-60
1.11667	-60
1.12500	-61
1.13333	-61
1.14167	-62
1.15000	-62
1.15833	-63
1.16667	-63
1.17500	-64
1.18333	-65
1.19167	-65
1.20000	-66
1.20833	-66
1.21667	-67
1.22500	-68
1.23333	-68
1.24167	-68
1.25000	-68
1.25833	-69
1.26667	-70
1.27500	-70
1.28333	-70
1.29167	-71
1.30000	-71
1.30833	-71
1.31667	-71
1.32500	-72
1.33333	-72
1.34167	-72
1.35000	-73
1.35833	-73
1.36667	-73
1.37500	-73
1.38333	-73
1.39167	-73
1.40000	-73
1.40833	-74
1.41667	-74
1.42500	-75
1.43333	-75
1.44167	-75
1.45000	-74
1.45833	-74
1.46667	-74
1.47500	-73
1.48333	-73
1.49167	-73
1.50000	-73
1.50833	-73
1.51667	-74
1.52500	-74
1.53333	-74
1.54167	-74
1.55000	-75
1.55833	-75
1.56667	-75
1.57500	-75
1.58333	-75
1.59167	-75
1.60000	-75
1.60833	-76
1.61667	-76
1.62500	-77
1.63333	-77
1.64167	-78
1.65000	-78
1.65833	-79
1.66667	-79
1.67500	-79
1.68333	-80
1.69167	-80
1.70000	-81
1.70833	-81
1.71667	-81
1.72500	-82
1.73333	-82
1.74167	-83
1.75000	-83
1.75833	-84
1.76667	-84
1.77500	-85
1.78333	-85
1.79167	-86
1.80000	-86
1.80833	-86
1.81667	-86
1.82500	-87
1.83333	-87
1.84167	-88
1.85000	-88
1.85833	-88
1.86667	-88
1.87500	-89
1.88333	-89
1.89167	-89
1.90000	-89
1.90833	-89
1.91667	-88
1.92500	-88
1.93333	-88
1.94167	-88
1.95000	-88
1.95833	-89
1.96667	-89
1.97500	-90
1.98333	-90
1.99167	-90
2.00000	-90
2.00833	-91
2.01667	-91
2.02500	-91
2.03333	-90
2.04167	-90
2.05000	-89
2.05833	-89
2.06667	-89
2.07500	-89
2.08333	-89
2.09167	-88
2.10000	-88
2.10833	-88
2.11667	-88
2.12500	-87
2.13333	-87
2.14167	-86
2.15000	-86
2.15833	-86
2.16667	-85
2.17500	-85
2.18333	-85
2.19167	-83
2.20000	-82
2.20833	-81
2.21667	-80
2.22500	-79
2.23333	-77
2.24167	-76
2.25000	-76
2.25833	-75
2.26667	-74
2.27500	-73
2.28333	-71
2.29167	-69
2.30000	-67
2.30833	-65
2.31667	-63
2.32500	-60
2.33333	-58
2.34167	-55
2.35000	-52
2.35833	-49
2.36667	-46
2.37500	-43
2.38333	-40
2.39167	-36
2.40000	-32
2.40833	-28
2.41667	-24
2.42500	-19
2.43333	-14
2.44167	-9
2.45000	-3
2.45833	3
2.46667	9
2.47500	16
2.48333	23
2.49167	30
2.50000	38
2.50833	46
2.51667	55
2.52500	64
2.53333	74
2.54167	85
2.55000	96
2.55833	107
2.56667	120
2.57500	133
2.58333	147
2.59167	161
2.60000	176
2.60833	192
2.61667	209
2.62500	227
2.63333	246
2.64167	265
2.65000	285
2.65833	306
2.66667	329
2.67500	353
2.68333	378
2.69167	405
2.70000	433
2.70833	463
2.71667	494
2.72500	527
2.73333	562
2.74167	598
2.75000	635
2.75833	675
2.76667	717
2.77500	762
2.78333	809
2.79167	857
2.80000	909
2.80833	963
2.81667	1020
2.82500	1080
2.83333	1143
2.84167	1209
2.85000	1278
2.85833	1351
2.86667	1428
2.87500	1508
2.88333	1593
2.89167	1681
2.90000	1774
2.90833	1872
2.91667	1974
2.92500	2080
2.93333	2191
2.94167	2307
2.95000	2428
2.95833	2555
2.96667	2686
2.97500	2823
2.98333	2964
2.99167	3111
3.00000	3263
3.00833	3420
3.01667	3582
3.02500	3749
3.03333	3920
3.04167	4096
3.05000	4277
3.05833	4461
3.06667	4649
3.07500	4841
3.08333	5036
3.09167	5233
3.10000	5433
3.10833	5635
3.11667	5838
3.12500	6041
3.13333	6245
3.14167	6448
3.15000	6650
3.15833	6850
3.16667	7048
3.17500	7242
3.18333	7433
3.19167	7620
3.20000	7801
3.20833	7976
3.21667	8145
3.22500	8306
3.23333	8460
3.24167	8605
3.25000	8742
3.25833	8868
3.26667	8985
3.27500	9091
3.28333	9185
3.29167	9269
3.30000	9340
3.30833	9399
3.31667	9446
3.32500	9480
3.33333	9501
3.34167	9510
3.35000	9506
3.35833	9489
3.36667	9459
3.37500	9417
3.38333	9363
3.39167	9296
3.40000	9218
3.40833	9128
3.41667	9027
3.42500	8916
3.43333	8795
3.44167	8665
3.45000	8526
3.45833	8378
3.46667	8223
3.47500	8060
3.48333	7890
3.49167	7715
3.50000	7534
3.50833	7348
3.51667	7158
3.52500	6965
3.53333	6770
3.54167	6572
3.55000	6372
3.55833	6172
3.56667	5971
3.57500	5770
3.58333	5570
3.59167	5372
3.60000	5174
3.60833	4979
3.61667	4786
3.62500	4596
3.63333	4409
3.64167	4225
3.65000	4045
3.65833	3869
3.66667	3697
3.67500	3530
3.68333	3368
3.69167	3210
3.70000	3057
3.70833	2908
3.71667	2765
3.72500	2626
3.73333	2493
3.74167	2364
3.75000	2241
3.75833	2124
3.76667	2011
3.77500	1902
3.78333	1799
3.79167	1700
3.80000	1605
3.80833	1515
3.81667	1429
3.82500	1348
3.83333	1270
3.84167	1197
3.85000	1127
3.85833	1062
3.86667	1000
3.87500	942
3.88333	887
3.89167	835
3.90000	786
3.90833	739
3.91667	695
3.92500	654
3.93333	615
3.94167	579
3.95000	545
3.95833	513
3.96667	483
3.97500	455
3.98333	428
3.99167	402
4.00000	379
4.00833	356
4.01667	336
4.02500	316
4.03333	298
4.04167	281
4.05000	265
4.05833	250
4.06667	235
4.07500	221
4.08333	208
4.09167	196
4.10000	184
4.10833	172
4.11667	162
4.12500	152
4.13333	142
4.14167	133
4.15000	125
4.15833	116
4.16667	108
4.17500	100
4.18333	92
4.19167	85
4.20000	78
4.20833	71
4.21667	64
4.22500	58
4.23333	52
4.24167	45
4.25000	39
4.25833	33
4.26667	27
4.27500	21
4.28333	16
4.29167	11
4.30000	6
4.30833	1
4.31667	-4
4.32500	-9
4.33333	-14
4.34167	-18
4.35000	-23
4.35833	-28
4.36667	-32
4.37500	-36
4.38333	-40
4.39167	-43
4.40000	-47
4.40833	-51
4.41667	-55
4.42500	-58
4.43333	-62
4.44167	-66
4.45000	-69
4.45833	-72
4.46667	-75
4.47500	-79
4.48333	-82
4.49167	-85
4.50000	-87
4.50833	-90
4.51667	-92
4.52500	-94
4.53333	-96
4.54167	-98
4.55000	-100
4.55833	-102
4.56667	-104
4.57500	-106
4.58333	-108
4.59167	-109
4.60000	-110
4.60833	-111
4.61667	-113
4.62500	-113
4.63333	-114
4.64167	-115
4.65000	-116
4.65833	-117
4.66667	-117
4.67500	-118
4.68333	-119
4.69167	-120
4.70000	-121
4.70833	-122
4.71667	-122
4.72500	-123
4.73333	-124
4.74167	-124
4.75000	-125
4.75833	-125
4.76667	-125
4.77500	-125
4.78333	-125
4.79167	-125
4.80000	-125
4.80833	-126
4.81667	-126
4.82500	-126
4.83333	-126
4.84167	-127
4.85000	-127
4.85833	-127
4.86667	-127
4.87500	-128
4.88333	-128
4.89167	-128
4.90000	-129
4.90833	-129
4.91667	-129
4.92500	-129
4.93333	-129
4.94167	-129
4.95000	-129
4.95833	-129
4.96667	-129
4.97500	-129
4.98333	-129
4.99167	-129
5.00000	-129
5.00833	-129
5.01667	-129
5.02500	-129
5.03333	-129
5.04167	-129
5.05000	-129
5.05833	-128
5.06667	-128
5.07500	-128
5.08333	-128
5.09167	-128
5.10000	-128
5.10833	-128
5.11667	-128
5.12500	-129
5.13333	-129
5.14167	-129
5.15000	-129
5.15833	-130
5.16667	-130
5.17500	-130
5.18333	-130
5.19167	-130
5.20000	-130
5.20833	-130
5.21667	-130
5.22500	-131
5.23333	-131
5.24167	-131
5.25000	-131
5.25833	-131
5.26667	-131
5.27500	-131
5.28333	-131
5.29167	-131
5.30000	-131
5.30833	-132
5.31667	-132
5.32500	-132
5.33333	-132
5.34167	-132
5.35000	-132
5.35833	-133
5.36667	-133
5.37500	-133
5.38333	-134
5.39167	-134
5.40000	-134
5.40833	-134
5.41667	-134
5.42500	-134
5.43333	-134
5.44167	-134
5.45000	-135
5.45833	-135
5.46667	-135
5.47500	-135
5.48333	-135
5.49167	-135
5.50000	-135
5.50833	-134
5.51667	-134
5.52500	-134
5.53333	-134
5.54167	-134
5.55000	-134
5.55833	-135
5.56667	-135
5.57500	-135
5.58333	-135
5.59167	-135
5.60000	-135
5.60833	-135
5.61667	-135
5.62500	-135
5.63333	-135
5.64167	-135
5.65000	-135
5.65833	-135
5.66667	-135
5.67500	-135
5.68333	-135
5.69167	-135
5.70000	-135
5.70833	-136
5.71667	-136
5.72500	-136
5.73333	-136
5.74167	-136
5.75000	-135
5.75833	-135
5.76667	-135
5.77500	-135
5.78333	-135
5.79167	-135
5.80000	-135
5.80833	-135
5.81667	-135
5.82500	-134
5.83333	-134
5.84167	-134
5.85000	-134
5.85833	-134
5.86667	-134
5.87500	-135
5.88333	-135
5.89167	-135
5.90000	-135
5.90833	-134
5.91667	-134
5.92500	-134
5.93333	-134
5.94167	-134
5.95000	-134
5.95833	-134
5.96667	-134
5.97500	-134
5.98333	-134
5.99167	-134
6.00000	-134
6.00833	-134
6.01667	-133
6.02500	-133
6.03333	-133
6.04167	-133
6.05000	-133
6.05833	-133
6.06667	-133
6.07500	-133
6.08333	-133
6.09167	-133
6.10000	-132
6.10833	-132
6.11667	-132
6.12500	-132
6.13333	-132
6.14167	-132
6.15000	-132
6.15833	-132
6.16667	-132
6.17500	-131
6.18333	-131
6.19167	-131
6.20000	-131
6.20833	-131
6.21667	-131
6.22500	-131
6.23333	-131
6.24167	-131
6.25000	-131
6.25833	-130
6.26667	-130
6.27500	-130
6.28333	-130
6.29167	-129
6.30000	-129
6.30833	-129
6.31667	-129
6.32500	-129
6.33333	-129
6.34167	-129
6.35000	-129
6.35833	-129
6.36667	-128
6.37500	-128
6.38333	-128
6.39167	-128
6.40000	-128
6.40833	-128
6.41667	-128
6.42500	-128
6.43333	-128
6.44167	-128
6.45000	-128
6.45833	-128
6.46667	-128
6.47500	-129
6.48333	-129
6.49167	-129
6.50000	-129
6.50833	-129
6.51667	-129
6.52500	-129
6.53333	-129
6.54167	-129
6.55000	-129
6.55833	-130
6.56667	-130
6.57500	-130
6.58333	-130
6.59167	-131
6.60000	-131
6.60833	-131
6.61667	-131
6.62500	-132
6.63333	-132
6.64167	-132
6.65000	-132
6.65833	-131
6.66667	-131
6.67500	-132
6.68333	-132
6.69167	-132
6.70000	-132
6.70833	-132
6.71667	-132
6.72500	-132
6.73333	-132
6.74167	-132
6.75000	-132
6.75833	-132
6.76667	-132
6.77500	-132
6.78333	-131
6.79167	-131
6.80000	-131
6.80833	-131
6.81667	-131
6.82500	-131
6.83333	-132
6.84167	-131
6.85000	-131
6.85833	-131
6.86667	-131
6.87500	-131
6.88333	-131
6.89167	-131
6.90000	-130
6.90833	-130
6.91667	-130
6.92500	-130
6.93333	-129
6.94167	-129
6.95000	-129
6.95833	-128
6.96667	-128
6.97500	-127
6.98333	-127
6.99167	-126
7.00000	-126
7.00833	-125
7.01667	-124
7.02500	-123
7.03333	-122
7.04167	-121
7.05000	-119
7.05833	-117
7.06667	-115
7.07500	-112
7.08333	-109
7.09167	-105
7.10000	-100
7.10833	-94
7.11667	-88
7.12500	-80
7.13333	-72
7.14167	-62
7.15000	-51
7.15833	-39
7.16667	-25
7.17500	-9
7.18333	7
7.19167	26
7.20000	45
7.20833	67
7.21667	90
7.22500	114
7.23333	140
7.24167	165
7.25000	191
7.25833	216
7.26667	239
7.27500	259
7.28333	274
7.29167	282
7.30000	283
7.30833	275
7.31667	258
7.32500	233
7.33333	205
7.34167	179
7.35000	166
7.35833	178
7.36667	231
7.37500	341
7.38333	527
7.39167	809
7.40000	1207
7.40833	1736
7.41667	2412
7.42500	3245
7.43333	4237
7.44167	5388
7.45000	6687
7.45833	8114
7.46667	9642
7.47500	11233
7.48333	12839
7.49167	14404
7.50000	15864
7.50833	17155
7.51667	18218
7.52500	18999
7.53333	19461
7.54167	19586
7.55000	19376
7.55833	18851
7.56667	18052
7.57500	17031
7.58333	15848
7.59167	14563
7.60000	13235
7.60833	11915
7.61667	10645
7.62500	9453
7.63333	8361
7.64167	7380
7.65000	6512
7.65833	5756
7.66667	5103
7.67500	4545
7.68333	4070
7.69167	3667
7.70000	3323
7.70833	3030
7.71667	2779
7.72500	2562
7.73333	2372
7.74167	2205
7.75000	2056
7.75833	1922
7.76667	1801
7.77500	1690
7.78333	1588
7.79167	1494
7.80000	1407
7.80833	1326
7.81667	1250
7.82500	1178
7.83333	1110
7.84167	1046
7.85000	985
7.85833	927
7.86667	872
7.87500	820
7.88333	770
7.89167	723
7.90000	679
7.90833	637
7.91667	598
7.92500	562
7.93333	528
7.94167	498
7.95000	471
7.95833	448
7.96667	427
7.97500	410
7.98333	395
7.99167	383
8.00000	372
8.00833	364
8.01667	357
8.02500	351
8.03333	346
8.04167	340
8.05000	335
8.05833	329
8.06667	322
8.07500	315
8.08333	308
8.09167	300
8.10000	291
8.10833	283
8.11667	274
8.12500	264
8.13333	255
8.14167	245
8.15000	236
8.15833	227
8.16667	218
8.17500	210
8.18333	202
8.19167	195
8.20000	188
8.20833	182
8.21667	176
8.22500	171
8.23333	167
8.24167	162
8.25000	158
8.25833	155
8.26667	152
8.27500	149
8.28333	147
8.29167	145
8.30000	143
8.30833	142
8.31667	140
8.32500	139
8.33333	138
8.34167	137
8.35000	136
8.35833	135
8.36667	134
8.37500	133
8.38333	131
8.39167	130
8.40000	129
8.40833	128
8.41667	127
8.42500	125
8.43333	124
8.44167	122
8.45000	121
8.45833	119
8.46667	118
8.47500	116
8.48333	114
8.49167	112
8.50000	111
8.50833	110
8.51667	108
8.52500	107
8.53333	105
8.54167	103
8.55000	102
8.55833	100
8.56667	99
8.57500	97
8.58333	95
8.59167	94
8.60000	94
8.60833	93
8.61667	93
8.62500	93
8.63333	93
8.64167	94
8.65000	94
8.65833	95
8.66667	95
8.67500	96
8.68333	97
8.69167	99
8.70000	101
8.70833	103
8.71667	106
8.72500	109
8.73333	112
8.74167	115
8.75000	119
8.75833	123
8.76667	127
8.77500	131
8.78333	135
8.79167	140
8.80000	145
8.80833	151
8.81667	158
8.82500	166
8.83333	174
8.84167	184
8.85000	196
8.85833	210
8.86667	226
8.87500	247
8.88333	271
8.89167	301
8.90000	336
8.90833	378
8.91667	427
8.92500	485
8.93333	550
8.94167	625
8.95000	709
8.95833	802
8.96667	903
8.97500	1012
8.98333	1128
8.99167	1249
9.00000	1374
9.00833	1500
9.01667	1625
9.02500	1746
9.03333	1862
9.04167	1968
9.05000	2063
9.05833	2146
9.06667	2214
9.07500	2266
9.08333	2302
9.09167	2320
9.10000	2320
9.10833	2304
9.11667	2271
9.12500	2224
9.13333	2164
9.14167	2092
9.15000	2011
9.15833	1922
9.16667	1827
9.17500	1729
9.18333	1628
9.19167	1527
9.20000	1427
9.20833	1330
9.21667	1236
9.22500	1146
9.23333	1061
9.24167	981
9.25000	907
9.25833	838
9.26667	776
9.27500	718
9.28333	667
9.29167	620
9.30000	578
9.30833	542
9.31667	510
9.32500	482
9.33333	459
9.34167	439
9.35000	424
9.35833	412
9.36667	403
9.37500	399
9.38333	399
9.39167	403
9.40000	413
9.40833	429
9.41667	451
9.42500	482
9.43333	522
9.44167	573
9.45000	637
9.45833	719
9.46667	819
9.47500	943
9.48333	1095
9.49167	1279
9.50000	1500
9.50833	1764
9.51667	2076
9.52500	2441
9.53333	2864
9.54167	3349
9.55000	3899
9.55833	4516
9.56667	5199
9.57500	5948
9.58333	6759
9.59167	7626
9.60000	8542
9.60833	9498
9.61667	10480
9.62500	11477
9.63333	12474
9.64167	13454
9.65000	14404
9.65833	15308
9.66667	16150
9.67500	16919
9.68333	17601
9.69167	18187
9.70000	18672
9.70833	19051
9.71667	19322
9.72500	19487
9.73333	19550
9.74167	19518
9.75000	19400
9.75833	19207
9.76667	18950
9.77500	18641
9.78333	18296
9.79167	17925
9.80000	17542
9.80833	17159
9.81667	16787
9.82500	16437
9.83333	16115
9.84167	15831
9.85000	15589
9.85833	15395
9.86667	15251
9.87500	15160
9.88333	15124
9.89167	15140
9.90000	15210
9.90833	15332
9.91667	15503
9.92500	15722
9.93333	15985
9.94167	16291
9.95000	16634
9.95833	17013
9.96667	17424
9.97500	17864
9.98333	18329
9.99167	18816
10.00000	19321
10.00833	19840
10.01667	20370
10.02500	20906
10.03333	21440
10.04167	21963
10.05000	22460
10.05833	22912
10.06667	23291
10.07500	23563
10.08333	23690
10.09167	23633
10.10000	23358
10.10833	22843
10.11667	22077
10.12500	21071
10.13333	19851
10.14167	18462
10.15000	16955
10.15833	15387
10.16667	13812
10.17500	12279
10.18333	10825
10.19167	9478
10.20000	8255
10.20833	7164
10.21667	6204
10.22500	5369
10.23333	4652
10.24167	4040
10.25000	3521
10.25833	3082
10.26667	2712
10.27500	2401
10.28333	2139
10.29167	1918
10.30000	1730
10.30833	1570
10.31667	1433
10.32500	1314
10.33333	1212
10.34167	1121
10.35000	1041
10.35833	970
10.36667	906
10.37500	847
10.38333	794
10.39167	746
10.40000	701
10.40833	660
10.41667	621
10.42500	586
10.43333	553
10.44167	524
10.45000	497
10.45833	473
10.46667	451
10.47500	432
10.48333	415
10.49167	401
10.50000	390
10.50833	382
10.51667	376
10.52500	373
10.53333	372
10.54167	373
10.55000	377
10.55833	382
10.56667	390
10.57500	401
10.58333	413
10.59167	427
10.60000	443
10.60833	461
10.61667	480
10.62500	503
10.63333	529
10.64167	558
10.65000	592
10.65833	632
10.66667	678
10.67500	732
10.68333	797
10.69167	875
10.70000	969
10.70833	1083
10.71667	1219
10.72500	1381
10.73333	1574
10.74167	1801
10.75000	2067
10.75833	2375
10.76667	2728
10.77500	3130
10.78333	3581
10.79167	4082
10.80000	4631
10.80833	5227
10.81667	5864
10.82500	6536
10.83333	7235
10.84167	7951
10.85000	8674
10.85833	9390
10.86667	10088
10.87500	10752
10.88333	11371
10.89167	11932
10.90000	12423
10.90833	12835
10.91667	13159
10.92500	13391
10.93333	13526
10.94167	13563
10.95000	13504
10.95833	13353
10.96667	13114
10.97500	12796
10.98333	12408
10.99167	11958
11.00000	11459
11.00833	10919
11.01667	10350
11.02500	9762
11.03333	9164
11.04167	8566
11.05000	7975
11.05833	7397
11.06667	6839
11.07500	6305
11.08333	5797
11.09167	5319
11.10000	4872
11.10833	4458
11.11667	4075
11.12500	3724
11.13333	3403
11.14167	3113
11.15000	2849
11.15833	2612
11.16667	2398
11.17500	2205
11.18333	2033
11.19167	1880
11.20000	1742
11.20833	1619
11.21667	1509
11.22500	1409
11.23333	1320
11.24167	1238
11.25000	1165
11.25833	1097
11.26667	1035
11.27500	977
11.28333	924
11.29167	873
11.30000	826
11.30833	780
11.31667	738
11.32500	698
11.33333	660
11.34167	623
11.35000	589
11.35833	556
11.36667	524
11.37500	494
11.38333	466
11.39167	439
11.40000	414
11.40833	391
11.41667	370
11.42500	350
11.43333	331
11.44167	314
11.45000	299
11.45833	285
11.46667	273
11.47500	262
11.48333	253
11.49167	244
11.50000	237
11.50833	230
11.51667	224
11.52500	219
11.53333	215
11.54167	211
11.55000	208
11.55833	205
11.56667	201
11.57500	198
11.58333	195
11.59167	193
11.60000	190
11.60833	188
11.61667	185
11.62500	183
11.63333	181
11.64167	178
11.65000	176
11.65833	174
11.66667	173
11.67500	171
11.68333	171
11.69167	172
11.70000	172
11.70833	173
11.71667	174
11.72500	176
11.73333	178
11.74167	181
11.75000	183
11.75833	185
11.76667	187
11.77500	189
11.78333	190
11.79167	191
11.80000	191
11.80833	191
11.81667	189
11.82500	187
11.83333	183
11.84167	179
11.85000	174
11.85833	168
11.86667	162
11.87500	155
11.88333	148
11.89167	141
11.90000	132
11.90833	124
11.91667	116
11.92500	108
11.93333	100
11.94167	92
11.95000	85
11.95833	78
11.96667	71
11.97500	65
11.98333	59
11.99167	54
12.00000	49
12.00833	44
12.01667	40
12.02500	37
12.03333	34
12.04167	31
12.05000	29
12.05833	27
12.06667	26
12.07500	24
12.08333	23
12.09167	22
12.10000	22
12.10833	21
12.11667	20
12.12500	20
12.13333	19
12.14167	18
12.15000	17
12.15833	15
12.16667	14
12.17500	13
12.18333	12
12.19167	10
12.20000	9
12.20833	7
12.21667	6
12.22500	4
12.23333	3
12.24167	2
12.25000	0
12.25833	-2
12.26667	-3
12.27500	-4
12.28333	-6
12.29167	-7
12.30000	-9
12.30833	-11
12.31667	-13
12.32500	-15
12.33333	-17
12.34167	-19
12.35000	-21
12.35833	-22
12.36667	-24
12.37500	-25
12.38333	-27
12.39167	-28
12.40000	-30
12.40833	-31
12.41667	-32
12.42500	-34
12.43333	-35
12.44167	-37
12.45000	-38
12.45833	-39
12.46667	-39
12.47500	-40
12.48333	-41
12.49167	-41
12.50000	-41
12.50833	-41
12.51667	-41
12.52500	-42
12.53333	-42
12.54167	-42
12.55000	-42
12.55833	-42
12.56667	-42
12.57500	-41
12.58333	-41
12.59167	-41
12.60000	-40
12.60833	-39
12.61667	-38
12.62500	-37
12.63333	-36
12.64167	-35
12.65000	-34
12.65833	-32
12.66667	-31
12.67500	-29
12.68333	-28
12.69167	-27
12.70000	-26
12.70833	-25
12.71667	-24
12.72500	-23
12.73333	-23
12.74167	-23
12.75000	-22
12.75833	-21
12.76667	-21
12.77500	-21
12.78333	-20
12.79167	-20
12.80000	-20
12.80833	-19
12.81667	-19
12.82500	-19
12.83333	-19
12.84167	-18
12.85000	-18
12.85833	-18
12.86667	-17
12.87500	-16
12.88333	-15
12.89167	-15
12.90000	-14
12.90833	-14
12.91667	-13
12.92500	-13
12.93333	-12
12.94167	-11
12.95000	-10
12.95833	-8
12.96667	-7
12.97500	-6
12.98333	-5
12.99167	-4
13.00000	-3
13.00833	-2
13.01667	-1
13.02500	1
13.03333	2
13.04167	3
13.05000	3
13.05833	4
13.06667	4
13.07500	5
13.08333	5
13.09167	5
13.10000	6
13.10833	6
13.11667	6
13.12500	6
13.13333	5
13.14167	5
13.15000	4
13.15833	3
13.16667	3
13.17500	2
13.18333	1
13.19167	1
13.20000	0
13.20833	-0
13.21667	-1
13.22500	-2
13.23333	-2
13.24167	-3
13.25000	-3
13.25833	-4
13.26667	-4
13.27500	-5
13.28333	-5
13.29167	-4
13.30000	-4
13.30833	-3
13.31667	-2
13.32500	-1
13.33333	-1
13.34167	-0
13.35000	0
13.35833	1
13.36667	2
13.37500	3
13.38333	3
13.39167	4
13.40000	6
13.40833	7
13.41667	8
13.42500	10
13.43333	11
13.44167	12
13.45000	14
13.45833	16
13.46667	18
13.47500	19
13.48333	22
13.49167	24
13.50000	27
13.50833	30
13.51667	34
13.52500	38
13.53333	42
13.54167	46
13.55000	52
13.55833	58
13.56667	65
13.57500	72
13.58333	80
13.59167	89
13.60000	99
13.60833	110
13.61667	121
13.62500	134
13.63333	147
13.64167	161
13.65000	175
13.65833	189
13.66667	204
13.67500	220
13.68333	234
13.69167	249
13.70000	263
13.70833	277
13.71667	290
13.72500	302
13.73333	313
13.74167	323
13.75000	332
13.75833	339
13.76667	345
13.77500	351
13.78333	355
13.79167	359
13.80000	362
13.80833	364
13.81667	365
13.82500	365
13.83333	366
13.84167	366
13.85000	366
13.85833	366
13.86667	367
13.87500	368
13.88333	370
13.89167	372
13.90000	374
13.90833	376
13.91667	378
13.92500	380
13.93333	382
13.94167	384
13.95000	386
13.95833	387
13.96667	387
13.97500	386
13.98333	385
13.99167	382
14.00000	378
14.00833	373
14.01667	368
14.02500	361
14.03333	354
14.04167	347
14.05000	338
14.05833	330
14.06667	321
14.07500	311
14.08333	302
14.09167	292
14.10000	282
14.10833	272
14.11667	263
14.12500	254
14.13333	245
14.14167	236
14.15000	228
14.15833	221
14.16667	214
14.17500	208
14.18333	202
14.19167	197
14.20000	192
14.20833	188
14.21667	184
14.22500	181
14.23333	178
14.24167	176
14.25000	174
14.25833	172
14.26667	170
14.27500	170
14.28333	169
14.29167	169
14.30000	168
14.30833	168
14.31667	168
14.32500	169
14.33333	169
14.34167	170
14.35000	171
14.35833	172
14.36667	172
14.37500	174
14.38333	175
14.39167	177
14.40000	178
14.40833	179
14.41667	180
14.42500	181
14.43333	182
14.44167	184
14.45000	185
14.45833	185
14.46667	186
14.47500	187
14.48333	188
14.49167	189
14.50000	190
14.50833	191
14.51667	192
14.52500	193
14.53333	193
14.54167	194
14.55000	194
14.55833	195
14.56667	196
14.57500	196
14.58333	196
14.59167	196
14.60000	196
14.60833	196
14.61667	196
14.62500	196
14.63333	195
14.64167	195
14.65000	195
14.65833	195
14.66667	195
14.67500	194
14.68333	194
14.69167	194
14.70000	194
14.70833	194
14.71667	194
14.72500	194
14.73333	193
14.74167	193
14.75000	192
14.75833	192
14.76667	192
14.77500	192
14.78333	191
14.79167	191
14.80000	191
14.80833	191
14.81667	191
14.82500	191
14.83333	191
14.84167	191
14.85000	191
14.85833	192
14.86667	192
14.87500	192
14.88333	192
14.89167	192
14.90000	193
14.90833	193
14.91667	193
14.92500	193
14.93333	194
14.94167	194
14.95000	194
14.95833	195
14.96667	195
14.97500	196
14.98333	197
14.99167	199
15.00000	201
15.00833	203
15.01667	205
15.02500	208
15.03333	212
15.04167	216
15.05000	221
15.05833	227
15.06667	234
15.07500	241
15.08333	250
15.09167	260
15.10000	271
15.10833	283
15.11667	297
15.12500	311
15.13333	327
15.14167	344
15.15000	362
15.15833	381
15.16667	401
15.17500	422
15.18333	443
15.19167	464
15.20000	485
15.20833	505
15.21667	525
15.22500	544
15.23333	561
15.24167	577
15.25000	592
15.25833	604
15.26667	614
15.27500	622
15.28333	626
15.29167	628
15.30000	627
15.30833	624
15.31667	617
15.32500	609
15.33333	598
15.34167	585
15.35000	569
15.35833	551
15.36667	532
15.37500	512
15.38333	490
15.39167	468
15.40000	445
15.40833	422
15.41667	399
15.42500	376
15.43333	353
15.44167	331
15.45000	309
15.45833	288
15.46667	268
15.47500	248
15.48333	230
15.49167	213
15.50000	197
15.50833	182
15.51667	167
15.52500	154
15.53333	141
15.54167	130
15.55000	119
15.55833	109
15.56667	100
15.57500	91
15.58333	83
15.59167	76
15.60000	70
15.60833	63
15.61667	58
15.62500	52
15.63333	47
15.64167	42
15.65000	38
15.65833	34
15.66667	31
15.67500	27
15.68333	24
15.69167	22
15.70000	19
15.70833	17
15.71667	15
15.72500	13
15.73333	12
15.74167	10
15.75000	9
15.75833	9
15.76667	8
15.77500	7
15.78333	6
15.79167	6
15.80000	6
15.80833	6
15.81667	6
15.82500	6
15.83333	6
15.84167	6
15.85000	7
15.85833	8
15.86667	8
15.87500	9
15.88333	11
15.89167	13
15.90000	15
15.90833	19
15.91667	23
15.92500	27
15.93333	33
15.94167	38
15.95000	45
15.95833	52
15.96667	61
15.97500	70
15.98333	81
15.99167	92
16.00000	105
16.00833	118
16.01667	133
16.02500	148
16.03333	163
16.04167	179
16.05000	195
16.05833	212
16.06667	229
16.07500	245
16.08333	261
16.09167	276
16.10000	290
16.10833	304
16.11667	315
16.12500	326
16.13333	336
16.14167	344
16.15000	351
16.15833	355
16.16667	357
16.17500	357
16.18333	356
16.19167	353
16.20000	348
16.20833	342
16.21667	335
16.22500	327
16.23333	318
16.24167	308
16.25000	297
16.25833	286
16.26667	275
16.27500	264
16.28333	254
16.29167	243
16.30000	233
16.30833	224
16.31667	215
16.32500	208
16.33333	202
16.34167	196
16.35000	192
16.35833	189
16.36667	187
16.37500	186
16.38333	187
16.39167	189
16.40000	192
16.40833	196
16.41667	202
16.42500	209
16.43333	217
16.44167	227
16.45000	239
16.45833	251
16.46667	265
16.47500	280
16.48333	297
16.49167	315
16.50000	334
16.50833	354
16.51667	375
16.52500	396
16.53333	419
16.54167	441
16.55000	464
16.55833	487
16.56667	510
16.57500	532
16.58333	554
16.59167	575
16.60000	594
16.60833	613
16.61667	630
16.62500	644
16.63333	657
16.64167	667
16.65000	675
16.65833	680
16.66667	682
16.67500	681
16.68333	678
16.69167	671
16.70000	662
16.70833	650
16.71667	636
16.72500	620
16.73333	601
16.74167	581
16.75000	560
16.75833	537
16.76667	513
16.77500	488
16.78333	463
16.79167	437
16.80000	411
16.80833	385
16.81667	360
16.82500	335
16.83333	310
16.84167	286
16.85000	263
16.85833	241
16.86667	220
16.87500	200
16.88333	181
16.89167	163
16.90000	146
16.90833	131
16.91667	116
16.92500	102
16.93333	89
16.94167	77
16.95000	65
16.95833	55
16.96667	46
16.97500	37
16.98333	29
16.99167	21
17.00000	14
17.00833	7
17.01667	1
17.02500	-5
17.03333	-10
17.04167	-14
17.05000	-19
17.05833	-24
17.06667	-29
17.07500	-33
17.08333	-37
17.09167	-40
17.10000	-43
17.10833	-46
17.11667	-49
17.12500	-52
17.13333	-54
17.14167	-57
17.15000	-59
17.15833	-61
17.16667	-63
17.17500	-65
17.18333	-67
17.19167	-69
17.20000	-70
17.20833	-72
17.21667	-73
17.22500	-74
17.23333	-75
17.24167	-76
17.25000	-78
17.25833	-79
17.26667	-80
17.27500	-81
17.28333	-82
17.29167	-82
17.30000	-83
17.30833	-83
17.31667	-84
17.32500	-85
17.33333	-86
17.34167	-87
17.35000	-87
17.35833	-87
17.36667	-87
17.37500	-87
17.38333	-87
17.39167	-87
17.40000	-88
17.40833	-88
17.41667	-88
17.42500	-88
17.43333	-88
17.44167	-87
17.45000	-87
17.45833	-86
17.46667	-86
17.47500	-85
17.48333	-85
17.49167	-84
17.50000	-83
17.50833	-82
17.51667	-82
17.52500	-81
17.53333	-80
17.54167	-78
17.55000	-77
17.55833	-76
17.56667	-74
17.57500	-73
17.58333	-71
17.59167	-70
17.60000	-68
17.60833	-66
17.61667	-64
17.62500	-62
17.63333	-59
17.64167	-56
17.65000	-52
17.65833	-48
17.66667	-44
17.67500	-39
17.68333	-34
17.69167	-29
17.70000	-23
17.70833	-17
17.71667	-10
17.72500	-2
17.73333	7
17.74167	17
17.75000	28
17.75833	40
17.76667	53
17.77500	67
17.78333	82
17.79167	99
17.80000	118
17.80833	140
17.81667	163
17.82500	189
17.83333	218
17.84167	249
17.85000	284
17.85833	322
17.86667	364
17.87500	410
17.88333	461
17.89167	516
17.90000	577
17.90833	643
17.91667	714
17.92500	791
17.93333	873
17.94167	961
17.95000	1055
17.95833	1155
17.96667	1259
17.97500	1369
17.98333	1484
17.99167	1602
18.00000	1724
18.00833	1848
18.01667	1973
18.02500	2100
18.03333	2226
18.04167	2351
18.05000	2472
18.05833	2589
18.06667	2700
18.07500	2806
18.08333	2904
18.09167	2993
18.10000	3072
18.10833	3141
18.11667	3198
18.12500	3243
18.13333	3276
18.14167	3295
18.15000	3300
18.15833	3293
18.16667	3274
18.17500	3242
18.18333	3198
18.19167	3142
18.20000	3076
18.20833	3001
18.21667	2917
18.22500	2825
18.23333	2727
18.24167	2623
18.25000	2515
18.25833	2403
18.26667	2289
18.27500	2174
18.28333	2058
18.29167	1943
18.30000	1830
18.30833	1719
18.31667	1610
18.32500	1505
18.33333	1403
18.34167	1306
18.35000	1212
18.35833	1123
18.36667	1039
18.37500	959
18.38333	884
18.39167	814
18.40000	748
18.40833	687
18.41667	629
18.42500	576
18.43333	527
18.44167	481
18.45000	440
18.45833	401
18.46667	365
18.47500	332
18.48333	302
18.49167	275
18.50000	249
18.50833	225
18.51667	203
18.52500	184
18.53333	166
18.54167	150
18.55000	135
18.55833	122
18.56667	109
18.57500	98
18.58333	88
18.59167	79
18.60000	71
18.60833	64
18.61667	59
18.62500	54
18.63333	50
18.64167	47
18.65000	46
18.65833	45
18.66667	44
18.67500	45
18.68333	46
18.69167	47
18.70000	50
18.70833	53
18.71667	57
18.72500	62
18.73333	67
18.74167	73
18.75000	80
18.75833	87
18.76667	94
18.77500	103
18.78333	111
18.79167	120
18.80000	129
18.80833	139
18.81667	148
18.82500	158
18.83333	167
18.84167	176
18.85000	185
18.85833	194
18.86667	201
18.87500	208
18.88333	215
18.89167	220
18.90000	226
18.90833	230
18.91667	233
18.92500	236
18.93333	237
18.94167	237
18.95000	237
18.95833	235
18.96667	232
18.97500	228
18.98333	224
18.99167	218
19.00000	212
19.00833	205
19.01667	197
19.02500	188
19.03333	180
19.04167	170
19.05000	161
19.05833	151
19.06667	140
19.07500	130
19.08333	119
19.09167	109
19.10000	99
19.10833	88
19.11667	78
19.12500	69
19.13333	59
19.14167	50
19.15000	41
19.15833	32
19.16667	25
19.17500	17
19.18333	10
19.19167	3
19.20000	-3
19.20833	-9
19.21667	-15
19.22500	-20
19.23333	-26
19.24167	-30
19.25000	-34
19.25833	-38
19.26667	-42
19.27500	-45
19.28333	-48
19.29167	-51
19.30000	-54
19.30833	-56
19.31667	-58
19.32500	-60
19.33333	-62
19.34167	-63
19.35000	-65
19.35833	-66
19.36667	-66
19.37500	-67
19.38333	-68
19.39167	-68
19.40000	-69
19.40833	-69
19.41667	-69
19.42500	-69
19.43333	-69
19.44167	-69
19.45000	-69
19.45833	-69
19.46667	-69
19.47500	-69
19.48333	-68
19.49167	-68
19.50000	-68
19.50833	-68
19.51667	-67
19.52500	-67
19.53333	-67
19.54167	-67
19.55000	-67
19.55833	-67
19.56667	-67
19.57500	-67
19.58333	-67
19.59167	-67
19.60000	-67
19.60833	-67
19.61667	-67
19.62500	-68
19.63333	-68
19.64167	-68
19.65000	-68
19.65833	-68
19.66667	-68
19.67500	-68
19.68333	-69
19.69167	-69
19.70000	-70
19.70833	-70
19.71667	-70
19.72500	-70
19.73333	-71
19.74167	-71
19.75000	-72
19.75833	-72
19.76667	-73
19.77500	-73
19.78333	-74
19.79167	-74
19.80000	-75
19.80833	-75
19.81667	-76
19.82500	-76
19.83333	-77
19.84167	-77
19.85000	-78
19.85833	-78
19.86667	-79
19.87500	-79
19.88333	-80
19.89167	-80
19.90000	-80
19.90833	-81
19.91667	-82
19.92500	-82
19.93333	-83
19.94167	-84
19.95000	-85
19.95833	-85
19.96667	-86
19.97500	-86
19.98333	-86
19.99167	-87
20.00000	-86
20.00833	-86
20.01667	-86
20.02500	-86
20.03333	-86
20.04167	-87
20.05000	-87
20.05833	-87
20.06667	-87
20.07500	-87
20.08333	-88
20.09167	-88
20.10000	-88
20.10833	-88
20.11667	-88
20.12500	-88
20.13333	-88
20.14167	-88
20.15000	-88
20.15833	-88
20.16667	-88
20.17500	-88
20.18333	-88
20.19167	-88
20.20000	-88
20.20833	-88
20.21667	-88
20.22500	-87
20.23333	-87
20.24167	-86
20.25000	-86
20.25833	-85
20.26667	-85
20.27500	-84
20.28333	-84
20.29167	-83
20.30000	-83
20.30833	-82
20.31667	-81
20.32500	-81
20.33333	-79
20.34167	-78
20.35000	-77
20.35833	-76
20.36667	-75
20.37500	-73
20.38333	-71
20.39167	-69
20.40000	-68
20.40833	-66
20.41667	-64
20.42500	-62
20.43333	-59
20.44167	-57
20.45000	-54
20.45833	-51
20.46667	-47
20.47500	-43
20.48333	-39
20.49167	-35
20.50000	-30
20.50833	-25
20.51667	-20
20.52500	-14
20.53333	-8
20.54167	-2
20.55000	6
20.55833	14
20.56667	22
20.57500	32
20.58333	42
20.59167	53
20.60000	65
20.60833	77
20.61667	91
20.62500	106
20.63333	122
20.64167	140
20.65000	158
20.65833	178
20.66667	198
20.67500	220
20.68333	243
20.69167	268
20.70000	293
20.70833	320
20.71667	347
20.72500	377
20.73333	408
20.74167	440
20.75000	473
20.75833	507
20.76667	542
20.77500	578
20.78333	614
20.79167	651
20.80000	688
20.80833	726
20.81667	763
20.82500	800
20.83333	838
20.84167	875
20.85000	912
20.85833	948
20.86667	983
20.87500	1018
20.88333	1052
20.89167	1086
20.90000	1119
20.90833	1151
20.91667	1182
20.92500	1211
20.93333	1240
20.94167	1268
20.95000	1296
20.95833	1323
20.96667	1349
20.97500	1376
20.98333	1402
20.99167	1428
21.00000	1454
21.00833	1481
21.01667	1509
21.02500	1538
21.03333	1568
21.04167	1600
21.05000	1634
21.05833	1670
21.06667	1709
21.07500	1750
21.08333	1794
21.09167	1843
21.10000	1897
21.10833	1955
21.11667	2019
21.12500	2088
21.13333	2164
21.14167	2247
21.15000	2337
21.15833	2436
21.16667	2544
21.17500	2662
21.18333	2789
21.19167	2928
21.20000	3078
21.20833	3240
21.21667	3415
21.22500	3604
21.23333	3806
21.24167	4022
21.25000	4252
21.25833	4496
21.26667	4755
21.27500	5029
21.28333	5317
21.29167	5618
21.30000	5933
21.30833	6260
21.31667	6599
21.32500	6949
21.33333	7308
21.34167	7674
21.35000	8047
21.35833	8424
21.36667	8803
21.37500	9182
21.38333	9560
21.39167	9933
21.40000	10300
21.40833	10658
21.41667	11004
21.42500	11336
21.43333	11653
21.44167	11951
21.45000	12228
21.45833	12484
21.46667	12715
21.47500	12920
21.48333	13098
21.49167	13248
21.50000	13367
21.50833	13457
21.51667	13515
21.52500	13542
21.53333	13538
21.54167	13503
21.55000	13438
21.55833	13343
21.56667	13219
21.57500	13067
21.58333	12890
21.59167	12687
21.60000	12461
21.60833	12214
21.61667	11947
21.62500	11662
21.63333	11361
21.64167	11046
21.65000	10720
21.65833	10385
21.66667	10041
21.67500	9691
21.68333	9337
21.69167	8981
21.70000	8625
21.70833	8269
21.71667	7916
21.72500	7567
21.73333	7223
21.74167	6884
21.75000	6553
21.75833	6230
21.76667	5916
21.77500	5611
21.78333	5315
21.79167	5030
21.80000	4755
21.80833	4491
21.81667	4238
21.82500	3996
21.83333	3765
21.84167	3544
21.85000	3333
21.85833	3133
21.86667	2943
21.87500	2763
21.88333	2592
21.89167	2431
21.90000	2279
21.90833	2135
21.91667	2000
21.92500	1872
21.93333	1751
21.94167	1637
21.95000	1530
21.95833	1429
21.96667	1335
21.97500	1245
21.98333	1161
21.99167	1082
22.00000	1008
22.00833	939
22.01667	874
22.02500	813
22.03333	756
22.04167	702
22.05000	652
22.05833	605
22.06667	561
22.07500	520
22.08333	482
22.09167	446
22.10000	412
22.10833	381
22.11667	353
22.12500	326
22.13333	301
22.14167	277
22.15000	256
22.15833	236
22.16667	218
22.17500	201
22.18333	186
22.19167	172
22.20000	159
22.20833	147
22.21667	137
22.22500	127
22.23333	119
22.24167	111
22.25000	104
22.25833	97
22.26667	91
22.27500	86
22.28333	83
22.29167	79
22.30000	76
22.30833	73
22.31667	71
22.32500	69
22.33333	67
22.34167	65
22.35000	64
22.35833	63
22.36667	61
22.37500	60
22.38333	59
22.39167	58
22.40000	57
22.40833	56
22.41667	54
22.42500	53
22.43333	51
22.44167	48
22.45000	46
22.45833	43
22.46667	40
22.47500	37
22.48333	34
22.49167	31
22.50000	27
22.50833	23
22.51667	18
22.52500	13
22.53333	8
22.54167	2
22.55000	-4
22.55833	-10
22.56667	-16
22.57500	-23
22.58333	-29
22.59167	-35
22.60000	-41
22.60833	-48
22.61667	-55
22.62500	-62
22.63333	-69
22.64167	-76
22.65000	-83
22.65833	-89
22.66667	-96
22.67500	-103
22.68333	-110
22.69167	-116
22.70000	-123
22.70833	-129
22.71667	-135
22.72500	-140
22.73333	-145
22.74167	-151
22.75000	-156
22.75833	-160
22.76667	-164
22.77500	-168
22.78333	-172
22.79167	-175
22.80000	-177
22.80833	-180
22.81667	-182
22.82500	-184
22.83333	-186
22.84167	-187
22.85000	-188
22.85833	-188
22.86667	-188
22.87500	-189
22.88333	-188
22.89167	-187
22.90000	-186
22.90833	-185
22.91667	-184
22.92500	-183
22.93333	-182
22.94167	-180
22.95000	-178
22.95833	-176
22.96667	-174
22.97500	-171
22.98333	-168
22.99167	-165
23.00000	-162
23.00833	-160
23.01667	-157
23.02500	-154
23.03333	-151
23.04167	-148
23.05000	-145
23.05833	-143
23.06667	-140
23.07500	-138
23.08333	-136
23.09167	-134
23.10000	-132
23.10833	-130
23.11667	-127
23.12500	-125
23.13333	-124
23.14167	-122
23.15000	-121
23.15833	-120
23.16667	-119
23.17500	-118
23.18333	-117
23.19167	-117
23.20000	-116
23.20833	-115
23.21667	-115
23.22500	-114
23.23333	-114
23.24167	-114
23.25000	-114
23.25833	-114
23.26667	-114
23.27500	-115
23.28333	-114
23.29167	-115
23.30000	-115
23.30833	-116
23.31667	-116
23.32500	-117
23.33333	-117
23.34167	-117
23.35000	-117
23.35833	-118
23.36667	-118
23.37500	-118
23.38333	-119
23.39167	-119
23.40000	-120
23.40833	-120
23.41667	-120
23.42500	-120
23.43333	-121
23.44167	-121
23.45000	-122
23.45833	-122
23.46667	-123
23.47500	-123
23.48333	-123
23.49167	-123
23.50000	-124
23.50833	-124
23.51667	-124
23.52500	-124
23.53333	-123
23.54167	-123
23.55000	-123
23.55833	-123
23.56667	-123
23.57500	-123
23.58333	-123
23.59167	-123
23.60000	-123
23.60833	-123
23.61667	-123
23.62500	-122
23.63333	-122
23.64167	-122
23.65000	-122
23.65833	-122
23.66667	-121
23.67500	-121
23.68333	-121
23.69167	-121
23.70000	-121
23.70833	-120
23.71667	-120
23.72500	-120
23.73333	-119
23.74167	-118
23.75000	-118
23.75833	-117
23.76667	-117
23.77500	-116
23.78333	-115
23.79167	-115
23.80000	-114
23.80833	-114
23.81667	-114
23.82500	-113
23.83333	-113
23.84167	-113
23.85000	-112
23.85833	-112
23.86667	-111
23.87500	-111
23.88333	-110
23.89167	-110
23.90000	-110
23.90833	-109
23.91667	-108
23.92500	-107
23.93333	-107
23.94167	-107
23.95000	-106
23.95833	-106
23.96667	-106
23.97500	-106
23.98333	-105
23.99167	-105
24.00000	-105
24.00833	-105
24.01667	-105
24.02500	-105
24.03333	-105
24.04167	-105
24.05000	-104
24.05833	-104
24.06667	-104
24.07500	-103
24.08333	-103
24.09167	-104
24.10000	-103
24.10833	-103
24.11667	-103
24.12500	-103
24.13333	-103
24.14167	-104
24.15000	-104
24.15833	-104
24.16667	-105
24.17500	-106
24.18333	-107
24.19167	-107
24.20000	-108
24.20833	-109
24.21667	-110
24.22500	-111
24.23333	-113
24.24167	-114
24.25000	-115
24.25833	-116
24.26667	-117
24.27500	-119
24.28333	-120
24.29167	-122
24.30000	-123
24.30833	-125
24.31667	-127
24.32500	-129
24.33333	-131
24.34167	-132
24.35000	-134
24.35833	-135
24.36667	-137
24.37500	-138
24.38333	-139
24.39167	-140
24.40000	-142
24.40833	-143
24.41667	-144
24.42500	-145
24.43333	-147
24.44167	-148
24.45000	-149
24.45833	-150
24.46667	-151
24.47500	-152
24.48333	-152
24.49167	-153
24.50000	-153
24.50833	-154
24.51667	-155
24.52500	-155
24.53333	-155
24.54167	-155
24.55000	-155
24.55833	-155
24.56667	-155
24.57500	-155
24.58333	-155
24.59167	-154
24.60000	-154
24.60833	-154
24.61667	-153
24.62500	-153
24.63333	-152
24.64167	-151
24.65000	-150
24.65833	-150
24.66667	-149
24.67500	-148
24.68333	-147
24.69167	-146
24.70000	-145
24.70833	-145
24.71667	-144
24.72500	-143
24.73333	-141
24.74167	-140
24.75000	-139
24.75833	-138
24.76667	-137
24.77500	-135
24.78333	-134
24.79167	-133
24.80000	-132
24.80833	-132
24.81667	-131
24.82500	-130
24.83333	-130
24.84167	-129
24.85000	-127
24.85833	-126
24.86667	-125
24.87500	-124
24.88333	-123
24.89167	-122
24.90000	-121
24.90833	-121
24.91667	-120
24.92500	-120
24.93333	-119
24.94167	-118
24.95000	-117
24.95833	-117
24.96667	-116
24.97500	-116
24.98333	-115
24.99167	-115
25.00000	-115
25.00833	-115
25.01667	-115
25.02500	-114
25.03333	-114
25.04167	-113
25.05000	-113
25.05833	-112
25.06667	-112
25.07500	-112
25.08333	-111
25.09167	-111
25.10000	-110
25.10833	-109
25.11667	-109
25.12500	-108
25.13333	-108
25.14167	-108
25.15000	-108
25.15833	-107
25.16667	-107
25.17500	-107
25.18333	-106
25.19167	-106
25.20000	-106
25.20833	-106
25.21667	-105
25.22500	-104
25.23333	-104
25.24167	-104
25.25000	-104
25.25833	-104
25.26667	-104
25.27500	-104
25.28333	-104
25.29167	-103
25.30000	-102
25.30833	-102
25.31667	-102
25.32500	-102
25.33333	-102
25.34167	-101
25.35000	-101
25.35833	-100
25.36667	-99
25.37500	-99
25.38333	-98
25.39167	-97
25.40000	-97
25.40833	-96
25.41667	-95
25.42500	-94
25.43333	-93
25.44167	-92
25.45000	-91
25.45833	-90
25.46667	-90
25.47500	-89
25.48333	-88
25.49167	-87
25.50000	-86
25.50833	-85
25.51667	-84
25.52500	-83
25.53333	-82
25.54167	-81
25.55000	-80
25.55833	-79
25.56667	-77
25.57500	-76
25.58333	-75
25.59167	-74
25.60000	-73
25.60833	-71
25.61667	-70
25.62500	-69
25.63333	-68
25.64167	-67
25.65000	-66
25.65833	-65
25.66667	-64
25.67500	-62
25.68333	-61
25.69167	-60
25.70000	-59
25.70833	-57
25.71667	-56
25.72500	-54
25.73333	-53
25.74167	-52
25.75000	-51
25.75833	-50
25.76667	-49
25.77500	-47
25.78333	-46
25.79167	-44
25.80000	-43
25.80833	-42
25.81667	-40
25.82500	-39
25.83333	-37
25.84167	-36
25.85000	-34
25.85833	-33
25.86667	-32
25.87500	-30
25.88333	-28
25.89167	-27
25.90000	-25
25.90833	-23
25.91667	-21
25.92500	-19
25.93333	-16
25.94167	-13
25.95000	-10
25.95833	-8
25.96667	-5
25.97500	-2
25.98333	1
25.99167	4
26.00000	8
26.00833	12
26.01667	15
26.02500	20
26.03333	24
26.04167	29
26.05000	34
26.05833	39
26.06667	45
26.07500	51
26.08333	57
26.09167	64
26.10000	71
26.10833	78
26.11667	86
26.12500	95
26.13333	104
26.14167	113
26.15000	123
26.15833	134
26.16667	145
26.17500	157
26.18333	169
26.19167	182
26.20000	195
26.20833	209
26.21667	224
26.22500	239
26.23333	256
26.24167	273
26.25000	291
26.25833	309
26.26667	329
26.27500	348
26.28333	368
26.29167	389
26.30000	410
26.30833	431
26.31667	454
26.32500	477
26.33333	500
26.34167	523
26.35000	547
26.35833	571
26.36667	595
26.37500	620
26.38333	644
26.39167	667
26.40000	690
26.40833	713
26.41667	735
26.42500	757
26.43333	778
26.44167	798
26.45000	818
26.45833	836
26.46667	853
26.47500	869
26.48333	883
26.49167	896
26.50000	907
26.50833	917
26.51667	925
26.52500	932
26.53333	937
26.54167	941
26.55000	942
26.55833	942
26.56667	940
26.57500	937
26.58333	932
26.59167	925
26.60000	918
26.60833	908
26.61667	897
26.62500	884
26.63333	870
26.64167	855
26.65000	839
26.65833	822
26.66667	804
26.67500	785
26.68333	766
26.69167	746
26.70000	726
26.70833	705
26.71667	684
26.72500	662
26.73333	641
26.74167	619
26.75000	597
26.75833	575
26.76667	554
26.77500	533
26.78333	512
26.79167	492
26.80000	472
26.80833	452
26.81667	433
26.82500	415
26.83333	396
26.84167	379
26.85000	362
26.85833	346
26.86667	330
26.87500	315
26.88333	300
26.89167	286
26.90000	272
26.90833	260
26.91667	248
26.92500	236
26.93333	225
26.94167	214
26.95000	204
26.95833	193
26.96667	184
26.97500	175
26.98333	167
26.99167	159
27.00000	151
27.00833	144
27.01667	137
27.02500	130
27.03333	123
27.04167	116
27.05000	110
27.05833	104
27.06667	98
27.07500	92
27.08333	86
27.09167	80
27.10000	75
27.10833	71
27.11667	66
27.12500	62
27.13333	58
27.14167	54
27.15000	50
27.15833	46
27.16667	42
27.17500	38
27.18333	34
27.19167	31
27.20000	27
27.20833	24
27.21667	20
27.22500	17
27.23333	14
27.24167	11
27.25000	8
27.25833	5
27.26667	2
27.27500	-1
27.28333	-4
27.29167	-7
27.30000	-9
27.30833	-12
27.31667	-14
27.32500	-17
27.33333	-19
27.34167	-22
27.35000	-24
27.35833	-26
27.36667	-29
27.37500	-31
27.38333	-32
27.39167	-34
27.40000	-36
27.40833	-38
27.41667	-40
27.42500	-41
27.43333	-43
27.44167	-44
27.45000	-46
27.45833	-47
27.46667	-48
27.47500	-49
27.48333	-51
27.49167	-53
27.50000	-54
27.50833	-55
27.51667	-55
27.52500	-56
27.53333	-57
27.54167	-57
27.55000	-57
27.55833	-58
27.56667	-59
27.57500	-59
27.58333	-60
27.59167	-61
27.60000	-62
27.60833	-62
27.61667	-63
27.62500	-63
27.63333	-63
27.64167	-63
27.65000	-64
27.65833	-64
27.66667	-64
27.67500	-65
27.68333	-64
27.69167	-64
27.70000	-64
27.70833	-65
27.71667	-65
27.72500	-65
27.73333	-65
27.74167	-65
27.75000	-65
27.75833	-66
27.76667	-65
27.77500	-65
27.78333	-65
27.79167	-65
27.80000	-65
27.80833	-65
27.81667	-65
27.82500	-65
27.83333	-65
27.84167	-65
27.85000	-66
27.85833	-66
27.86667	-66
27.87500	-66
27.88333	-66
27.89167	-66
27.90000	-66
27.90833	-66
27.91667	-67
27.92500	-67
27.93333	-67
27.94167	-67
27.95000	-67
27.95833	-67
27.96667	-68
27.97500	-68
27.98333	-68
27.99167	-68
28.00000	-69

