R.Time (min)	Intensity
0.00000	-48
0.00833	-48
0.01667	-16
0.02500	-1
0.03333	-2
0.04167	-2
0.05000	-3
0.05833	-4
0.06667	-4
0.07500	-5
0.08333	-6
0.09167	-6
0.10000	-7
0.10833	-7
0.11667	-8
0.12500	-8
0.13333	-8
0.14167	-9
0.15000	-10
0.15833	-11
0.16667	-11
0.17500	-12
0.18333	-13
0.19167	-13
0.20000	-14
0.20833	-15
0.21667	-15
0.22500	-16
0.23333	-17
0.24167	-18
0.25000	-18
0.25833	-19
0.26667	-20
0.27500	-21
0.28333	-21
0.29167	-22
0.30000	-22
0.30833	-23
0.31667	-24
0.32500	-24
0.33333	-25
0.34167	-26
0.35000	-26
0.35833	-27
0.36667	-28
0.37500	-28
0.38333	-29
0.39167	-30
0.40000	-31
0.40833	-32
0.41667	-32
0.42500	-33
0.43333	-33
0.44167	-34
0.45000	-35
0.45833	-35
0.46667	-36
0.47500	-36
0.48333	-37
0.49167	-37
0.50000	-38
0.50833	-39
0.51667	-39
0.52500	-40
0.53333	-40
0.54167	-41
0.55000	-42
0.55833	-42
0.56667	-43
0.57500	-43
0.58333	-44
0.59167	-44
0.60000	-45
0.60833	-45
0.61667	-46
0.62500	-46
0.63333	-46
0.64167	-47
0.65000	-47
0.65833	-48
0.66667	-48
0.67500	-49
0.68333	-49
0.69167	-50
0.70000	-50
0.70833	-51
0.71667	-52
0.72500	-52
0.73333	-53
0.74167	-54
0.75000	-55
0.75833	-55
0.76667	-56
0.77500	-56
0.78333	-56
0.79167	-57
0.80000	-57
0.80833	-58
0.81667	-58
0.82500	-58
0.83333	-59
0.84167	-60
0.85000	-61
0.85833	-61
0.86667	-62
0.87500	-62
0.88333	-62
0.89167	-63
0.90000	-64
0.90833	-65
0.91667	-65
0.92500	-65
0.93333	-66
0.94167	-66
0.95000	-67
0.95833	-68
0.96667	-68
0.97500	-69
0.98333	-69
0.99167	-70
1.00000	-71
1.00833	-71
1.01667	-72
1.02500	-72
1.03333	-73
1.04167	-73
1.05000	-73
1.05833	-74
1.06667	-74
1.07500	-75
1.08333	-75
1.09167	-76
1.10000	-76
1.10833	-77
1.11667	-77
1.12500	-78
1.13333	-78
1.14167	-79
1.15000	-79
1.15833	-79
1.16667	-79
1.17500	-79
1.18333	-79
1.19167	-80
1.20000	-80
1.20833	-80
1.21667	-81
1.22500	-81
1.23333	-82
1.24167	-82
1.25000	-83
1.25833	-83
1.26667	-83
1.27500	-84
1.28333	-84
1.29167	-84
1.30000	-85
1.30833	-85
1.31667	-85
1.32500	-85
1.33333	-85
1.34167	-85
1.35000	-86
1.35833	-86
1.36667	-87
1.37500	-87
1.38333	-87
1.39167	-87
1.40000	-88
1.40833	-88
1.41667	-89
1.42500	-89
1.43333	-90
1.44167	-90
1.45000	-91
1.45833	-91
1.46667	-91
1.47500	-92
1.48333	-92
1.49167	-92
1.50000	-93
1.50833	-92
1.51667	-92
1.52500	-93
1.53333	-93
1.54167	-94
1.55000	-94
1.55833	-94
1.56667	-95
1.57500	-95
1.58333	-95
1.59167	-96
1.60000	-96
1.60833	-96
1.61667	-96
1.62500	-97
1.63333	-97
1.64167	-97
1.65000	-98
1.65833	-98
1.66667	-98
1.67500	-98
1.68333	-98
1.69167	-99
1.70000	-100
1.70833	-100
1.71667	-101
1.72500	-102
1.73333	-102
1.74167	-103
1.75000	-103
1.75833	-104
1.76667	-104
1.77500	-104
1.78333	-104
1.79167	-105
1.80000	-105
1.80833	-106
1.81667	-106
1.82500	-106
1.83333	-106
1.84167	-106
1.85000	-106
1.85833	-107
1.86667	-107
1.87500	-107
1.88333	-107
1.89167	-107
1.90000	-108
1.90833	-108
1.91667	-108
1.92500	-108
1.93333	-109
1.94167	-109
1.95000	-109
1.95833	-109
1.96667	-110
1.97500	-110
1.98333	-110
1.99167	-110
2.00000	-110
2.00833	-110
2.01667	-110
2.02500	-110
2.03333	-110
2.04167	-111
2.05000	-111
2.05833	-111
2.06667	-111
2.07500	-111
2.08333	-111
2.09167	-112
2.10000	-112
2.10833	-112
2.11667	-112
2.12500	-113
2.13333	-113
2.14167	-113
2.15000	-113
2.15833	-113
2.16667	-113
2.17500	-113
2.18333	-113
2.19167	-112
2.20000	-112
2.20833	-112
2.21667	-111
2.22500	-112
2.23333	-112
2.24167	-112
2.25000	-112
2.25833	-113
2.26667	-113
2.27500	-112
2.28333	-112
2.29167	-112
2.30000	-111
2.30833	-111
2.31667	-110
2.32500	-110
2.33333	-109
2.34167	-108
2.35000	-107
2.35833	-106
2.36667	-105
2.37500	-104
2.38333	-103
2.39167	-102
2.40000	-100
2.40833	-98
2.41667	-96
2.42500	-94
2.43333	-92
2.44167	-90
2.45000	-87
2.45833	-84
2.46667	-81
2.47500	-78
2.48333	-75
2.49167	-72
2.50000	-70
2.50833	-67
2.51667	-63
2.52500	-59
2.53333	-55
2.54167	-50
2.55000	-46
2.55833	-41
2.56667	-35
2.57500	-29
2.58333	-23
2.59167	-16
2.60000	-10
2.60833	-3
2.61667	4
2.62500	11
2.63333	19
2.64167	27
2.65000	37
2.65833	46
2.66667	57
2.67500	67
2.68333	79
2.69167	90
2.70000	102
2.70833	115
2.71667	129
2.72500	143
2.73333	158
2.74167	174
2.75000	190
2.75833	207
2.76667	225
2.77500	244
2.78333	264
2.79167	285
2.80000	307
2.80833	330
2.81667	355
2.82500	380
2.83333	407
2.84167	436
2.85000	466
2.85833	497
2.86667	531
2.87500	566
2.88333	602
2.89167	641
2.90000	681
2.90833	723
2.91667	768
2.92500	815
2.93333	863
2.94167	913
2.95000	966
2.95833	1021
2.96667	1079
2.97500	1138
2.98333	1201
2.99167	1265
3.00000	1333
3.00833	1402
3.01667	1474
3.02500	1548
3.03333	1625
3.04167	1704
3.05000	1785
3.05833	1867
3.06667	1952
3.07500	2038
3.08333	2126
3.09167	2216
3.10000	2307
3.10833	2399
3.11667	2492
3.12500	2585
3.13333	2680
3.14167	2774
3.15000	2869
3.15833	2964
3.16667	3057
3.17500	3151
3.18333	3242
3.19167	3332
3.20000	3421
3.20833	3507
3.21667	3591
3.22500	3672
3.23333	3750
3.24167	3825
3.25000	3896
3.25833	3963
3.26667	4025
3.27500	4083
3.28333	4137
3.29167	4186
3.30000	4229
3.30833	4267
3.31667	4299
3.32500	4325
3.33333	4346
3.34167	4360
3.35000	4369
3.35833	4372
3.36667	4369
3.37500	4360
3.38333	4345
3.39167	4324
3.40000	4297
3.40833	4265
3.41667	4227
3.42500	4185
3.43333	4136
3.44167	4083
3.45000	4026
3.45833	3963
3.46667	3896
3.47500	3826
3.48333	3752
3.49167	3674
3.50000	3594
3.50833	3510
3.51667	3424
3.52500	3336
3.53333	3246
3.54167	3154
3.55000	3062
3.55833	2968
3.56667	2873
3.57500	2778
3.58333	2683
3.59167	2588
3.60000	2493
3.60833	2399
3.61667	2306
3.62500	2214
3.63333	2123
3.64167	2034
3.65000	1946
3.65833	1860
3.66667	1776
3.67500	1695
3.68333	1615
3.69167	1537
3.70000	1461
3.70833	1388
3.71667	1317
3.72500	1249
3.73333	1182
3.74167	1119
3.75000	1058
3.75833	999
3.76667	943
3.77500	889
3.78333	838
3.79167	789
3.80000	743
3.80833	699
3.81667	657
3.82500	617
3.83333	579
3.84167	543
3.85000	509
3.85833	477
3.86667	447
3.87500	418
3.88333	391
3.89167	366
3.90000	343
3.90833	321
3.91667	300
3.92500	280
3.93333	262
3.94167	244
3.95000	228
3.95833	213
3.96667	199
3.97500	186
3.98333	174
3.99167	163
4.00000	152
4.00833	142
4.01667	132
4.02500	123
4.03333	115
4.04167	107
4.05000	99
4.05833	92
4.06667	85
4.07500	79
4.08333	73
4.09167	68
4.10000	62
4.10833	57
4.11667	51
4.12500	45
4.13333	40
4.14167	35
4.15000	30
4.15833	25
4.16667	20
4.17500	16
4.18333	11
4.19167	6
4.20000	2
4.20833	-3
4.21667	-8
4.22500	-13
4.23333	-18
4.24167	-22
4.25000	-26
4.25833	-30
4.26667	-33
4.27500	-37
4.28333	-41
4.29167	-46
4.30000	-50
4.30833	-54
4.31667	-58
4.32500	-62
4.33333	-65
4.34167	-69
4.35000	-73
4.35833	-76
4.36667	-80
4.37500	-83
4.38333	-87
4.39167	-90
4.40000	-93
4.40833	-96
4.41667	-100
4.42500	-103
4.43333	-106
4.44167	-108
4.45000	-110
4.45833	-112
4.46667	-114
4.47500	-116
4.48333	-117
4.49167	-119
4.50000	-121
4.50833	-122
4.51667	-124
4.52500	-126
4.53333	-127
4.54167	-128
4.55000	-129
4.55833	-130
4.56667	-131
4.57500	-132
4.58333	-133
4.59167	-134
4.60000	-134
4.60833	-135
4.61667	-135
4.62500	-136
4.63333	-136
4.64167	-136
4.65000	-136
4.65833	-136
4.66667	-137
4.67500	-137
4.68333	-137
4.69167	-137
4.70000	-138
4.70833	-138
4.71667	-138
4.72500	-138
4.73333	-138
4.74167	-138
4.75000	-138
4.75833	-138
4.76667	-137
4.77500	-137
4.78333	-137
4.79167	-137
4.80000	-137
4.80833	-137
4.81667	-137
4.82500	-136
4.83333	-136
4.84167	-136
4.85000	-136
4.85833	-135
4.86667	-135
4.87500	-135
4.88333	-135
4.89167	-135
4.90000	-134
4.90833	-134
4.91667	-134
4.92500	-134
4.93333	-134
4.94167	-134
4.95000	-133
4.95833	-133
4.96667	-132
4.97500	-132
4.98333	-131
4.99167	-131
5.00000	-131
5.00833	-131
5.01667	-131
5.02500	-131
5.03333	-131
5.04167	-131
5.05000	-131
5.05833	-130
5.06667	-130
5.07500	-131
5.08333	-131
5.09167	-131
5.10000	-131
5.10833	-131
5.11667	-131
5.12500	-131
5.13333	-131
5.14167	-131
5.15000	-130
5.15833	-130
5.16667	-130
5.17500	-130
5.18333	-131
5.19167	-131
5.20000	-131
5.20833	-131
5.21667	-131
5.22500	-131
5.23333	-132
5.24167	-132
5.25000	-132
5.25833	-133
5.26667	-133
5.27500	-133
5.28333	-133
5.29167	-133
5.30000	-134
5.30833	-134
5.31667	-134
5.32500	-134
5.33333	-135
5.34167	-135
5.35000	-135
5.35833	-135
5.36667	-135
5.37500	-136
5.38333	-136
5.39167	-136
5.40000	-137
5.40833	-137
5.41667	-138
5.42500	-138
5.43333	-138
5.44167	-139
5.45000	-140
5.45833	-140
5.46667	-141
5.47500	-141
5.48333	-141
5.49167	-141
5.50000	-142
5.50833	-142
5.51667	-143
5.52500	-144
5.53333	-144
5.54167	-145
5.55000	-145
5.55833	-146
5.56667	-146
5.57500	-146
5.58333	-147
5.59167	-147
5.60000	-148
5.60833	-148
5.61667	-149
5.62500	-149
5.63333	-150
5.64167	-150
5.65000	-150
5.65833	-151
5.66667	-151
5.67500	-151
5.68333	-151
5.69167	-152
5.70000	-152
5.70833	-153
5.71667	-153
5.72500	-154
5.73333	-154
5.74167	-155
5.75000	-155
5.75833	-156
5.76667	-156
5.77500	-157
5.78333	-157
5.79167	-157
5.80000	-157
5.80833	-158
5.81667	-158
5.82500	-158
5.83333	-158
5.84167	-159
5.85000	-159
5.85833	-159
5.86667	-160
5.87500	-160
5.88333	-160
5.89167	-160
5.90000	-160
5.90833	-160
5.91667	-160
5.92500	-160
5.93333	-160
5.94167	-159
5.95000	-159
5.95833	-159
5.96667	-159
5.97500	-159
5.98333	-159
5.99167	-159
6.00000	-159
6.00833	-159
6.01667	-159
6.02500	-159
6.03333	-159
6.04167	-158
6.05000	-158
6.05833	-159
6.06667	-159
6.07500	-159
6.08333	-159
6.09167	-159
6.10000	-158
6.10833	-158
6.11667	-157
6.12500	-157
6.13333	-157
6.14167	-157
6.15000	-156
6.15833	-156
6.16667	-156
6.17500	-156
6.18333	-156
6.19167	-156
6.20000	-156
6.20833	-156
6.21667	-156
6.22500	-156
6.23333	-156
6.24167	-156
6.25000	-156
6.25833	-156
6.26667	-156
6.27500	-156
6.28333	-156
6.29167	-156
6.30000	-155
6.30833	-155
6.31667	-155
6.32500	-155
6.33333	-155
6.34167	-156
6.35000	-156
6.35833	-156
6.36667	-156
6.37500	-156
6.38333	-156
6.39167	-156
6.40000	-156
6.40833	-156
6.41667	-156
6.42500	-156
6.43333	-157
6.44167	-157
6.45000	-157
6.45833	-157
6.46667	-157
6.47500	-157
6.48333	-157
6.49167	-157
6.50000	-157
6.50833	-157
6.51667	-157
6.52500	-157
6.53333	-158
6.54167	-158
6.55000	-158
6.55833	-158
6.56667	-158
6.57500	-158
6.58333	-158
6.59167	-157
6.60000	-157
6.60833	-157
6.61667	-158
6.62500	-158
6.63333	-159
6.64167	-159
6.65000	-159
6.65833	-159
6.66667	-159
6.67500	-159
6.68333	-159
6.69167	-158
6.70000	-158
6.70833	-158
6.71667	-158
6.72500	-158
6.73333	-158
6.74167	-158
6.75000	-158
6.75833	-158
6.76667	-159
6.77500	-159
6.78333	-160
6.79167	-160
6.80000	-160
6.80833	-160
6.81667	-160
6.82500	-160
6.83333	-160
6.84167	-160
6.85000	-160
6.85833	-160
6.86667	-160
6.87500	-160
6.88333	-160
6.89167	-160
6.90000	-160
6.90833	-160
6.91667	-160
6.92500	-160
6.93333	-160
6.94167	-159
6.95000	-159
6.95833	-159
6.96667	-159
6.97500	-158
6.98333	-158
6.99167	-158
7.00000	-157
7.00833	-157
7.01667	-156
7.02500	-156
7.03333	-155
7.04167	-154
7.05000	-153
7.05833	-152
7.06667	-150
7.07500	-148
7.08333	-145
7.09167	-142
7.10000	-138
7.10833	-134
7.11667	-128
7.12500	-122
7.13333	-114
7.14167	-104
7.15000	-93
7.15833	-80
7.16667	-66
7.17500	-49
7.18333	-31
7.19167	-11
7.20000	11
7.20833	34
7.21667	59
7.22500	86
7.23333	114
7.24167	142
7.25000	171
7.25833	198
7.26667	224
7.27500	247
7.28333	265
7.29167	277
7.30000	280
7.30833	274
7.31667	259
7.32500	235
7.33333	208
7.34167	183
7.35000	169
7.35833	179
7.36667	227
7.37500	332
7.38333	513
7.39167	789
7.40000	1180
7.40833	1704
7.41667	2376
7.42500	3205
7.43333	4196
7.44167	5348
7.45000	6651
7.45833	8086
7.46667	9626
7.47500	11232
7.48333	12856
7.49167	14441
7.50000	15923
7.50833	17238
7.51667	18322
7.52500	19124
7.53333	19603
7.54167	19740
7.55000	19537
7.55833	19016
7.56667	18214
7.57500	17186
7.58333	15992
7.59167	14694
7.60000	13352
7.60833	12017
7.61667	10730
7.62500	9524
7.63333	8417
7.64167	7423
7.65000	6545
7.65833	5778
7.66667	5118
7.67500	4552
7.68333	4070
7.69167	3660
7.70000	3312
7.70833	3015
7.71667	2760
7.72500	2540
7.73333	2348
7.74167	2178
7.75000	2027
7.75833	1892
7.76667	1770
7.77500	1659
7.78333	1557
7.79167	1462
7.80000	1375
7.80833	1294
7.81667	1219
7.82500	1148
7.83333	1081
7.84167	1017
7.85000	957
7.85833	899
7.86667	844
7.87500	791
7.88333	741
7.89167	694
7.90000	649
7.90833	606
7.91667	566
7.92500	529
7.93333	494
7.94167	463
7.95000	435
7.95833	409
7.96667	387
7.97500	368
7.98333	351
7.99167	338
8.00000	326
8.00833	316
8.01667	308
8.02500	301
8.03333	294
8.04167	287
8.05000	281
8.05833	274
8.06667	267
8.07500	260
8.08333	252
8.09167	244
8.10000	235
8.10833	227
8.11667	218
8.12500	209
8.13333	200
8.14167	191
8.15000	182
8.15833	173
8.16667	165
8.17500	157
8.18333	150
8.19167	143
8.20000	136
8.20833	130
8.21667	123
8.22500	118
8.23333	113
8.24167	109
8.25000	105
8.25833	101
8.26667	98
8.27500	95
8.28333	92
8.29167	90
8.30000	88
8.30833	87
8.31667	85
8.32500	83
8.33333	82
8.34167	81
8.35000	79
8.35833	78
8.36667	77
8.37500	77
8.38333	76
8.39167	75
8.40000	74
8.40833	72
8.41667	71
8.42500	70
8.43333	68
8.44167	67
8.45000	65
8.45833	64
8.46667	62
8.47500	60
8.48333	58
8.49167	56
8.50000	54
8.50833	52
8.51667	51
8.52500	49
8.53333	48
8.54167	46
8.55000	45
8.55833	44
8.56667	43
8.57500	42
8.58333	41
8.59167	40
8.60000	39
8.60833	39
8.61667	40
8.62500	40
8.63333	41
8.64167	42
8.65000	44
8.65833	46
8.66667	48
8.67500	50
8.68333	54
8.69167	57
8.70000	60
8.70833	64
8.71667	68
8.72500	73
8.73333	78
8.74167	83
8.75000	88
8.75833	94
8.76667	99
8.77500	105
8.78333	110
8.79167	116
8.80000	122
8.80833	127
8.81667	134
8.82500	141
8.83333	149
8.84167	158
8.85000	169
8.85833	181
8.86667	197
8.87500	216
8.88333	240
8.89167	268
8.90000	302
8.90833	342
8.91667	390
8.92500	446
8.93333	510
8.94167	584
8.95000	667
8.95833	760
8.96667	861
8.97500	972
8.98333	1089
8.99167	1211
9.00000	1337
9.00833	1464
9.01667	1589
9.02500	1712
9.03333	1828
9.04167	1936
9.05000	2032
9.05833	2116
9.06667	2184
9.07500	2237
9.08333	2272
9.09167	2289
9.10000	2289
9.10833	2272
9.11667	2238
9.12500	2191
9.13333	2130
9.14167	2057
9.15000	1975
9.15833	1885
9.16667	1790
9.17500	1692
9.18333	1591
9.19167	1490
9.20000	1390
9.20833	1293
9.21667	1200
9.22500	1112
9.23333	1028
9.24167	950
9.25000	877
9.25833	810
9.26667	749
9.27500	694
9.28333	645
9.29167	601
9.30000	563
9.30833	528
9.31667	499
9.32500	474
9.33333	453
9.34167	435
9.35000	421
9.35833	410
9.36667	403
9.37500	399
9.38333	399
9.39167	404
9.40000	413
9.40833	428
9.41667	449
9.42500	478
9.43333	516
9.44167	564
9.45000	626
9.45833	704
9.46667	802
9.47500	923
9.48333	1071
9.49167	1251
9.50000	1468
9.50833	1727
9.51667	2035
9.52500	2396
9.53333	2815
9.54167	3297
9.55000	3845
9.55833	4460
9.56667	5142
9.57500	5892
9.58333	6705
9.59167	7576
9.60000	8497
9.60833	9459
9.61667	10450
9.62500	11457
9.63333	12465
9.64167	13459
9.65000	14424
9.65833	15341
9.66667	16198
9.67500	16980
9.68333	17676
9.69167	18275
9.70000	18770
9.70833	19158
9.71667	19436
9.72500	19605
9.73333	19671
9.74167	19640
9.75000	19520
9.75833	19322
9.76667	19059
9.77500	18744
9.78333	18389
9.79167	18009
9.80000	17616
9.80833	17222
9.81667	16839
9.82500	16477
9.83333	16144
9.84167	15849
9.85000	15596
9.85833	15392
9.86667	15240
9.87500	15141
9.88333	15097
9.89167	15107
9.90000	15171
9.90833	15287
9.91667	15454
9.92500	15668
9.93333	15928
9.94167	16231
9.95000	16572
9.95833	16949
9.96667	17359
9.97500	17797
9.98333	18262
9.99167	18749
10.00000	19254
10.00833	19775
10.01667	20306
10.02500	20845
10.03333	21383
10.04167	21912
10.05000	22419
10.05833	22883
10.06667	23278
10.07500	23573
10.08333	23728
10.09167	23705
10.10000	23468
10.10833	22990
10.11667	22261
10.12500	21288
10.13333	20095
10.14167	18723
10.15000	17223
10.15833	15652
10.16667	14067
10.17500	12516
10.18333	11039
10.19167	9666
10.20000	8416
10.20833	7297
10.21667	6312
10.22500	5454
10.23333	4716
10.24167	4086
10.25000	3550
10.25833	3098
10.26667	2717
10.27500	2397
10.28333	2127
10.29167	1899
10.30000	1706
10.30833	1542
10.31667	1401
10.32500	1279
10.33333	1174
10.34167	1081
10.35000	999
10.35833	926
10.36667	861
10.37500	801
10.38333	747
10.39167	698
10.40000	653
10.40833	611
10.41667	572
10.42500	536
10.43333	503
10.44167	472
10.45000	444
10.45833	419
10.46667	396
10.47500	375
10.48333	357
10.49167	341
10.50000	327
10.50833	316
10.51667	308
10.52500	301
10.53333	296
10.54167	294
10.55000	293
10.55833	292
10.56667	293
10.57500	294
10.58333	296
10.59167	298
10.60000	301
10.60833	302
10.61667	303
10.62500	304
10.63333	303
10.64167	300
10.65000	296
10.65833	292
10.66667	286
10.67500	279
10.68333	271
10.69167	261
10.70000	251
10.70833	241
10.71667	231
10.72500	221
10.73333	211
10.74167	202
10.75000	195
10.75833	188
10.76667	183
10.77500	179
10.78333	177
10.79167	177
10.80000	179
10.80833	182
10.81667	187
10.82500	194
10.83333	201
10.84167	210
10.85000	219
10.85833	229
10.86667	239
10.87500	249
10.88333	258
10.89167	267
10.90000	274
10.90833	280
10.91667	285
10.92500	287
10.93333	287
10.94167	286
10.95000	282
10.95833	276
10.96667	270
10.97500	262
10.98333	252
10.99167	242
11.00000	230
11.00833	218
11.01667	205
11.02500	191
11.03333	178
11.04167	165
11.05000	153
11.05833	141
11.06667	130
11.07500	120
11.08333	111
11.09167	102
11.10000	95
11.10833	88
11.11667	83
11.12500	79
11.13333	76
11.14167	74
11.15000	74
11.15833	74
11.16667	75
11.17500	77
11.18333	80
11.19167	83
11.20000	87
11.20833	91
11.21667	95
11.22500	100
11.23333	105
11.24167	109
11.25000	113
11.25833	117
11.26667	121
11.27500	124
11.28333	127
11.29167	129
11.30000	130
11.30833	131
11.31667	132
11.32500	131
11.33333	131
11.34167	130
11.35000	128
11.35833	126
11.36667	124
11.37500	121
11.38333	118
11.39167	115
11.40000	112
11.40833	109
11.41667	106
11.42500	102
11.43333	99
11.44167	97
11.45000	94
11.45833	93
11.46667	91
11.47500	90
11.48333	89
11.49167	88
11.50000	88
11.50833	88
11.51667	89
11.52500	89
11.53333	90
11.54167	91
11.55000	91
11.55833	92
11.56667	93
11.57500	93
11.58333	92
11.59167	92
11.60000	92
11.60833	91
11.61667	90
11.62500	89
11.63333	88
11.64167	87
11.65000	86
11.65833	84
11.66667	83
11.67500	82
11.68333	82
11.69167	82
11.70000	82
11.70833	82
11.71667	82
11.72500	83
11.73333	84
11.74167	86
11.75000	87
11.75833	88
11.76667	89
11.77500	89
11.78333	89
11.79167	89
11.80000	88
11.80833	87
11.81667	86
11.82500	84
11.83333	81
11.84167	78
11.85000	74
11.85833	70
11.86667	65
11.87500	60
11.88333	55
11.89167	49
11.90000	43
11.90833	38
11.91667	32
11.92500	26
11.93333	19
11.94167	14
11.95000	8
11.95833	3
11.96667	-2
11.97500	-7
11.98333	-10
11.99167	-14
12.00000	-16
12.00833	-19
12.01667	-21
12.02500	-24
12.03333	-26
12.04167	-28
12.05000	-29
12.05833	-30
12.06667	-30
12.07500	-31
12.08333	-31
12.09167	-31
12.10000	-31
12.10833	-31
12.11667	-31
12.12500	-31
12.13333	-31
12.14167	-31
12.15000	-31
12.15833	-32
12.16667	-32
12.17500	-32
12.18333	-32
12.19167	-32
12.20000	-32
12.20833	-32
12.21667	-32
12.22500	-32
12.23333	-33
12.24167	-33
12.25000	-34
12.25833	-35
12.26667	-36
12.27500	-37
12.28333	-38
12.29167	-39
12.30000	-40
12.30833	-42
12.31667	-43
12.32500	-45
12.33333	-47
12.34167	-49
12.35000	-51
12.35833	-53
12.36667	-54
12.37500	-56
12.38333	-59
12.39167	-61
12.40000	-63
12.40833	-65
12.41667	-66
12.42500	-68
12.43333	-70
12.44167	-71
12.45000	-73
12.45833	-75
12.46667	-76
12.47500	-77
12.48333	-78
12.49167	-79
12.50000	-79
12.50833	-79
12.51667	-80
12.52500	-80
12.53333	-80
12.54167	-79
12.55000	-79
12.55833	-78
12.56667	-78
12.57500	-77
12.58333	-77
12.59167	-76
12.60000	-75
12.60833	-74
12.61667	-73
12.62500	-72
12.63333	-70
12.64167	-68
12.65000	-67
12.65833	-66
12.66667	-65
12.67500	-64
12.68333	-63
12.69167	-62
12.70000	-60
12.70833	-59
12.71667	-58
12.72500	-58
12.73333	-57
12.74167	-57
12.75000	-56
12.75833	-56
12.76667	-55
12.77500	-55
12.78333	-55
12.79167	-55
12.80000	-55
12.80833	-55
12.81667	-55
12.82500	-55
12.83333	-54
12.84167	-54
12.85000	-54
12.85833	-53
12.86667	-53
12.87500	-53
12.88333	-53
12.89167	-52
12.90000	-51
12.90833	-51
12.91667	-50
12.92500	-50
12.93333	-48
12.94167	-47
12.95000	-46
12.95833	-45
12.96667	-43
12.97500	-42
12.98333	-41
12.99167	-39
13.00000	-38
13.00833	-37
13.01667	-36
13.02500	-35
13.03333	-34
13.04167	-33
13.05000	-32
13.05833	-31
13.06667	-30
13.07500	-29
13.08333	-29
13.09167	-28
13.10000	-28
13.10833	-28
13.11667	-28
13.12500	-28
13.13333	-28
13.14167	-28
13.15000	-29
13.15833	-30
13.16667	-30
13.17500	-31
13.18333	-32
13.19167	-32
13.20000	-33
13.20833	-33
13.21667	-34
13.22500	-34
13.23333	-35
13.24167	-35
13.25000	-35
13.25833	-35
13.26667	-35
13.27500	-34
13.28333	-34
13.29167	-33
13.30000	-33
13.30833	-32
13.31667	-31
13.32500	-30
13.33333	-30
13.34167	-29
13.35000	-28
13.35833	-27
13.36667	-26
13.37500	-24
13.38333	-23
13.39167	-22
13.40000	-21
13.40833	-20
13.41667	-20
13.42500	-19
13.43333	-18
13.44167	-17
13.45000	-16
13.45833	-16
13.46667	-15
13.47500	-13
13.48333	-12
13.49167	-10
13.50000	-8
13.50833	-6
13.51667	-4
13.52500	-2
13.53333	1
13.54167	4
13.55000	8
13.55833	12
13.56667	16
13.57500	21
13.58333	26
13.59167	32
13.60000	39
13.60833	46
13.61667	54
13.62500	62
13.63333	71
13.64167	81
13.65000	91
13.65833	101
13.66667	111
13.67500	122
13.68333	133
13.69167	144
13.70000	154
13.70833	165
13.71667	175
13.72500	184
13.73333	192
13.74167	200
13.75000	208
13.75833	215
13.76667	221
13.77500	226
13.78333	232
13.79167	236
13.80000	241
13.80833	245
13.81667	249
13.82500	253
13.83333	257
13.84167	262
13.85000	266
13.85833	271
13.86667	277
13.87500	283
13.88333	289
13.89167	295
13.90000	302
13.90833	308
13.91667	314
13.92500	320
13.93333	326
13.94167	330
13.95000	335
13.95833	338
13.96667	341
13.97500	342
13.98333	342
13.99167	342
14.00000	340
14.00833	337
14.01667	333
14.02500	328
14.03333	322
14.04167	314
14.05000	307
14.05833	299
14.06667	290
14.07500	281
14.08333	272
14.09167	262
14.10000	254
14.10833	245
14.11667	236
14.12500	227
14.13333	219
14.14167	212
14.15000	205
14.15833	198
14.16667	192
14.17500	186
14.18333	181
14.19167	176
14.20000	172
14.20833	168
14.21667	165
14.22500	163
14.23333	160
14.24167	158
14.25000	157
14.25833	156
14.26667	155
14.27500	154
14.28333	154
14.29167	153
14.30000	153
14.30833	154
14.31667	154
14.32500	154
14.33333	155
14.34167	156
14.35000	157
14.35833	159
14.36667	160
14.37500	161
14.38333	162
14.39167	163
14.40000	164
14.40833	166
14.41667	167
14.42500	168
14.43333	170
14.44167	171
14.45000	172
14.45833	173
14.46667	174
14.47500	176
14.48333	177
14.49167	177
14.50000	178
14.50833	179
14.51667	179
14.52500	180
14.53333	180
14.54167	180
14.55000	180
14.55833	180
14.56667	180
14.57500	180
14.58333	180
14.59167	179
14.60000	179
14.60833	179
14.61667	179
14.62500	179
14.63333	179
14.64167	178
14.65000	178
14.65833	178
14.66667	177
14.67500	177
14.68333	178
14.69167	177
14.70000	177
14.70833	177
14.71667	176
14.72500	176
14.73333	176
14.74167	175
14.75000	174
14.75833	173
14.76667	172
14.77500	172
14.78333	172
14.79167	171
14.80000	171
14.80833	171
14.81667	171
14.82500	171
14.83333	171
14.84167	171
14.85000	171
14.85833	171
14.86667	171
14.87500	171
14.88333	171
14.89167	171
14.90000	170
14.90833	170
14.91667	170
14.92500	170
14.93333	170
14.94167	170
14.95000	170
14.95833	170
14.96667	170
14.97500	170
14.98333	171
14.99167	172
15.00000	173
15.00833	175
15.01667	176
15.02500	179
15.03333	181
15.04167	184
15.05000	188
15.05833	193
15.06667	198
15.07500	204
15.08333	211
15.09167	219
15.10000	228
15.10833	238
15.11667	250
15.12500	262
15.13333	275
15.14167	289
15.15000	304
15.15833	320
15.16667	337
15.17500	354
15.18333	371
15.19167	388
15.20000	406
15.20833	423
15.21667	439
15.22500	455
15.23333	470
15.24167	483
15.25000	494
15.25833	504
15.26667	511
15.27500	517
15.28333	520
15.29167	522
15.30000	521
15.30833	518
15.31667	512
15.32500	505
15.33333	496
15.34167	485
15.35000	472
15.35833	458
15.36667	442
15.37500	424
15.38333	406
15.39167	388
15.40000	369
15.40833	350
15.41667	330
15.42500	311
15.43333	292
15.44167	273
15.45000	254
15.45833	237
15.46667	220
15.47500	204
15.48333	190
15.49167	175
15.50000	162
15.50833	149
15.51667	137
15.52500	125
15.53333	115
15.54167	105
15.55000	96
15.55833	88
15.56667	80
15.57500	73
15.58333	66
15.59167	60
15.60000	54
15.60833	49
15.61667	44
15.62500	40
15.63333	37
15.64167	33
15.65000	30
15.65833	27
15.66667	25
15.67500	22
15.68333	20
15.69167	18
15.70000	16
15.70833	15
15.71667	13
15.72500	12
15.73333	11
15.74167	10
15.75000	9
15.75833	9
15.76667	8
15.77500	8
15.78333	8
15.79167	8
15.80000	8
15.80833	8
15.81667	8
15.82500	8
15.83333	8
15.84167	8
15.85000	9
15.85833	10
15.86667	11
15.87500	13
15.88333	15
15.89167	17
15.90000	20
15.90833	23
15.91667	27
15.92500	32
15.93333	37
15.94167	42
15.95000	49
15.95833	56
15.96667	65
15.97500	74
15.98333	85
15.99167	96
16.00000	108
16.00833	121
16.01667	136
16.02500	151
16.03333	167
16.04167	183
16.05000	199
16.05833	216
16.06667	232
16.07500	248
16.08333	264
16.09167	279
16.10000	293
16.10833	307
16.11667	318
16.12500	329
16.13333	338
16.14167	346
16.15000	352
16.15833	356
16.16667	359
16.17500	360
16.18333	359
16.19167	356
16.20000	352
16.20833	347
16.21667	340
16.22500	333
16.23333	324
16.24167	315
16.25000	305
16.25833	295
16.26667	285
16.27500	275
16.28333	265
16.29167	256
16.30000	247
16.30833	239
16.31667	232
16.32500	226
16.33333	221
16.34167	217
16.35000	215
16.35833	214
16.36667	214
16.37500	216
16.38333	218
16.39167	222
16.40000	228
16.40833	235
16.41667	244
16.42500	254
16.43333	266
16.44167	279
16.45000	294
16.45833	310
16.46667	327
16.47500	346
16.48333	367
16.49167	388
16.50000	411
16.50833	436
16.51667	462
16.52500	488
16.53333	516
16.54167	544
16.55000	572
16.55833	600
16.56667	628
16.57500	655
16.58333	682
16.59167	707
16.60000	731
16.60833	753
16.61667	773
16.62500	791
16.63333	806
16.64167	818
16.65000	827
16.65833	833
16.66667	836
16.67500	835
16.68333	832
16.69167	825
16.70000	814
16.70833	800
16.71667	784
16.72500	764
16.73333	743
16.74167	719
16.75000	694
16.75833	667
16.76667	639
16.77500	609
16.78333	579
16.79167	549
16.80000	520
16.80833	490
16.81667	460
16.82500	432
16.83333	403
16.84167	375
16.85000	348
16.85833	323
16.86667	299
16.87500	277
16.88333	255
16.89167	235
16.90000	216
16.90833	198
16.91667	181
16.92500	165
16.93333	151
16.94167	138
16.95000	125
16.95833	114
16.96667	103
16.97500	94
16.98333	84
16.99167	75
17.00000	67
17.00833	59
17.01667	52
17.02500	45
17.03333	39
17.04167	34
17.05000	29
17.05833	25
17.06667	20
17.07500	16
17.08333	12
17.09167	9
17.10000	6
17.10833	3
17.11667	0
17.12500	-2
17.13333	-5
17.14167	-7
17.15000	-9
17.15833	-11
17.16667	-13
17.17500	-14
17.18333	-16
17.19167	-17
17.20000	-18
17.20833	-19
17.21667	-21
17.22500	-21
17.23333	-22
17.24167	-23
17.25000	-24
17.25833	-25
17.26667	-25
17.27500	-26
17.28333	-26
17.29167	-27
17.30000	-27
17.30833	-27
17.31667	-27
17.32500	-27
17.33333	-27
17.34167	-27
17.35000	-28
17.35833	-28
17.36667	-28
17.37500	-28
17.38333	-28
17.39167	-28
17.40000	-28
17.40833	-28
17.41667	-28
17.42500	-28
17.43333	-28
17.44167	-27
17.45000	-27
17.45833	-26
17.46667	-25
17.47500	-24
17.48333	-23
17.49167	-22
17.50000	-22
17.50833	-21
17.51667	-20
17.52500	-19
17.53333	-17
17.54167	-16
17.55000	-14
17.55833	-12
17.56667	-11
17.57500	-9
17.58333	-6
17.59167	-3
17.60000	-0
17.60833	3
17.61667	6
17.62500	9
17.63333	13
17.64167	18
17.65000	23
17.65833	28
17.66667	34
17.67500	41
17.68333	47
17.69167	55
17.70000	63
17.70833	72
17.71667	82
17.72500	93
17.73333	104
17.74167	117
17.75000	131
17.75833	147
17.76667	164
17.77500	183
17.78333	204
17.79167	226
17.80000	251
17.80833	278
17.81667	309
17.82500	342
17.83333	379
17.84167	419
17.85000	464
17.85833	513
17.86667	567
17.87500	626
17.88333	690
17.89167	760
17.90000	837
17.90833	921
17.91667	1011
17.92500	1109
17.93333	1213
17.94167	1325
17.95000	1445
17.95833	1571
17.96667	1705
17.97500	1845
17.98333	1990
17.99167	2141
18.00000	2296
18.00833	2454
18.01667	2613
18.02500	2774
18.03333	2935
18.04167	3094
18.05000	3248
18.05833	3398
18.06667	3541
18.07500	3675
18.08333	3800
18.09167	3913
18.10000	4014
18.10833	4101
18.11667	4174
18.12500	4231
18.13333	4272
18.14167	4296
18.15000	4303
18.15833	4294
18.16667	4269
18.17500	4229
18.18333	4173
18.19167	4102
18.20000	4018
18.20833	3922
18.21667	3815
18.22500	3699
18.23333	3574
18.24167	3442
18.25000	3305
18.25833	3164
18.26667	3020
18.27500	2875
18.28333	2729
18.29167	2584
18.30000	2442
18.30833	2302
18.31667	2165
18.32500	2032
18.33333	1904
18.34167	1781
18.35000	1664
18.35833	1552
18.36667	1447
18.37500	1347
18.38333	1252
18.39167	1164
18.40000	1081
18.40833	1004
18.41667	932
18.42500	865
18.43333	803
18.44167	746
18.45000	692
18.45833	643
18.46667	598
18.47500	557
18.48333	519
18.49167	485
18.50000	453
18.50833	424
18.51667	398
18.52500	373
18.53333	351
18.54167	331
18.55000	312
18.55833	296
18.56667	281
18.57500	268
18.58333	255
18.59167	244
18.60000	235
18.60833	226
18.61667	219
18.62500	213
18.63333	208
18.64167	204
18.65000	201
18.65833	199
18.66667	198
18.67500	198
18.68333	199
18.69167	201
18.70000	203
18.70833	206
18.71667	211
18.72500	216
18.73333	221
18.74167	227
18.75000	234
18.75833	241
18.76667	249
18.77500	257
18.78333	266
18.79167	275
18.80000	284
18.80833	293
18.81667	303
18.82500	312
18.83333	322
18.84167	332
18.85000	341
18.85833	350
18.86667	359
18.87500	367
18.88333	374
18.89167	380
18.90000	386
18.90833	390
18.91667	394
18.92500	397
18.93333	398
18.94167	398
18.95000	398
18.95833	396
18.96667	394
18.97500	391
18.98333	387
18.99167	382
19.00000	376
19.00833	370
19.01667	363
19.02500	356
19.03333	348
19.04167	339
19.05000	330
19.05833	321
19.06667	311
19.07500	302
19.08333	292
19.09167	282
19.10000	273
19.10833	263
19.11667	254
19.12500	245
19.13333	236
19.14167	227
19.15000	219
19.15833	211
19.16667	203
19.17500	196
19.18333	189
19.19167	183
19.20000	177
19.20833	171
19.21667	166
19.22500	161
19.23333	157
19.24167	153
19.25000	149
19.25833	146
19.26667	143
19.27500	141
19.28333	138
19.29167	136
19.30000	134
19.30833	132
19.31667	131
19.32500	130
19.33333	129
19.34167	128
19.35000	127
19.35833	127
19.36667	126
19.37500	126
19.38333	126
19.39167	127
19.40000	127
19.40833	128
19.41667	129
19.42500	130
19.43333	130
19.44167	131
19.45000	132
19.45833	133
19.46667	134
19.47500	135
19.48333	137
19.49167	138
19.50000	139
19.50833	140
19.51667	141
19.52500	142
19.53333	144
19.54167	145
19.55000	146
19.55833	147
19.56667	148
19.57500	149
19.58333	149
19.59167	150
19.60000	150
19.60833	151
19.61667	152
19.62500	152
19.63333	153
19.64167	154
19.65000	154
19.65833	155
19.66667	155
19.67500	156
19.68333	157
19.69167	157
19.70000	158
19.70833	159
19.71667	159
19.72500	160
19.73333	160
19.74167	160
19.75000	160
19.75833	160
19.76667	161
19.77500	161
19.78333	161
19.79167	161
19.80000	162
19.80833	162
19.81667	163
19.82500	163
19.83333	163
19.84167	163
19.85000	164
19.85833	164
19.86667	165
19.87500	165
19.88333	165
19.89167	165
19.90000	165
19.90833	165
19.91667	165
19.92500	166
19.93333	166
19.94167	167
19.95000	167
19.95833	167
19.96667	168
19.97500	169
19.98333	170
19.99167	171
20.00000	171
20.00833	172
20.01667	172
20.02500	173
20.03333	173
20.04167	174
20.05000	175
20.05833	176
20.06667	177
20.07500	178
20.08333	178
20.09167	179
20.10000	181
20.10833	182
20.11667	183
20.12500	184
20.13333	185
20.14167	187
20.15000	188
20.15833	189
20.16667	190
20.17500	190
20.18333	191
20.19167	193
20.20000	194
20.20833	195
20.21667	197
20.22500	198
20.23333	198
20.24167	200
20.25000	201
20.25833	202
20.26667	203
20.27500	205
20.28333	206
20.29167	207
20.30000	209
20.30833	210
20.31667	212
20.32500	213
20.33333	215
20.34167	217
20.35000	219
20.35833	222
20.36667	224
20.37500	226
20.38333	229
20.39167	231
20.40000	234
20.40833	237
20.41667	240
20.42500	244
20.43333	247
20.44167	250
20.45000	254
20.45833	258
20.46667	263
20.47500	268
20.48333	273
20.49167	278
20.50000	284
20.50833	290
20.51667	296
20.52500	303
20.53333	311
20.54167	319
20.55000	327
20.55833	336
20.56667	346
20.57500	356
20.58333	367
20.59167	379
20.60000	392
20.60833	406
20.61667	420
20.62500	436
20.63333	453
20.64167	471
20.65000	490
20.65833	511
20.66667	532
20.67500	555
20.68333	580
20.69167	605
20.70000	632
20.70833	661
20.71667	691
20.72500	722
20.73333	754
20.74167	787
20.75000	822
20.75833	857
20.76667	894
20.77500	930
20.78333	968
20.79167	1006
20.80000	1045
20.80833	1084
20.81667	1123
20.82500	1161
20.83333	1200
20.84167	1239
20.85000	1277
20.85833	1314
20.86667	1351
20.87500	1387
20.88333	1423
20.89167	1457
20.90000	1491
20.90833	1524
20.91667	1556
20.92500	1588
20.93333	1618
20.94167	1648
20.95000	1677
20.95833	1705
20.96667	1732
20.97500	1759
20.98333	1786
20.99167	1813
21.00000	1841
21.00833	1869
21.01667	1898
21.02500	1928
21.03333	1959
21.04167	1992
21.05000	2026
21.05833	2064
21.06667	2104
21.07500	2146
21.08333	2192
21.09167	2243
21.10000	2297
21.10833	2357
21.11667	2422
21.12500	2492
21.13333	2570
21.14167	2654
21.15000	2746
21.15833	2847
21.16667	2956
21.17500	3075
21.18333	3204
21.19167	3345
21.20000	3497
21.20833	3661
21.21667	3838
21.22500	4029
21.23333	4233
21.24167	4452
21.25000	4685
21.25833	4932
21.26667	5195
21.27500	5472
21.28333	5763
21.29167	6069
21.30000	6388
21.30833	6719
21.31667	7062
21.32500	7416
21.33333	7779
21.34167	8150
21.35000	8526
21.35833	8907
21.36667	9290
21.37500	9674
21.38333	10056
21.39167	10434
21.40000	10805
21.40833	11167
21.41667	11517
21.42500	11853
21.43333	12173
21.44167	12475
21.45000	12755
21.45833	13013
21.46667	13247
21.47500	13454
21.48333	13633
21.49167	13784
21.50000	13904
21.50833	13994
21.51667	14053
21.52500	14080
21.53333	14076
21.54167	14040
21.55000	13974
21.55833	13878
21.56667	13753
21.57500	13600
21.58333	13420
21.59167	13214
21.60000	12986
21.60833	12735
21.61667	12465
21.62500	12177
21.63333	11874
21.64167	11556
21.65000	11227
21.65833	10888
21.66667	10541
21.67500	10189
21.68333	9832
21.69167	9474
21.70000	9115
21.70833	8756
21.71667	8401
21.72500	8049
21.73333	7702
21.74167	7362
21.75000	7029
21.75833	6704
21.76667	6388
21.77500	6081
21.78333	5784
21.79167	5498
21.80000	5222
21.80833	4957
21.81667	4703
21.82500	4460
21.83333	4228
21.84167	4007
21.85000	3796
21.85833	3595
21.86667	3405
21.87500	3225
21.88333	3055
21.89167	2893
21.90000	2740
21.90833	2596
21.91667	2460
21.92500	2332
21.93333	2211
21.94167	2098
21.95000	1991
21.95833	1890
21.96667	1795
21.97500	1706
21.98333	1623
21.99167	1544
22.00000	1470
22.00833	1402
22.01667	1337
22.02500	1276
22.03333	1219
22.04167	1166
22.05000	1117
22.05833	1070
22.06667	1026
22.07500	985
22.08333	948
22.09167	912
22.10000	880
22.10833	849
22.11667	821
22.12500	795
22.13333	770
22.14167	747
22.15000	726
22.15833	706
22.16667	688
22.17500	672
22.18333	657
22.19167	643
22.20000	630
22.20833	619
22.21667	609
22.22500	600
22.23333	591
22.24167	584
22.25000	577
22.25833	571
22.26667	566
22.27500	562
22.28333	558
22.29167	555
22.30000	552
22.30833	549
22.31667	547
22.32500	545
22.33333	543
22.34167	542
22.35000	541
22.35833	540
22.36667	539
22.37500	538
22.38333	537
22.39167	536
22.40000	535
22.40833	534
22.41667	533
22.42500	531
22.43333	530
22.44167	528
22.45000	525
22.45833	523
22.46667	520
22.47500	517
22.48333	514
22.49167	511
22.50000	507
22.50833	503
22.51667	498
22.52500	494
22.53333	488
22.54167	483
22.55000	477
22.55833	472
22.56667	466
22.57500	460
22.58333	454
22.59167	447
22.60000	440
22.60833	433
22.61667	426
22.62500	420
22.63333	413
22.64167	406
22.65000	400
22.65833	393
22.66667	386
22.67500	379
22.68333	373
22.69167	366
22.70000	360
22.70833	355
22.71667	350
22.72500	345
22.73333	339
22.74167	334
22.75000	330
22.75833	325
22.76667	321
22.77500	317
22.78333	314
22.79167	311
22.80000	308
22.80833	306
22.81667	304
22.82500	303
22.83333	301
22.84167	300
22.85000	299
22.85833	299
22.86667	299
22.87500	299
22.88333	299
22.89167	300
22.90000	301
22.90833	303
22.91667	304
22.92500	306
22.93333	309
22.94167	311
22.95000	313
22.95833	315
22.96667	318
22.97500	320
22.98333	323
22.99167	326
23.00000	329
23.00833	332
23.01667	334
23.02500	337
23.03333	340
23.04167	343
23.05000	345
23.05833	348
23.06667	350
23.07500	353
23.08333	355
23.09167	358
23.10000	360
23.10833	362
23.11667	364
23.12500	366
23.13333	368
23.14167	370
23.15000	372
23.15833	373
23.16667	375
23.17500	376
23.18333	377
23.19167	377
23.20000	378
23.20833	379
23.21667	379
23.22500	379
23.23333	379
23.24167	380
23.25000	380
23.25833	380
23.26667	380
23.27500	380
23.28333	380
23.29167	380
23.30000	379
23.30833	378
23.31667	378
23.32500	377
23.33333	377
23.34167	376
23.35000	376
23.35833	375
23.36667	374
23.37500	373
23.38333	373
23.39167	372
23.40000	372
23.40833	371
23.41667	371
23.42500	370
23.43333	370
23.44167	369
23.45000	369
23.45833	369
23.46667	368
23.47500	367
23.48333	367
23.49167	366
23.50000	366
23.50833	365
23.51667	365
23.52500	364
23.53333	364
23.54167	364
23.55000	364
23.55833	363
23.56667	363
23.57500	362
23.58333	361
23.59167	361
23.60000	361
23.60833	361
23.61667	361
23.62500	361
23.63333	361
23.64167	361
23.65000	361
23.65833	360
23.66667	360
23.67500	360
23.68333	360
23.69167	360
23.70000	360
23.70833	360
23.71667	360
23.72500	359
23.73333	360
23.74167	360
23.75000	360
23.75833	360
23.76667	360
23.77500	360
23.78333	360
23.79167	360
23.80000	360
23.80833	360
23.81667	361
23.82500	361
23.83333	361
23.84167	361
23.85000	360
23.85833	360
23.86667	360
23.87500	360
23.88333	360
23.89167	360
23.90000	360
23.90833	359
23.91667	359
23.92500	358
23.93333	358
23.94167	357
23.95000	357
23.95833	356
23.96667	356
23.97500	356
23.98333	356
23.99167	357
24.00000	357
24.00833	356
24.01667	356
24.02500	356
24.03333	356
24.04167	356
24.05000	355
24.05833	354
24.06667	354
24.07500	353
24.08333	353
24.09167	353
24.10000	353
24.10833	352
24.11667	351
24.12500	350
24.13333	349
24.14167	348
24.15000	348
24.15833	347
24.16667	346
24.17500	344
24.18333	343
24.19167	342
24.20000	340
24.20833	338
24.21667	337
24.22500	336
24.23333	334
24.24167	333
24.25000	331
24.25833	329
24.26667	326
24.27500	324
24.28333	322
24.29167	320
24.30000	318
24.30833	316
24.31667	313
24.32500	311
24.33333	309
24.34167	307
24.35000	305
24.35833	303
24.36667	301
24.37500	299
24.38333	297
24.39167	295
24.40000	293
24.40833	291
24.41667	289
24.42500	287
24.43333	285
24.44167	284
24.45000	282
24.45833	281
24.46667	279
24.47500	278
24.48333	276
24.49167	275
24.50000	274
24.50833	273
24.51667	271
24.52500	270
24.53333	269
24.54167	268
24.55000	268
24.55833	267
24.56667	266
24.57500	266
24.58333	266
24.59167	266
24.60000	266
24.60833	266
24.61667	267
24.62500	267
24.63333	266
24.64167	266
24.65000	266
24.65833	265
24.66667	265
24.67500	265
24.68333	265
24.69167	265
24.70000	265
24.70833	265
24.71667	266
24.72500	266
24.73333	267
24.74167	267
24.75000	267
24.75833	268
24.76667	268
24.77500	269
24.78333	269
24.79167	269
24.80000	269
24.80833	269
24.81667	269
24.82500	269
24.83333	269
24.84167	269
24.85000	269
24.85833	270
24.86667	270
24.87500	270
24.88333	270
24.89167	270
24.90000	270
24.90833	270
24.91667	270
24.92500	270
24.93333	270
24.94167	270
24.95000	271
24.95833	271
24.96667	271
24.97500	271
24.98333	271
24.99167	270
25.00000	270
25.00833	270
25.01667	270
25.02500	270
25.03333	269
25.04167	269
25.05000	269
25.05833	269
25.06667	269
25.07500	269
25.08333	268
25.09167	268
25.10000	268
25.10833	268
25.11667	268
25.12500	267
25.13333	267
25.14167	267
25.15000	266
25.15833	265
25.16667	265
25.17500	264
25.18333	263
25.19167	263
25.20000	263
25.20833	262
25.21667	262
25.22500	262
25.23333	261
25.24167	261
25.25000	261
25.25833	260
25.26667	260
25.27500	260
25.28333	260
25.29167	260
25.30000	259
25.30833	259
25.31667	259
25.32500	258
25.33333	258
25.34167	258
25.35000	258
25.35833	258
25.36667	258
25.37500	258
25.38333	257
25.39167	257
25.40000	257
25.40833	256
25.41667	256
25.42500	256
25.43333	256
25.44167	256
25.45000	257
25.45833	257
25.46667	257
25.47500	257
25.48333	257
25.49167	258
25.50000	258
25.50833	258
25.51667	259
25.52500	259
25.53333	259
25.54167	260
25.55000	260
25.55833	260
25.56667	261
25.57500	261
25.58333	262
25.59167	262
25.60000	263
25.60833	263
25.61667	264
25.62500	264
25.63333	264
25.64167	265
25.65000	265
25.65833	265
25.66667	266
25.67500	266
25.68333	267
25.69167	267
25.70000	268
25.70833	269
25.71667	269
25.72500	270
25.73333	270
25.74167	271
25.75000	271
25.75833	272
25.76667	272
25.77500	273
25.78333	273
25.79167	274
25.80000	274
25.80833	275
25.81667	275
25.82500	276
25.83333	277
25.84167	278
25.85000	279
25.85833	280
25.86667	281
25.87500	282
25.88333	284
25.89167	285
25.90000	286
25.90833	288
25.91667	290
25.92500	292
25.93333	294
25.94167	296
25.95000	298
25.95833	301
25.96667	304
25.97500	307
25.98333	310
25.99167	313
26.00000	317
26.00833	320
26.01667	324
26.02500	328
26.03333	333
26.04167	339
26.05000	344
26.05833	351
26.06667	357
26.07500	364
26.08333	371
26.09167	379
26.10000	387
26.10833	396
26.11667	405
26.12500	416
26.13333	426
26.14167	438
26.15000	450
26.15833	463
26.16667	476
26.17500	491
26.18333	506
26.19167	521
26.20000	538
26.20833	556
26.21667	574
26.22500	594
26.23333	614
26.24167	636
26.25000	658
26.25833	681
26.26667	705
26.27500	730
26.28333	756
26.29167	782
26.30000	810
26.30833	837
26.31667	866
26.32500	896
26.33333	926
26.34167	956
26.35000	987
26.35833	1018
26.36667	1049
26.37500	1080
26.38333	1110
26.39167	1141
26.40000	1170
26.40833	1199
26.41667	1227
26.42500	1255
26.43333	1281
26.44167	1307
26.45000	1332
26.45833	1355
26.46667	1376
26.47500	1396
26.48333	1413
26.49167	1429
26.50000	1442
26.50833	1454
26.51667	1463
26.52500	1469
26.53333	1474
26.54167	1477
26.55000	1477
26.55833	1476
26.56667	1472
26.57500	1465
26.58333	1457
26.59167	1446
26.60000	1433
26.60833	1418
26.61667	1402
26.62500	1384
26.63333	1363
26.64167	1342
26.65000	1318
26.65833	1293
26.66667	1267
26.67500	1241
26.68333	1213
26.69167	1184
26.70000	1155
26.70833	1125
26.71667	1094
26.72500	1064
26.73333	1033
26.74167	1002
26.75000	972
26.75833	943
26.76667	913
26.77500	883
26.78333	854
26.79167	826
26.80000	798
26.80833	771
26.81667	744
26.82500	718
26.83333	692
26.84167	668
26.85000	644
26.85833	621
26.86667	599
26.87500	578
26.88333	557
26.89167	537
26.90000	518
26.90833	500
26.91667	482
26.92500	465
26.93333	449
26.94167	434
26.95000	419
26.95833	405
26.96667	392
26.97500	379
26.98333	367
26.99167	356
27.00000	345
27.00833	334
27.01667	323
27.02500	314
27.03333	304
27.04167	295
27.05000	286
27.05833	277
27.06667	269
27.07500	262
27.08333	254
27.09167	247
27.10000	240
27.10833	234
27.11667	227
27.12500	221
27.13333	214
27.14167	208
27.15000	202
27.15833	197
27.16667	191
27.17500	185
27.18333	180
27.19167	175
27.20000	170
27.20833	165
27.21667	161
27.22500	156
27.23333	152
27.24167	147
27.25000	142
27.25833	138
27.26667	133
27.27500	129
27.28333	125
27.29167	121
27.30000	118
27.30833	114
27.31667	110
27.32500	106
27.33333	103
27.34167	99
27.35000	96
27.35833	93
27.36667	90
27.37500	87
27.38333	84
27.39167	82
27.40000	79
27.40833	76
27.41667	73
27.42500	70
27.43333	67
27.44167	64
27.45000	61
27.45833	59
27.46667	57
27.47500	55
27.48333	52
27.49167	50
27.50000	49
27.50833	47
27.51667	45
27.52500	43
27.53333	42
27.54167	40
27.55000	39
27.55833	37
27.56667	36
27.57500	35
27.58333	34
27.59167	32
27.60000	31
27.60833	30
27.61667	29
27.62500	28
27.63333	26
27.64167	25
27.65000	24
27.65833	22
27.66667	21
27.67500	20
27.68333	19
27.69167	18
27.70000	17
27.70833	16
27.71667	15
27.72500	14
27.73333	14
27.74167	13
27.75000	12
27.75833	11
27.76667	10
27.77500	9
27.78333	8
27.79167	7
27.80000	6
27.80833	4
27.81667	3
27.82500	2
27.83333	1
27.84167	0
27.85000	-1
27.85833	-2
27.86667	-3
27.87500	-4
27.88333	-5
27.89167	-6
27.90000	-7
27.90833	-7
27.91667	-8
27.92500	-9
27.93333	-10
27.94167	-11
27.95000	-12
27.95833	-13
27.96667	-14
27.97500	-15
27.98333	-15
27.99167	-16
28.00000	-16

