R.Time (min)	Intensity
0.00000	-46
0.00833	-46
0.01667	-17
0.02500	-1
0.03333	-2
0.04167	-3
0.05000	-4
0.05833	-4
0.06667	-5
0.07500	-6
0.08333	-7
0.09167	-7
0.10000	-7
0.10833	-8
0.11667	-8
0.12500	-9
0.13333	-9
0.14167	-9
0.15000	-10
0.15833	-11
0.16667	-12
0.17500	-12
0.18333	-13
0.19167	-13
0.20000	-14
0.20833	-14
0.21667	-15
0.22500	-16
0.23333	-16
0.24167	-17
0.25000	-17
0.25833	-18
0.26667	-19
0.27500	-19
0.28333	-20
0.29167	-20
0.30000	-21
0.30833	-21
0.31667	-22
0.32500	-22
0.33333	-23
0.34167	-24
0.35000	-24
0.35833	-25
0.36667	-25
0.37500	-26
0.38333	-26
0.39167	-27
0.40000	-27
0.40833	-27
0.41667	-28
0.42500	-29
0.43333	-29
0.44167	-30
0.45000	-30
0.45833	-31
0.46667	-31
0.47500	-31
0.48333	-31
0.49167	-32
0.50000	-33
0.50833	-33
0.51667	-34
0.52500	-34
0.53333	-35
0.54167	-35
0.55000	-35
0.55833	-36
0.56667	-36
0.57500	-37
0.58333	-37
0.59167	-37
0.60000	-38
0.60833	-38
0.61667	-38
0.62500	-38
0.63333	-39
0.64167	-39
0.65000	-39
0.65833	-39
0.66667	-40
0.67500	-40
0.68333	-40
0.69167	-41
0.70000	-41
0.70833	-41
0.71667	-41
0.72500	-42
0.73333	-42
0.74167	-42
0.75000	-42
0.75833	-42
0.76667	-42
0.77500	-43
0.78333	-43
0.79167	-43
0.80000	-43
0.80833	-44
0.81667	-44
0.82500	-44
0.83333	-44
0.84167	-45
0.85000	-46
0.85833	-46
0.86667	-46
0.87500	-46
0.88333	-47
0.89167	-47
0.90000	-47
0.90833	-47
0.91667	-47
0.92500	-47
0.93333	-48
0.94167	-48
0.95000	-49
0.95833	-50
0.96667	-50
0.97500	-50
0.98333	-51
0.99167	-51
1.00000	-52
1.00833	-52
1.01667	-52
1.02500	-53
1.03333	-53
1.04167	-53
1.05000	-54
1.05833	-54
1.06667	-55
1.07500	-56
1.08333	-56
1.09167	-56
1.10000	-56
1.10833	-56
1.11667	-57
1.12500	-58
1.13333	-58
1.14167	-59
1.15000	-60
1.15833	-60
1.16667	-61
1.17500	-61
1.18333	-61
1.19167	-62
1.20000	-62
1.20833	-63
1.21667	-64
1.22500	-64
1.23333	-64
1.24167	-65
1.25000	-66
1.25833	-67
1.26667	-67
1.27500	-68
1.28333	-68
1.29167	-68
1.30000	-68
1.30833	-68
1.31667	-68
1.32500	-68
1.33333	-69
1.34167	-69
1.35000	-69
1.35833	-69
1.36667	-70
1.37500	-70
1.38333	-71
1.39167	-71
1.40000	-71
1.40833	-72
1.41667	-72
1.42500	-72
1.43333	-72
1.44167	-72
1.45000	-73
1.45833	-73
1.46667	-73
1.47500	-73
1.48333	-73
1.49167	-73
1.50000	-74
1.50833	-74
1.51667	-74
1.52500	-75
1.53333	-75
1.54167	-75
1.55000	-75
1.55833	-76
1.56667	-76
1.57500	-76
1.58333	-76
1.59167	-77
1.60000	-77
1.60833	-77
1.61667	-77
1.62500	-77
1.63333	-78
1.64167	-78
1.65000	-78
1.65833	-78
1.66667	-79
1.67500	-79
1.68333	-79
1.69167	-80
1.70000	-80
1.70833	-80
1.71667	-81
1.72500	-81
1.73333	-81
1.74167	-81
1.75000	-82
1.75833	-82
1.76667	-83
1.77500	-83
1.78333	-83
1.79167	-83
1.80000	-83
1.80833	-84
1.81667	-84
1.82500	-84
1.83333	-84
1.84167	-84
1.85000	-85
1.85833	-85
1.86667	-86
1.87500	-86
1.88333	-87
1.89167	-87
1.90000	-88
1.90833	-88
1.91667	-88
1.92500	-89
1.93333	-89
1.94167	-89
1.95000	-90
1.95833	-90
1.96667	-90
1.97500	-90
1.98333	-91
1.99167	-91
2.00000	-91
2.00833	-92
2.01667	-92
2.02500	-92
2.03333	-92
2.04167	-93
2.05000	-93
2.05833	-93
2.06667	-93
2.07500	-94
2.08333	-94
2.09167	-94
2.10000	-94
2.10833	-95
2.11667	-95
2.12500	-96
2.13333	-96
2.14167	-96
2.15000	-96
2.15833	-96
2.16667	-96
2.17500	-96
2.18333	-96
2.19167	-97
2.20000	-97
2.20833	-97
2.21667	-97
2.22500	-97
2.23333	-97
2.24167	-98
2.25000	-98
2.25833	-98
2.26667	-98
2.27500	-97
2.28333	-97
2.29167	-97
2.30000	-97
2.30833	-98
2.31667	-98
2.32500	-98
2.33333	-98
2.34167	-98
2.35000	-98
2.35833	-98
2.36667	-98
2.37500	-98
2.38333	-98
2.39167	-98
2.40000	-98
2.40833	-98
2.41667	-98
2.42500	-99
2.43333	-99
2.44167	-99
2.45000	-99
2.45833	-99
2.46667	-99
2.47500	-100
2.48333	-100
2.49167	-100
2.50000	-101
2.50833	-101
2.51667	-102
2.52500	-103
2.53333	-103
2.54167	-103
2.55000	-104
2.55833	-104
2.56667	-104
2.57500	-104
2.58333	-105
2.59167	-105
2.60000	-105
2.60833	-105
2.61667	-106
2.62500	-106
2.63333	-106
2.64167	-107
2.65000	-107
2.65833	-107
2.66667	-108
2.67500	-108
2.68333	-108
2.69167	-108
2.70000	-108
2.70833	-108
2.71667	-108
2.72500	-108
2.73333	-108
2.74167	-107
2.75000	-108
2.75833	-108
2.76667	-108
2.77500	-108
2.78333	-109
2.79167	-109
2.80000	-109
2.80833	-109
2.81667	-108
2.82500	-108
2.83333	-108
2.84167	-108
2.85000	-108
2.85833	-109
2.86667	-109
2.87500	-109
2.88333	-109
2.89167	-109
2.90000	-108
2.90833	-108
2.91667	-108
2.92500	-108
2.93333	-109
2.94167	-109
2.95000	-109
2.95833	-109
2.96667	-109
2.97500	-109
2.98333	-109
2.99167	-109
3.00000	-109
3.00833	-109
3.01667	-110
3.02500	-110
3.03333	-111
3.04167	-111
3.05000	-111
3.05833	-111
3.06667	-111
3.07500	-111
3.08333	-111
3.09167	-111
3.10000	-112
3.10833	-112
3.11667	-113
3.12500	-113
3.13333	-114
3.14167	-114
3.15000	-114
3.15833	-114
3.16667	-115
3.17500	-115
3.18333	-115
3.19167	-115
3.20000	-115
3.20833	-116
3.21667	-116
3.22500	-116
3.23333	-116
3.24167	-117
3.25000	-118
3.25833	-118
3.26667	-118
3.27500	-118
3.28333	-118
3.29167	-118
3.30000	-118
3.30833	-118
3.31667	-118
3.32500	-118
3.33333	-118
3.34167	-118
3.35000	-118
3.35833	-118
3.36667	-118
3.37500	-118
3.38333	-118
3.39167	-119
3.40000	-119
3.40833	-119
3.41667	-119
3.42500	-120
3.43333	-120
3.44167	-120
3.45000	-120
3.45833	-120
3.46667	-120
3.47500	-120
3.48333	-120
3.49167	-121
3.50000	-121
3.50833	-121
3.51667	-121
3.52500	-121
3.53333	-121
3.54167	-121
3.55000	-121
3.55833	-121
3.56667	-122
3.57500	-122
3.58333	-122
3.59167	-122
3.60000	-123
3.60833	-123
3.61667	-123
3.62500	-124
3.63333	-124
3.64167	-125
3.65000	-125
3.65833	-125
3.66667	-125
3.67500	-125
3.68333	-125
3.69167	-126
3.70000	-126
3.70833	-126
3.71667	-126
3.72500	-126
3.73333	-127
3.74167	-127
3.75000	-126
3.75833	-126
3.76667	-126
3.77500	-126
3.78333	-126
3.79167	-126
3.80000	-126
3.80833	-127
3.81667	-127
3.82500	-127
3.83333	-127
3.84167	-127
3.85000	-127
3.85833	-127
3.86667	-128
3.87500	-128
3.88333	-127
3.89167	-127
3.90000	-127
3.90833	-127
3.91667	-127
3.92500	-127
3.93333	-127
3.94167	-128
3.95000	-128
3.95833	-128
3.96667	-127
3.97500	-127
3.98333	-126
3.99167	-127
4.00000	-127
4.00833	-126
4.01667	-126
4.02500	-126
4.03333	-126
4.04167	-126
4.05000	-126
4.05833	-126
4.06667	-126
4.07500	-126
4.08333	-126
4.09167	-126
4.10000	-126
4.10833	-126
4.11667	-126
4.12500	-127
4.13333	-127
4.14167	-127
4.15000	-127
4.15833	-127
4.16667	-127
4.17500	-127
4.18333	-127
4.19167	-127
4.20000	-127
4.20833	-126
4.21667	-126
4.22500	-127
4.23333	-127
4.24167	-127
4.25000	-127
4.25833	-127
4.26667	-128
4.27500	-128
4.28333	-128
4.29167	-129
4.30000	-129
4.30833	-129
4.31667	-129
4.32500	-129
4.33333	-130
4.34167	-130
4.35000	-130
4.35833	-130
4.36667	-131
4.37500	-131
4.38333	-131
4.39167	-132
4.40000	-132
4.40833	-132
4.41667	-132
4.42500	-132
4.43333	-131
4.44167	-131
4.45000	-131
4.45833	-131
4.46667	-131
4.47500	-132
4.48333	-132
4.49167	-132
4.50000	-132
4.50833	-133
4.51667	-132
4.52500	-133
4.53333	-133
4.54167	-133
4.55000	-133
4.55833	-133
4.56667	-133
4.57500	-133
4.58333	-133
4.59167	-133
4.60000	-133
4.60833	-133
4.61667	-133
4.62500	-133
4.63333	-133
4.64167	-133
4.65000	-133
4.65833	-133
4.66667	-133
4.67500	-133
4.68333	-133
4.69167	-133
4.70000	-133
4.70833	-133
4.71667	-133
4.72500	-133
4.73333	-133
4.74167	-133
4.75000	-133
4.75833	-133
4.76667	-133
4.77500	-133
4.78333	-133
4.79167	-133
4.80000	-133
4.80833	-133
4.81667	-133
4.82500	-133
4.83333	-133
4.84167	-133
4.85000	-133
4.85833	-133
4.86667	-134
4.87500	-134
4.88333	-134
4.89167	-134
4.90000	-134
4.90833	-134
4.91667	-134
4.92500	-134
4.93333	-135
4.94167	-134
4.95000	-134
4.95833	-134
4.96667	-133
4.97500	-133
4.98333	-133
4.99167	-133
5.00000	-133
5.00833	-133
5.01667	-133
5.02500	-133
5.03333	-133
5.04167	-133
5.05000	-133
5.05833	-134
5.06667	-134
5.07500	-135
5.08333	-135
5.09167	-135
5.10000	-135
5.10833	-135
5.11667	-135
5.12500	-135
5.13333	-136
5.14167	-135
5.15000	-135
5.15833	-134
5.16667	-134
5.17500	-134
5.18333	-134
5.19167	-134
5.20000	-135
5.20833	-135
5.21667	-135
5.22500	-136
5.23333	-136
5.24167	-137
5.25000	-137
5.25833	-137
5.26667	-137
5.27500	-137
5.28333	-136
5.29167	-137
5.30000	-137
5.30833	-137
5.31667	-137
5.32500	-137
5.33333	-137
5.34167	-137
5.35000	-137
5.35833	-137
5.36667	-136
5.37500	-136
5.38333	-136
5.39167	-136
5.40000	-136
5.40833	-135
5.41667	-135
5.42500	-136
5.43333	-136
5.44167	-136
5.45000	-137
5.45833	-137
5.46667	-136
5.47500	-136
5.48333	-136
5.49167	-136
5.50000	-136
5.50833	-136
5.51667	-136
5.52500	-136
5.53333	-136
5.54167	-136
5.55000	-136
5.55833	-136
5.56667	-136
5.57500	-136
5.58333	-136
5.59167	-136
5.60000	-136
5.60833	-136
5.61667	-136
5.62500	-136
5.63333	-136
5.64167	-136
5.65000	-136
5.65833	-136
5.66667	-136
5.67500	-136
5.68333	-137
5.69167	-137
5.70000	-137
5.70833	-137
5.71667	-137
5.72500	-137
5.73333	-137
5.74167	-137
5.75000	-137
5.75833	-137
5.76667	-137
5.77500	-137
5.78333	-137
5.79167	-137
5.80000	-136
5.80833	-136
5.81667	-137
5.82500	-138
5.83333	-138
5.84167	-139
5.85000	-139
5.85833	-139
5.86667	-139
5.87500	-139
5.88333	-139
5.89167	-139
5.90000	-139
5.90833	-139
5.91667	-139
5.92500	-139
5.93333	-139
5.94167	-139
5.95000	-139
5.95833	-139
5.96667	-139
5.97500	-139
5.98333	-139
5.99167	-139
6.00000	-139
6.00833	-139
6.01667	-138
6.02500	-138
6.03333	-138
6.04167	-138
6.05000	-138
6.05833	-138
6.06667	-138
6.07500	-138
6.08333	-137
6.09167	-137
6.10000	-136
6.10833	-136
6.11667	-136
6.12500	-136
6.13333	-136
6.14167	-137
6.15000	-137
6.15833	-136
6.16667	-136
6.17500	-136
6.18333	-136
6.19167	-136
6.20000	-136
6.20833	-136
6.21667	-136
6.22500	-136
6.23333	-136
6.24167	-136
6.25000	-136
6.25833	-136
6.26667	-136
6.27500	-136
6.28333	-136
6.29167	-136
6.30000	-136
6.30833	-136
6.31667	-136
6.32500	-137
6.33333	-137
6.34167	-137
6.35000	-137
6.35833	-137
6.36667	-137
6.37500	-137
6.38333	-137
6.39167	-137
6.40000	-138
6.40833	-138
6.41667	-138
6.42500	-139
6.43333	-139
6.44167	-139
6.45000	-139
6.45833	-139
6.46667	-139
6.47500	-139
6.48333	-139
6.49167	-139
6.50000	-139
6.50833	-139
6.51667	-140
6.52500	-140
6.53333	-140
6.54167	-140
6.55000	-140
6.55833	-140
6.56667	-141
6.57500	-141
6.58333	-141
6.59167	-141
6.60000	-140
6.60833	-140
6.61667	-140
6.62500	-140
6.63333	-140
6.64167	-140
6.65000	-140
6.65833	-139
6.66667	-139
6.67500	-139
6.68333	-139
6.69167	-139
6.70000	-139
6.70833	-139
6.71667	-139
6.72500	-139
6.73333	-138
6.74167	-138
6.75000	-138
6.75833	-138
6.76667	-138
6.77500	-138
6.78333	-138
6.79167	-138
6.80000	-137
6.80833	-137
6.81667	-137
6.82500	-137
6.83333	-136
6.84167	-136
6.85000	-137
6.85833	-136
6.86667	-136
6.87500	-136
6.88333	-135
6.89167	-135
6.90000	-136
6.90833	-135
6.91667	-135
6.92500	-135
6.93333	-134
6.94167	-133
6.95000	-133
6.95833	-132
6.96667	-131
6.97500	-130
6.98333	-129
6.99167	-128
7.00000	-128
7.00833	-127
7.01667	-126
7.02500	-125
7.03333	-124
7.04167	-122
7.05000	-121
7.05833	-119
7.06667	-117
7.07500	-115
7.08333	-112
7.09167	-107
7.10000	-103
7.10833	-97
7.11667	-91
7.12500	-84
7.13333	-75
7.14167	-66
7.15000	-55
7.15833	-43
7.16667	-29
7.17500	-14
7.18333	3
7.19167	22
7.20000	42
7.20833	64
7.21667	88
7.22500	112
7.23333	137
7.24167	163
7.25000	188
7.25833	212
7.26667	234
7.27500	251
7.28333	263
7.29167	268
7.30000	265
7.30833	251
7.31667	228
7.32500	198
7.33333	166
7.34167	137
7.35000	123
7.35833	135
7.36667	190
7.37500	308
7.38333	506
7.39167	805
7.40000	1223
7.40833	1780
7.41667	2486
7.42500	3352
7.43333	4380
7.44167	5567
7.45000	6901
7.45833	8359
7.46667	9911
7.47500	11516
7.48333	13121
7.49167	14668
7.50000	16093
7.50833	17331
7.51667	18323
7.52500	19021
7.53333	19391
7.54167	19423
7.55000	19123
7.55833	18519
7.56667	17655
7.57500	16586
7.58333	15374
7.59167	14079
7.60000	12756
7.60833	11455
7.61667	10213
7.62500	9058
7.63333	8007
7.64167	7068
7.65000	6243
7.65833	5526
7.66667	4911
7.67500	4386
7.68333	3940
7.69167	3562
7.70000	3241
7.70833	2967
7.71667	2731
7.72500	2526
7.73333	2347
7.74167	2187
7.75000	2045
7.75833	1916
7.76667	1798
7.77500	1691
7.78333	1592
7.79167	1500
7.80000	1415
7.80833	1335
7.81667	1259
7.82500	1187
7.83333	1120
7.84167	1055
7.85000	994
7.85833	935
7.86667	878
7.87500	825
7.88333	774
7.89167	725
7.90000	680
7.90833	637
7.91667	597
7.92500	560
7.93333	526
7.94167	495
7.95000	468
7.95833	443
7.96667	422
7.97500	404
7.98333	388
7.99167	376
8.00000	365
8.00833	356
8.01667	348
8.02500	342
8.03333	336
8.04167	330
8.05000	324
8.05833	318
8.06667	311
8.07500	304
8.08333	296
8.09167	287
8.10000	278
8.10833	268
8.11667	258
8.12500	248
8.13333	238
8.14167	229
8.15000	219
8.15833	210
8.16667	201
8.17500	193
8.18333	185
8.19167	178
8.20000	171
8.20833	164
8.21667	158
8.22500	153
8.23333	148
8.24167	143
8.25000	140
8.25833	136
8.26667	133
8.27500	130
8.28333	128
8.29167	126
8.30000	124
8.30833	122
8.31667	121
8.32500	119
8.33333	118
8.34167	117
8.35000	115
8.35833	114
8.36667	113
8.37500	112
8.38333	111
8.39167	110
8.40000	108
8.40833	107
8.41667	106
8.42500	104
8.43333	103
8.44167	102
8.45000	101
8.45833	99
8.46667	97
8.47500	95
8.48333	94
8.49167	93
8.50000	91
8.50833	89
8.51667	87
8.52500	86
8.53333	84
8.54167	83
8.55000	81
8.55833	80
8.56667	79
8.57500	78
8.58333	76
8.59167	76
8.60000	76
8.60833	75
8.61667	75
8.62500	75
8.63333	76
8.64167	78
8.65000	79
8.65833	80
8.66667	82
8.67500	84
8.68333	87
8.69167	91
8.70000	95
8.70833	101
8.71667	106
8.72500	111
8.73333	117
8.74167	122
8.75000	127
8.75833	133
8.76667	138
8.77500	143
8.78333	149
8.79167	154
8.80000	159
8.80833	165
8.81667	171
8.82500	178
8.83333	185
8.84167	194
8.85000	205
8.85833	218
8.86667	234
8.87500	253
8.88333	277
8.89167	306
8.90000	341
8.90833	383
8.91667	432
8.92500	489
8.93333	556
8.94167	632
8.95000	717
8.95833	812
8.96667	915
8.97500	1025
8.98333	1142
8.99167	1263
9.00000	1388
9.00833	1513
9.01667	1637
9.02500	1756
9.03333	1869
9.04167	1972
9.05000	2064
9.05833	2141
9.06667	2204
9.07500	2250
9.08333	2278
9.09167	2289
9.10000	2283
9.10833	2260
9.11667	2222
9.12500	2169
9.13333	2104
9.14167	2028
9.15000	1943
9.15833	1851
9.16667	1754
9.17500	1655
9.18333	1554
9.19167	1453
9.20000	1354
9.20833	1257
9.21667	1165
9.22500	1076
9.23333	993
9.24167	916
9.25000	844
9.25833	778
9.26667	718
9.27500	663
9.28333	614
9.29167	570
9.30000	531
9.30833	497
9.31667	466
9.32500	440
9.33333	418
9.34167	399
9.35000	384
9.35833	373
9.36667	365
9.37500	361
9.38333	361
9.39167	366
9.40000	375
9.40833	391
9.41667	413
9.42500	443
9.43333	482
9.44167	533
9.45000	598
9.45833	680
9.46667	783
9.47500	909
9.48333	1064
9.49167	1252
9.50000	1479
9.50833	1750
9.51667	2070
9.52500	2445
9.53333	2878
9.54167	3375
9.55000	3937
9.55833	4567
9.56667	5265
9.57500	6028
9.58333	6853
9.59167	7733
9.60000	8660
9.60833	9624
9.61667	10613
9.62500	11614
9.63333	12610
9.64167	13587
9.65000	14529
9.65833	15420
9.66667	16247
9.67500	16996
9.68333	17655
9.69167	18216
9.70000	18672
9.70833	19021
9.71667	19260
9.72500	19395
9.73333	19428
9.74167	19367
9.75000	19223
9.75833	19005
9.76667	18728
9.77500	18402
9.78333	18043
9.79167	17663
9.80000	17274
9.80833	16889
9.81667	16518
9.82500	16172
9.83333	15858
9.84167	15584
9.85000	15355
9.85833	15175
9.86667	15048
9.87500	14974
9.88333	14954
9.89167	14988
9.90000	15075
9.90833	15214
9.91667	15401
9.92500	15636
9.93333	15914
9.94167	16233
9.95000	16590
9.95833	16981
9.96667	17403
9.97500	17853
9.98333	18327
9.99167	18821
10.00000	19332
10.00833	19856
10.01667	20389
10.02500	20925
10.03333	21456
10.04167	21972
10.05000	22454
10.05833	22881
10.06667	23223
10.07500	23442
10.08333	23502
10.09167	23363
10.10000	22996
10.10833	22382
10.11667	21521
10.12500	20429
10.13333	19141
10.14167	17704
10.15000	16173
10.15833	14604
10.16667	13049
10.17500	11552
10.18333	10147
10.19167	8857
10.20000	7695
10.20833	6664
10.21667	5763
10.22500	4983
10.23333	4315
10.24167	3746
10.25000	3265
10.25833	2859
10.26667	2518
10.27500	2230
10.28333	1987
10.29167	1782
10.30000	1608
10.30833	1460
10.31667	1332
10.32500	1221
10.33333	1125
10.34167	1039
10.35000	964
10.35833	896
10.36667	834
10.37500	778
10.38333	727
10.39167	681
10.40000	637
10.40833	597
10.41667	561
10.42500	527
10.43333	496
10.44167	468
10.45000	442
10.45833	419
10.46667	398
10.47500	380
10.48333	365
10.49167	352
10.50000	341
10.50833	332
10.51667	326
10.52500	321
10.53333	319
10.54167	319
10.55000	320
10.55833	323
10.56667	327
10.57500	332
10.58333	337
10.59167	343
10.60000	350
10.60833	356
10.61667	363
10.62500	370
10.63333	376
10.64167	382
10.65000	388
10.65833	394
10.66667	402
10.67500	411
10.68333	421
10.69167	435
10.70000	453
10.70833	475
10.71667	503
10.72500	538
10.73333	581
10.74167	634
10.75000	698
10.75833	773
10.76667	861
10.77500	963
10.78333	1078
10.79167	1208
10.80000	1350
10.80833	1506
10.81667	1673
10.82500	1848
10.83333	2031
10.84167	2218
10.85000	2405
10.85833	2591
10.86667	2770
10.87500	2940
10.88333	3097
10.89167	3238
10.90000	3359
10.90833	3458
10.91667	3533
10.92500	3583
10.93333	3607
10.94167	3605
10.95000	3578
10.95833	3527
10.96667	3454
10.97500	3360
10.98333	3249
10.99167	3123
11.00000	2985
11.00833	2837
11.01667	2684
11.02500	2526
11.03333	2368
11.04167	2210
11.05000	2055
11.05833	1904
11.06667	1760
11.07500	1622
11.08333	1493
11.09167	1372
11.10000	1260
11.10833	1158
11.11667	1064
11.12500	979
11.13333	902
11.14167	833
11.15000	772
11.15833	719
11.16667	672
11.17500	632
11.18333	596
11.19167	566
11.20000	539
11.20833	516
11.21667	496
11.22500	479
11.23333	464
11.24167	450
11.25000	437
11.25833	424
11.26667	413
11.27500	401
11.28333	390
11.29167	378
11.30000	367
11.30833	355
11.31667	343
11.32500	331
11.33333	318
11.34167	306
11.35000	294
11.35833	281
11.36667	270
11.37500	259
11.38333	248
11.39167	237
11.40000	227
11.40833	218
11.41667	209
11.42500	201
11.43333	194
11.44167	187
11.45000	182
11.45833	178
11.46667	174
11.47500	171
11.48333	169
11.49167	168
11.50000	168
11.50833	168
11.51667	168
11.52500	169
11.53333	170
11.54167	171
11.55000	172
11.55833	172
11.56667	173
11.57500	173
11.58333	172
11.59167	171
11.60000	170
11.60833	167
11.61667	164
11.62500	161
11.63333	158
11.64167	154
11.65000	151
11.65833	147
11.66667	143
11.67500	140
11.68333	136
11.69167	133
11.70000	130
11.70833	128
11.71667	126
11.72500	123
11.73333	121
11.74167	119
11.75000	117
11.75833	116
11.76667	114
11.77500	113
11.78333	111
11.79167	110
11.80000	108
11.80833	105
11.81667	103
11.82500	100
11.83333	96
11.84167	93
11.85000	89
11.85833	86
11.86667	82
11.87500	78
11.88333	73
11.89167	69
11.90000	64
11.90833	60
11.91667	54
11.92500	49
11.93333	44
11.94167	39
11.95000	35
11.95833	30
11.96667	27
11.97500	24
11.98333	21
11.99167	18
12.00000	14
12.00833	12
12.01667	10
12.02500	8
12.03333	6
12.04167	5
12.05000	4
12.05833	3
12.06667	2
12.07500	2
12.08333	1
12.09167	1
12.10000	1
12.10833	1
12.11667	0
12.12500	-0
12.13333	-1
12.14167	-1
12.15000	-2
12.15833	-3
12.16667	-3
12.17500	-3
12.18333	-3
12.19167	-3
12.20000	-4
12.20833	-5
12.21667	-6
12.22500	-7
12.23333	-8
12.24167	-10
12.25000	-11
12.25833	-12
12.26667	-14
12.27500	-15
12.28333	-16
12.29167	-17
12.30000	-19
12.30833	-20
12.31667	-22
12.32500	-24
12.33333	-25
12.34167	-26
12.35000	-28
12.35833	-29
12.36667	-31
12.37500	-33
12.38333	-34
12.39167	-36
12.40000	-37
12.40833	-39
12.41667	-40
12.42500	-42
12.43333	-44
12.44167	-45
12.45000	-46
12.45833	-47
12.46667	-47
12.47500	-48
12.48333	-48
12.49167	-49
12.50000	-49
12.50833	-49
12.51667	-50
12.52500	-50
12.53333	-50
12.54167	-50
12.55000	-50
12.55833	-50
12.56667	-50
12.57500	-49
12.58333	-49
12.59167	-48
12.60000	-47
12.60833	-46
12.61667	-45
12.62500	-45
12.63333	-44
12.64167	-43
12.65000	-42
12.65833	-42
12.66667	-41
12.67500	-40
12.68333	-39
12.69167	-38
12.70000	-37
12.70833	-36
12.71667	-36
12.72500	-35
12.73333	-34
12.74167	-33
12.75000	-32
12.75833	-32
12.76667	-31
12.77500	-31
12.78333	-30
12.79167	-30
12.80000	-29
12.80833	-29
12.81667	-29
12.82500	-29
12.83333	-28
12.84167	-28
12.85000	-27
12.85833	-27
12.86667	-27
12.87500	-27
12.88333	-27
12.89167	-27
12.90000	-26
12.90833	-26
12.91667	-25
12.92500	-24
12.93333	-24
12.94167	-23
12.95000	-22
12.95833	-22
12.96667	-21
12.97500	-20
12.98333	-19
12.99167	-18
13.00000	-16
13.00833	-15
13.01667	-14
13.02500	-13
13.03333	-12
13.04167	-11
13.05000	-11
13.05833	-10
13.06667	-10
13.07500	-9
13.08333	-9
13.09167	-9
13.10000	-8
13.10833	-8
13.11667	-8
13.12500	-8
13.13333	-8
13.14167	-8
13.15000	-8
13.15833	-8
13.16667	-9
13.17500	-9
13.18333	-10
13.19167	-11
13.20000	-11
13.20833	-11
13.21667	-11
13.22500	-12
13.23333	-12
13.24167	-13
13.25000	-13
13.25833	-14
13.26667	-14
13.27500	-14
13.28333	-14
13.29167	-14
13.30000	-13
13.30833	-13
13.31667	-12
13.32500	-12
13.33333	-12
13.34167	-12
13.35000	-12
13.35833	-12
13.36667	-11
13.37500	-11
13.38333	-10
13.39167	-9
13.40000	-8
13.40833	-7
13.41667	-6
13.42500	-5
13.43333	-4
13.44167	-2
13.45000	-2
13.45833	-1
13.46667	0
13.47500	2
13.48333	3
13.49167	5
13.50000	8
13.50833	10
13.51667	13
13.52500	16
13.53333	19
13.54167	23
13.55000	28
13.55833	33
13.56667	39
13.57500	45
13.58333	52
13.59167	60
13.60000	68
13.60833	78
13.61667	88
13.62500	99
13.63333	111
13.64167	123
13.65000	135
13.65833	148
13.66667	160
13.67500	173
13.68333	186
13.69167	199
13.70000	212
13.70833	224
13.71667	236
13.72500	246
13.73333	255
13.74167	263
13.75000	271
13.75833	276
13.76667	281
13.77500	285
13.78333	287
13.79167	289
13.80000	291
13.80833	291
13.81667	291
13.82500	291
13.83333	292
13.84167	292
13.85000	292
13.85833	292
13.86667	292
13.87500	293
13.88333	294
13.89167	295
13.90000	297
13.90833	299
13.91667	301
13.92500	302
13.93333	304
13.94167	304
13.95000	304
13.95833	303
13.96667	302
13.97500	300
13.98333	296
13.99167	292
14.00000	286
14.00833	280
14.01667	273
14.02500	265
14.03333	255
14.04167	245
14.05000	235
14.05833	224
14.06667	213
14.07500	201
14.08333	190
14.09167	178
14.10000	167
14.10833	155
14.11667	144
14.12500	132
14.13333	121
14.14167	111
14.15000	101
14.15833	92
14.16667	83
14.17500	75
14.18333	67
14.19167	61
14.20000	54
14.20833	48
14.21667	42
14.22500	37
14.23333	32
14.24167	27
14.25000	23
14.25833	20
14.26667	17
14.27500	14
14.28333	12
14.29167	9
14.30000	7
14.30833	6
14.31667	4
14.32500	3
14.33333	2
14.34167	1
14.35000	0
14.35833	-1
14.36667	-1
14.37500	-2
14.38333	-2
14.39167	-2
14.40000	-3
14.40833	-3
14.41667	-3
14.42500	-3
14.43333	-3
14.44167	-3
14.45000	-3
14.45833	-2
14.46667	-2
14.47500	-2
14.48333	-2
14.49167	-1
14.50000	-2
14.50833	-2
14.51667	-2
14.52500	-2
14.53333	-3
14.54167	-3
14.55000	-3
14.55833	-3
14.56667	-3
14.57500	-4
14.58333	-4
14.59167	-5
14.60000	-5
14.60833	-6
14.61667	-6
14.62500	-7
14.63333	-8
14.64167	-8
14.65000	-9
14.65833	-9
14.66667	-10
14.67500	-10
14.68333	-10
14.69167	-11
14.70000	-11
14.70833	-12
14.71667	-12
14.72500	-13
14.73333	-13
14.74167	-13
14.75000	-13
14.75833	-13
14.76667	-13
14.77500	-13
14.78333	-13
14.79167	-13
14.80000	-13
14.80833	-12
14.81667	-11
14.82500	-10
14.83333	-10
14.84167	-9
14.85000	-8
14.85833	-7
14.86667	-6
14.87500	-5
14.88333	-4
14.89167	-3
14.90000	-2
14.90833	-1
14.91667	0
14.92500	1
14.93333	3
14.94167	4
14.95000	6
14.95833	8
14.96667	10
14.97500	12
14.98333	14
14.99167	16
15.00000	19
15.00833	22
15.01667	25
15.02500	29
15.03333	34
15.04167	40
15.05000	45
15.05833	52
15.06667	59
15.07500	68
15.08333	77
15.09167	88
15.10000	99
15.10833	112
15.11667	126
15.12500	142
15.13333	159
15.14167	177
15.15000	195
15.15833	215
15.16667	235
15.17500	256
15.18333	277
15.19167	299
15.20000	320
15.20833	341
15.21667	361
15.22500	380
15.23333	398
15.24167	414
15.25000	428
15.25833	441
15.26667	451
15.27500	459
15.28333	464
15.29167	467
15.30000	468
15.30833	465
15.31667	461
15.32500	453
15.33333	444
15.34167	432
15.35000	419
15.35833	404
15.36667	387
15.37500	370
15.38333	351
15.39167	331
15.40000	311
15.40833	291
15.41667	272
15.42500	252
15.43333	233
15.44167	214
15.45000	196
15.45833	179
15.46667	163
15.47500	147
15.48333	133
15.49167	119
15.50000	106
15.50833	94
15.51667	83
15.52500	73
15.53333	64
15.54167	55
15.55000	47
15.55833	40
15.56667	34
15.57500	29
15.58333	23
15.59167	18
15.60000	14
15.60833	10
15.61667	7
15.62500	4
15.63333	3
15.64167	1
15.65000	-1
15.65833	-2
15.66667	-3
15.67500	-4
15.68333	-5
15.69167	-5
15.70000	-5
15.70833	-5
15.71667	-4
15.72500	-3
15.73333	-2
15.74167	-2
15.75000	-1
15.75833	-0
15.76667	1
15.77500	2
15.78333	3
15.79167	5
15.80000	7
15.80833	8
15.81667	10
15.82500	12
15.83333	13
15.84167	15
15.85000	17
15.85833	19
15.86667	22
15.87500	25
15.88333	28
15.89167	31
15.90000	36
15.90833	40
15.91667	45
15.92500	51
15.93333	57
15.94167	65
15.95000	73
15.95833	82
15.96667	92
15.97500	103
15.98333	114
15.99167	127
16.00000	140
16.00833	154
16.01667	168
16.02500	183
16.03333	199
16.04167	216
16.05000	233
16.05833	249
16.06667	266
16.07500	283
16.08333	298
16.09167	313
16.10000	327
16.10833	340
16.11667	352
16.12500	363
16.13333	372
16.14167	380
16.15000	385
16.15833	389
16.16667	392
16.17500	392
16.18333	391
16.19167	389
16.20000	385
16.20833	379
16.21667	372
16.22500	364
16.23333	355
16.24167	346
16.25000	336
16.25833	327
16.26667	317
16.27500	307
16.28333	298
16.29167	289
16.30000	281
16.30833	273
16.31667	266
16.32500	261
16.33333	257
16.34167	253
16.35000	251
16.35833	250
16.36667	251
16.37500	253
16.38333	256
16.39167	261
16.40000	267
16.40833	275
16.41667	284
16.42500	294
16.43333	306
16.44167	320
16.45000	335
16.45833	352
16.46667	370
16.47500	390
16.48333	412
16.49167	435
16.50000	459
16.50833	484
16.51667	511
16.52500	538
16.53333	566
16.54167	594
16.55000	623
16.55833	652
16.56667	681
16.57500	709
16.58333	736
16.59167	761
16.60000	786
16.60833	808
16.61667	828
16.62500	846
16.63333	861
16.64167	873
16.65000	882
16.65833	888
16.66667	890
16.67500	888
16.68333	884
16.69167	875
16.70000	864
16.70833	849
16.71667	832
16.72500	812
16.73333	790
16.74167	766
16.75000	739
16.75833	711
16.76667	682
16.77500	652
16.78333	621
16.79167	590
16.80000	559
16.80833	529
16.81667	499
16.82500	469
16.83333	441
16.84167	413
16.85000	387
16.85833	361
16.86667	337
16.87500	313
16.88333	292
16.89167	271
16.90000	251
16.90833	233
16.91667	216
16.92500	201
16.93333	186
16.94167	173
16.95000	160
16.95833	149
16.96667	138
16.97500	128
16.98333	119
16.99167	111
17.00000	103
17.00833	96
17.01667	89
17.02500	83
17.03333	77
17.04167	71
17.05000	66
17.05833	62
17.06667	58
17.07500	55
17.08333	51
17.09167	47
17.10000	44
17.10833	41
17.11667	38
17.12500	36
17.13333	33
17.14167	31
17.15000	29
17.15833	27
17.16667	26
17.17500	24
17.18333	23
17.19167	21
17.20000	20
17.20833	19
17.21667	18
17.22500	17
17.23333	16
17.24167	15
17.25000	14
17.25833	13
17.26667	13
17.27500	12
17.28333	12
17.29167	12
17.30000	11
17.30833	11
17.31667	11
17.32500	10
17.33333	10
17.34167	10
17.35000	10
17.35833	10
17.36667	10
17.37500	11
17.38333	11
17.39167	12
17.40000	12
17.40833	12
17.41667	12
17.42500	11
17.43333	12
17.44167	12
17.45000	12
17.45833	13
17.46667	14
17.47500	15
17.48333	16
17.49167	17
17.50000	17
17.50833	18
17.51667	19
17.52500	21
17.53333	22
17.54167	23
17.55000	25
17.55833	27
17.56667	29
17.57500	31
17.58333	34
17.59167	37
17.60000	40
17.60833	43
17.61667	46
17.62500	49
17.63333	53
17.64167	57
17.65000	61
17.65833	66
17.66667	71
17.67500	78
17.68333	84
17.69167	92
17.70000	99
17.70833	108
17.71667	117
17.72500	127
17.73333	139
17.74167	151
17.75000	165
17.75833	180
17.76667	196
17.77500	214
17.78333	234
17.79167	255
17.80000	279
17.80833	306
17.81667	335
17.82500	367
17.83333	402
17.84167	440
17.85000	483
17.85833	530
17.86667	582
17.87500	638
17.88333	699
17.89167	766
17.90000	840
17.90833	919
17.91667	1005
17.92500	1098
17.93333	1196
17.94167	1302
17.95000	1415
17.95833	1534
17.96667	1660
17.97500	1791
17.98333	1928
17.99167	2070
18.00000	2215
18.00833	2363
18.01667	2512
18.02500	2661
18.03333	2809
18.04167	2955
18.05000	3097
18.05833	3235
18.06667	3365
18.07500	3488
18.08333	3601
18.09167	3703
18.10000	3794
18.10833	3872
18.11667	3935
18.12500	3983
18.13333	4017
18.14167	4035
18.15000	4038
18.15833	4025
18.16667	3998
18.17500	3956
18.18333	3900
18.19167	3830
18.20000	3749
18.20833	3657
18.21667	3555
18.22500	3444
18.23333	3326
18.24167	3202
18.25000	3074
18.25833	2941
18.26667	2807
18.27500	2671
18.28333	2536
18.29167	2402
18.30000	2270
18.30833	2141
18.31667	2015
18.32500	1893
18.33333	1776
18.34167	1664
18.35000	1557
18.35833	1455
18.36667	1359
18.37500	1268
18.38333	1182
18.39167	1102
18.40000	1027
18.40833	957
18.41667	893
18.42500	833
18.43333	777
18.44167	725
18.45000	678
18.45833	634
18.46667	593
18.47500	556
18.48333	522
18.49167	491
18.50000	462
18.50833	436
18.51667	412
18.52500	391
18.53333	371
18.54167	352
18.55000	336
18.55833	321
18.56667	308
18.57500	296
18.58333	285
18.59167	276
18.60000	268
18.60833	261
18.61667	254
18.62500	249
18.63333	244
18.64167	241
18.65000	239
18.65833	237
18.66667	237
18.67500	237
18.68333	239
18.69167	241
18.70000	244
18.70833	247
18.71667	252
18.72500	257
18.73333	263
18.74167	269
18.75000	277
18.75833	284
18.76667	293
18.77500	301
18.78333	310
18.79167	319
18.80000	328
18.80833	338
18.81667	348
18.82500	357
18.83333	367
18.84167	376
18.85000	385
18.85833	394
18.86667	402
18.87500	409
18.88333	416
18.89167	423
18.90000	428
18.90833	433
18.91667	436
18.92500	438
18.93333	440
18.94167	441
18.95000	441
18.95833	440
18.96667	437
18.97500	434
18.98333	430
18.99167	425
19.00000	419
19.00833	412
19.01667	405
19.02500	397
19.03333	389
19.04167	380
19.05000	371
19.05833	362
19.06667	352
19.07500	342
19.08333	333
19.09167	323
19.10000	314
19.10833	304
19.11667	295
19.12500	285
19.13333	277
19.14167	269
19.15000	261
19.15833	253
19.16667	246
19.17500	239
19.18333	233
19.19167	227
19.20000	221
19.20833	216
19.21667	211
19.22500	206
19.23333	202
19.24167	198
19.25000	195
19.25833	192
19.26667	190
19.27500	187
19.28333	185
19.29167	183
19.30000	181
19.30833	180
19.31667	179
19.32500	178
19.33333	177
19.34167	176
19.35000	176
19.35833	176
19.36667	176
19.37500	176
19.38333	176
19.39167	176
19.40000	177
19.40833	177
19.41667	178
19.42500	179
19.43333	180
19.44167	181
19.45000	181
19.45833	182
19.46667	183
19.47500	184
19.48333	185
19.49167	186
19.50000	187
19.50833	188
19.51667	189
19.52500	189
19.53333	190
19.54167	191
19.55000	192
19.55833	193
19.56667	194
19.57500	195
19.58333	196
19.59167	197
19.60000	198
19.60833	199
19.61667	200
19.62500	201
19.63333	202
19.64167	202
19.65000	203
19.65833	204
19.66667	204
19.67500	204
19.68333	205
19.69167	206
19.70000	207
19.70833	208
19.71667	208
19.72500	209
19.73333	209
19.74167	210
19.75000	211
19.75833	211
19.76667	211
19.77500	211
19.78333	212
19.79167	212
19.80000	213
19.80833	213
19.81667	214
19.82500	214
19.83333	214
19.84167	214
19.85000	215
19.85833	215
19.86667	216
19.87500	216
19.88333	216
19.89167	216
19.90000	217
19.90833	217
19.91667	218
19.92500	218
19.93333	218
19.94167	219
19.95000	219
19.95833	220
19.96667	220
19.97500	221
19.98333	221
19.99167	221
20.00000	221
20.00833	222
20.01667	222
20.02500	222
20.03333	223
20.04167	224
20.05000	224
20.05833	225
20.06667	225
20.07500	226
20.08333	226
20.09167	227
20.10000	228
20.10833	228
20.11667	229
20.12500	230
20.13333	231
20.14167	232
20.15000	233
20.15833	234
20.16667	234
20.17500	235
20.18333	236
20.19167	237
20.20000	238
20.20833	239
20.21667	240
20.22500	241
20.23333	242
20.24167	243
20.25000	244
20.25833	246
20.26667	247
20.27500	248
20.28333	250
20.29167	252
20.30000	254
20.30833	255
20.31667	257
20.32500	258
20.33333	260
20.34167	262
20.35000	264
20.35833	267
20.36667	269
20.37500	271
20.38333	274
20.39167	277
20.40000	279
20.40833	282
20.41667	286
20.42500	289
20.43333	293
20.44167	296
20.45000	300
20.45833	305
20.46667	310
20.47500	315
20.48333	320
20.49167	326
20.50000	332
20.50833	338
20.51667	344
20.52500	351
20.53333	358
20.54167	366
20.55000	375
20.55833	384
20.56667	394
20.57500	405
20.58333	416
20.59167	428
20.60000	442
20.60833	456
20.61667	471
20.62500	487
20.63333	504
20.64167	522
20.65000	542
20.65833	562
20.66667	584
20.67500	607
20.68333	632
20.69167	658
20.70000	685
20.70833	713
20.71667	742
20.72500	773
20.73333	805
20.74167	838
20.75000	873
20.75833	908
20.76667	943
20.77500	980
20.78333	1017
20.79167	1055
20.80000	1093
20.80833	1131
20.81667	1170
20.82500	1208
20.83333	1246
20.84167	1284
20.85000	1321
20.85833	1358
20.86667	1394
20.87500	1430
20.88333	1465
20.89167	1499
20.90000	1532
20.90833	1563
20.91667	1594
20.92500	1625
20.93333	1655
20.94167	1684
20.95000	1713
20.95833	1741
20.96667	1769
20.97500	1796
20.98333	1823
20.99167	1850
21.00000	1877
21.00833	1905
21.01667	1934
21.02500	1964
21.03333	1995
21.04167	2028
21.05000	2063
21.05833	2101
21.06667	2141
21.07500	2184
21.08333	2231
21.09167	2281
21.10000	2336
21.10833	2396
21.11667	2461
21.12500	2533
21.13333	2611
21.14167	2696
21.15000	2790
21.15833	2891
21.16667	3002
21.17500	3122
21.18333	3253
21.19167	3395
21.20000	3549
21.20833	3714
21.21667	3893
21.22500	4086
21.23333	4292
21.24167	4512
21.25000	4746
21.25833	4996
21.26667	5259
21.27500	5536
21.28333	5828
21.29167	6133
21.30000	6451
21.30833	6782
21.31667	7124
21.32500	7476
21.33333	7838
21.34167	8206
21.35000	8580
21.35833	8958
21.36667	9338
21.37500	9718
21.38333	10095
21.39167	10467
21.40000	10831
21.40833	11186
21.41667	11529
21.42500	11858
21.43333	12170
21.44167	12463
21.45000	12735
21.45833	12983
21.46667	13207
21.47500	13405
21.48333	13575
21.49167	13716
21.50000	13827
21.50833	13907
21.51667	13957
21.52500	13975
21.53333	13962
21.54167	13918
21.55000	13844
21.55833	13740
21.56667	13607
21.57500	13448
21.58333	13263
21.59167	13052
21.60000	12820
21.60833	12566
21.61667	12294
21.62500	12004
21.63333	11699
21.64167	11382
21.65000	11053
21.65833	10715
21.66667	10370
21.67500	10020
21.68333	9666
21.69167	9310
21.70000	8954
21.70833	8600
21.71667	8249
21.72500	7902
21.73333	7561
21.74167	7226
21.75000	6898
21.75833	6579
21.76667	6269
21.77500	5968
21.78333	5678
21.79167	5397
21.80000	5128
21.80833	4868
21.81667	4620
21.82500	4382
21.83333	4155
21.84167	3939
21.85000	3734
21.85833	3539
21.86667	3353
21.87500	3178
21.88333	3012
21.89167	2854
21.90000	2706
21.90833	2565
21.91667	2433
21.92500	2308
21.93333	2191
21.94167	2081
21.95000	1978
21.95833	1880
21.96667	1788
21.97500	1702
21.98333	1620
21.99167	1544
22.00000	1472
22.00833	1405
22.01667	1342
22.02500	1282
22.03333	1227
22.04167	1175
22.05000	1127
22.05833	1081
22.06667	1039
22.07500	999
22.08333	962
22.09167	927
22.10000	895
22.10833	864
22.11667	836
22.12500	810
22.13333	786
22.14167	764
22.15000	743
22.15833	724
22.16667	706
22.17500	689
22.18333	674
22.19167	660
22.20000	648
22.20833	636
22.21667	625
22.22500	616
22.23333	607
22.24167	600
22.25000	593
22.25833	588
22.26667	582
22.27500	578
22.28333	574
22.29167	570
22.30000	566
22.30833	564
22.31667	562
22.32500	560
22.33333	559
22.34167	558
22.35000	557
22.35833	556
22.36667	555
22.37500	554
22.38333	553
22.39167	552
22.40000	552
22.40833	551
22.41667	550
22.42500	549
22.43333	548
22.44167	547
22.45000	545
22.45833	543
22.46667	540
22.47500	538
22.48333	535
22.49167	532
22.50000	529
22.50833	525
22.51667	521
22.52500	517
22.53333	512
22.54167	507
22.55000	502
22.55833	497
22.56667	491
22.57500	485
22.58333	479
22.59167	473
22.60000	467
22.60833	460
22.61667	453
22.62500	447
22.63333	441
22.64167	434
22.65000	427
22.65833	420
22.66667	413
22.67500	407
22.68333	401
22.69167	394
22.70000	388
22.70833	383
22.71667	378
22.72500	373
22.73333	368
22.74167	363
22.75000	358
22.75833	354
22.76667	350
22.77500	347
22.78333	344
22.79167	341
22.80000	338
22.80833	336
22.81667	334
22.82500	333
22.83333	332
22.84167	331
22.85000	330
22.85833	330
22.86667	330
22.87500	330
22.88333	331
22.89167	332
22.90000	333
22.90833	335
22.91667	337
22.92500	339
22.93333	341
22.94167	343
22.95000	345
22.95833	347
22.96667	350
22.97500	353
22.98333	356
22.99167	359
23.00000	362
23.00833	365
23.01667	368
23.02500	370
23.03333	373
23.04167	376
23.05000	379
23.05833	382
23.06667	385
23.07500	388
23.08333	391
23.09167	393
23.10000	395
23.10833	398
23.11667	400
23.12500	402
23.13333	403
23.14167	405
23.15000	407
23.15833	408
23.16667	409
23.17500	411
23.18333	412
23.19167	412
23.20000	413
23.20833	414
23.21667	414
23.22500	414
23.23333	414
23.24167	414
23.25000	415
23.25833	415
23.26667	415
23.27500	415
23.28333	414
23.29167	414
23.30000	414
23.30833	414
23.31667	413
23.32500	413
23.33333	412
23.34167	411
23.35000	411
23.35833	410
23.36667	409
23.37500	408
23.38333	407
23.39167	407
23.40000	406
23.40833	405
23.41667	405
23.42500	404
23.43333	404
23.44167	404
23.45000	403
23.45833	403
23.46667	403
23.47500	402
23.48333	401
23.49167	401
23.50000	400
23.50833	399
23.51667	398
23.52500	397
23.53333	396
23.54167	396
23.55000	396
23.55833	395
23.56667	395
23.57500	394
23.58333	394
23.59167	394
23.60000	394
23.60833	393
23.61667	392
23.62500	392
23.63333	392
23.64167	392
23.65000	391
23.65833	391
23.66667	391
23.67500	391
23.68333	390
23.69167	390
23.70000	390
23.70833	390
23.71667	390
23.72500	390
23.73333	390
23.74167	390
23.75000	390
23.75833	390
23.76667	391
23.77500	391
23.78333	390
23.79167	390
23.80000	390
23.80833	390
23.81667	389
23.82500	389
23.83333	389
23.84167	389
23.85000	389
23.85833	389
23.86667	389
23.87500	389
23.88333	390
23.89167	390
23.90000	390
23.90833	390
23.91667	389
23.92500	389
23.93333	389
23.94167	389
23.95000	389
23.95833	388
23.96667	388
23.97500	388
23.98333	388
23.99167	388
24.00000	388
24.00833	388
24.01667	388
24.02500	388
24.03333	388
24.04167	387
24.05000	387
24.05833	386
24.06667	386
24.07500	386
24.08333	385
24.09167	385
24.10000	384
24.10833	384
24.11667	383
24.12500	382
24.13333	381
24.14167	380
24.15000	378
24.15833	377
24.16667	375
24.17500	374
24.18333	372
24.19167	371
24.20000	370
24.20833	368
24.21667	366
24.22500	364
24.23333	362
24.24167	361
24.25000	359
24.25833	357
24.26667	354
24.27500	352
24.28333	350
24.29167	347
24.30000	345
24.30833	343
24.31667	341
24.32500	339
24.33333	337
24.34167	334
24.35000	332
24.35833	330
24.36667	328
24.37500	326
24.38333	324
24.39167	323
24.40000	321
24.40833	319
24.41667	317
24.42500	315
24.43333	313
24.44167	311
24.45000	310
24.45833	308
24.46667	307
24.47500	306
24.48333	304
24.49167	303
24.50000	302
24.50833	302
24.51667	301
24.52500	300
24.53333	299
24.54167	298
24.55000	297
24.55833	296
24.56667	296
24.57500	295
24.58333	295
24.59167	294
24.60000	294
24.60833	294
24.61667	294
24.62500	293
24.63333	293
24.64167	293
24.65000	293
24.65833	293
24.66667	293
24.67500	293
24.68333	293
24.69167	293
24.70000	293
24.70833	293
24.71667	293
24.72500	293
24.73333	294
24.74167	294
24.75000	293
24.75833	293
24.76667	293
24.77500	293
24.78333	293
24.79167	294
24.80000	294
24.80833	294
24.81667	295
24.82500	295
24.83333	295
24.84167	295
24.85000	295
24.85833	295
24.86667	295
24.87500	295
24.88333	294
24.89167	295
24.90000	295
24.90833	294
24.91667	294
24.92500	293
24.93333	292
24.94167	292
24.95000	292
24.95833	292
24.96667	291
24.97500	291
24.98333	291
24.99167	291
25.00000	291
25.00833	290
25.01667	290
25.02500	289
25.03333	289
25.04167	288
25.05000	288
25.05833	288
25.06667	288
25.07500	287
25.08333	287
25.09167	286
25.10000	286
25.10833	285
25.11667	284
25.12500	284
25.13333	283
25.14167	282
25.15000	282
25.15833	282
25.16667	281
25.17500	281
25.18333	280
25.19167	280
25.20000	280
25.20833	280
25.21667	279
25.22500	279
25.23333	278
25.24167	277
25.25000	277
25.25833	277
25.26667	277
25.27500	276
25.28333	276
25.29167	276
25.30000	275
25.30833	275
25.31667	274
25.32500	274
25.33333	274
25.34167	273
25.35000	273
25.35833	273
25.36667	272
25.37500	272
25.38333	271
25.39167	271
25.40000	270
25.40833	270
25.41667	269
25.42500	269
25.43333	269
25.44167	269
25.45000	268
25.45833	268
25.46667	268
25.47500	267
25.48333	267
25.49167	267
25.50000	267
25.50833	267
25.51667	267
25.52500	267
25.53333	267
25.54167	267
25.55000	267
25.55833	267
25.56667	266
25.57500	266
25.58333	266
25.59167	266
25.60000	266
25.60833	266
25.61667	265
25.62500	265
25.63333	265
25.64167	264
25.65000	264
25.65833	263
25.66667	263
25.67500	263
25.68333	263
25.69167	263
25.70000	263
25.70833	263
25.71667	263
25.72500	263
25.73333	263
25.74167	263
25.75000	263
25.75833	263
25.76667	263
25.77500	262
25.78333	262
25.79167	263
25.80000	263
25.80833	262
25.81667	262
25.82500	262
25.83333	263
25.84167	263
25.85000	263
25.85833	264
25.86667	265
25.87500	265
25.88333	266
25.89167	266
25.90000	267
25.90833	268
25.91667	270
25.92500	271
25.93333	273
25.94167	274
25.95000	276
25.95833	278
25.96667	280
25.97500	282
25.98333	285
25.99167	288
26.00000	291
26.00833	295
26.01667	299
26.02500	303
26.03333	307
26.04167	312
26.05000	317
26.05833	322
26.06667	329
26.07500	335
26.08333	343
26.09167	350
26.10000	358
26.10833	367
26.11667	376
26.12500	386
26.13333	397
26.14167	409
26.15000	421
26.15833	434
26.16667	448
26.17500	462
26.18333	478
26.19167	494
26.20000	512
26.20833	530
26.21667	549
26.22500	569
26.23333	590
26.24167	612
26.25000	635
26.25833	659
26.26667	684
26.27500	709
26.28333	736
26.29167	763
26.30000	792
26.30833	821
26.31667	851
26.32500	881
26.33333	912
26.34167	943
26.35000	975
26.35833	1007
26.36667	1039
26.37500	1071
26.38333	1103
26.39167	1134
26.40000	1164
26.40833	1195
26.41667	1224
26.42500	1253
26.43333	1281
26.44167	1307
26.45000	1332
26.45833	1356
26.46667	1378
26.47500	1398
26.48333	1417
26.49167	1433
26.50000	1447
26.50833	1459
26.51667	1469
26.52500	1477
26.53333	1482
26.54167	1485
26.55000	1486
26.55833	1485
26.56667	1482
26.57500	1476
26.58333	1468
26.59167	1458
26.60000	1445
26.60833	1431
26.61667	1415
26.62500	1396
26.63333	1376
26.64167	1354
26.65000	1331
26.65833	1307
26.66667	1282
26.67500	1256
26.68333	1229
26.69167	1202
26.70000	1173
26.70833	1145
26.71667	1116
26.72500	1086
26.73333	1056
26.74167	1027
26.75000	997
26.75833	967
26.76667	938
26.77500	908
26.78333	880
26.79167	851
26.80000	824
26.80833	798
26.81667	772
26.82500	746
26.83333	721
26.84167	697
26.85000	674
26.85833	652
26.86667	631
26.87500	610
26.88333	590
26.89167	571
26.90000	553
26.90833	536
26.91667	519
26.92500	503
26.93333	488
26.94167	473
26.95000	460
26.95833	446
26.96667	434
26.97500	422
26.98333	410
26.99167	399
27.00000	388
27.00833	378
27.01667	368
27.02500	359
27.03333	351
27.04167	343
27.05000	335
27.05833	327
27.06667	320
27.07500	313
27.08333	306
27.09167	299
27.10000	293
27.10833	287
27.11667	281
27.12500	276
27.13333	271
27.14167	265
27.15000	260
27.15833	255
27.16667	251
27.17500	246
27.18333	242
27.19167	237
27.20000	233
27.20833	228
27.21667	224
27.22500	219
27.23333	215
27.24167	211
27.25000	207
27.25833	203
27.26667	200
27.27500	197
27.28333	193
27.29167	190
27.30000	186
27.30833	182
27.31667	178
27.32500	175
27.33333	172
27.34167	169
27.35000	166
27.35833	164
27.36667	161
27.37500	158
27.38333	155
27.39167	152
27.40000	149
27.40833	147
27.41667	144
27.42500	141
27.43333	138
27.44167	136
27.45000	134
27.45833	131
27.46667	129
27.47500	126
27.48333	124
27.49167	121
27.50000	119
27.50833	116
27.51667	114
27.52500	112
27.53333	111
27.54167	109
27.55000	107
27.55833	105
27.56667	103
27.57500	101
27.58333	100
27.59167	98
27.60000	97
27.60833	95
27.61667	94
27.62500	93
27.63333	92
27.64167	90
27.65000	89
27.65833	88
27.66667	86
27.67500	85
27.68333	84
27.69167	83
27.70000	81
27.70833	80
27.71667	79
27.72500	79
27.73333	78
27.74167	77
27.75000	77
27.75833	76
27.76667	75
27.77500	74
27.78333	73
27.79167	72
27.80000	71
27.80833	71
27.81667	70
27.82500	70
27.83333	69
27.84167	68
27.85000	67
27.85833	66
27.86667	66
27.87500	65
27.88333	65
27.89167	64
27.90000	63
27.90833	62
27.91667	61
27.92500	60
27.93333	59
27.94167	58
27.95000	57
27.95833	56
27.96667	56
27.97500	55
27.98333	54
27.99167	53
28.00000	53

