R.Time (min)	Intensity
0.00000	-30
0.00833	-30
0.01667	-6
0.02500	-0
0.03333	-0
0.04167	-1
0.05000	-2
0.05833	-3
0.06667	-4
0.07500	-4
0.08333	-5
0.09167	-5
0.10000	-5
0.10833	-5
0.11667	-4
0.12500	-4
0.13333	-4
0.14167	-4
0.15000	-5
0.15833	-5
0.16667	-6
0.17500	-7
0.18333	-7
0.19167	-7
0.20000	-8
0.20833	-8
0.21667	-8
0.22500	-9
0.23333	-9
0.24167	-10
0.25000	-11
0.25833	-12
0.26667	-13
0.27500	-13
0.28333	-13
0.29167	-14
0.30000	-14
0.30833	-15
0.31667	-16
0.32500	-17
0.33333	-18
0.34167	-18
0.35000	-19
0.35833	-20
0.36667	-20
0.37500	-21
0.38333	-21
0.39167	-22
0.40000	-23
0.40833	-24
0.41667	-24
0.42500	-25
0.43333	-25
0.44167	-26
0.45000	-27
0.45833	-27
0.46667	-28
0.47500	-28
0.48333	-29
0.49167	-30
0.50000	-31
0.50833	-31
0.51667	-32
0.52500	-32
0.53333	-32
0.54167	-33
0.55000	-33
0.55833	-34
0.56667	-35
0.57500	-35
0.58333	-36
0.59167	-36
0.60000	-37
0.60833	-37
0.61667	-37
0.62500	-38
0.63333	-38
0.64167	-38
0.65000	-38
0.65833	-38
0.66667	-39
0.67500	-40
0.68333	-40
0.69167	-41
0.70000	-41
0.70833	-41
0.71667	-42
0.72500	-42
0.73333	-43
0.74167	-43
0.75000	-43
0.75833	-43
0.76667	-43
0.77500	-44
0.78333	-44
0.79167	-45
0.80000	-45
0.80833	-46
0.81667	-46
0.82500	-46
0.83333	-46
0.84167	-46
0.85000	-47
0.85833	-47
0.86667	-48
0.87500	-48
0.88333	-49
0.89167	-50
0.90000	-50
0.90833	-51
0.91667	-51
0.92500	-52
0.93333	-52
0.94167	-52
0.95000	-53
0.95833	-53
0.96667	-54
0.97500	-55
0.98333	-55
0.99167	-56
1.00000	-57
1.00833	-57
1.01667	-58
1.02500	-59
1.03333	-59
1.04167	-60
1.05000	-60
1.05833	-61
1.06667	-62
1.07500	-62
1.08333	-63
1.09167	-64
1.10000	-65
1.10833	-65
1.11667	-66
1.12500	-67
1.13333	-67
1.14167	-67
1.15000	-68
1.15833	-68
1.16667	-68
1.17500	-69
1.18333	-69
1.19167	-69
1.20000	-70
1.20833	-70
1.21667	-71
1.22500	-71
1.23333	-72
1.24167	-72
1.25000	-73
1.25833	-73
1.26667	-74
1.27500	-74
1.28333	-75
1.29167	-75
1.30000	-75
1.30833	-76
1.31667	-77
1.32500	-77
1.33333	-77
1.34167	-77
1.35000	-77
1.35833	-77
1.36667	-78
1.37500	-78
1.38333	-78
1.39167	-78
1.40000	-78
1.40833	-78
1.41667	-78
1.42500	-78
1.43333	-78
1.44167	-78
1.45000	-78
1.45833	-78
1.46667	-78
1.47500	-78
1.48333	-79
1.49167	-79
1.50000	-79
1.50833	-79
1.51667	-80
1.52500	-80
1.53333	-80
1.54167	-80
1.55000	-81
1.55833	-81
1.56667	-81
1.57500	-81
1.58333	-81
1.59167	-82
1.60000	-82
1.60833	-82
1.61667	-83
1.62500	-83
1.63333	-83
1.64167	-84
1.65000	-84
1.65833	-84
1.66667	-84
1.67500	-84
1.68333	-84
1.69167	-84
1.70000	-85
1.70833	-85
1.71667	-86
1.72500	-87
1.73333	-87
1.74167	-88
1.75000	-88
1.75833	-88
1.76667	-89
1.77500	-89
1.78333	-89
1.79167	-89
1.80000	-90
1.80833	-90
1.81667	-91
1.82500	-91
1.83333	-91
1.84167	-91
1.85000	-91
1.85833	-91
1.86667	-92
1.87500	-92
1.88333	-93
1.89167	-93
1.90000	-93
1.90833	-94
1.91667	-94
1.92500	-94
1.93333	-95
1.94167	-95
1.95000	-95
1.95833	-95
1.96667	-95
1.97500	-95
1.98333	-95
1.99167	-96
2.00000	-96
2.00833	-97
2.01667	-97
2.02500	-97
2.03333	-97
2.04167	-97
2.05000	-97
2.05833	-97
2.06667	-97
2.07500	-96
2.08333	-96
2.09167	-96
2.10000	-96
2.10833	-96
2.11667	-96
2.12500	-95
2.13333	-95
2.14167	-94
2.15000	-94
2.15833	-93
2.16667	-92
2.17500	-91
2.18333	-91
2.19167	-90
2.20000	-89
2.20833	-88
2.21667	-87
2.22500	-86
2.23333	-86
2.24167	-85
2.25000	-84
2.25833	-83
2.26667	-82
2.27500	-81
2.28333	-80
2.29167	-78
2.30000	-76
2.30833	-75
2.31667	-73
2.32500	-70
2.33333	-68
2.34167	-65
2.35000	-62
2.35833	-59
2.36667	-57
2.37500	-54
2.38333	-51
2.39167	-47
2.40000	-44
2.40833	-40
2.41667	-36
2.42500	-31
2.43333	-27
2.44167	-22
2.45000	-17
2.45833	-11
2.46667	-5
2.47500	2
2.48333	8
2.49167	15
2.50000	23
2.50833	31
2.51667	39
2.52500	47
2.53333	57
2.54167	66
2.55000	77
2.55833	88
2.56667	100
2.57500	112
2.58333	126
2.59167	139
2.60000	154
2.60833	170
2.61667	186
2.62500	204
2.63333	222
2.64167	241
2.65000	261
2.65833	282
2.66667	304
2.67500	328
2.68333	353
2.69167	378
2.70000	405
2.70833	434
2.71667	465
2.72500	496
2.73333	530
2.74167	565
2.75000	602
2.75833	641
2.76667	682
2.77500	726
2.78333	771
2.79167	819
2.80000	870
2.80833	922
2.81667	978
2.82500	1037
2.83333	1099
2.84167	1163
2.85000	1232
2.85833	1304
2.86667	1379
2.87500	1458
2.88333	1541
2.89167	1628
2.90000	1719
2.90833	1815
2.91667	1914
2.92500	2019
2.93333	2128
2.94167	2242
2.95000	2361
2.95833	2485
2.96667	2614
2.97500	2749
2.98333	2888
2.99167	3033
3.00000	3183
3.00833	3338
3.01667	3499
3.02500	3664
3.03333	3834
3.04167	4009
3.05000	4188
3.05833	4372
3.06667	4559
3.07500	4750
3.08333	4945
3.09167	5141
3.10000	5341
3.10833	5542
3.11667	5746
3.12500	5950
3.13333	6155
3.14167	6359
3.15000	6563
3.15833	6766
3.16667	6966
3.17500	7164
3.18333	7358
3.19167	7548
3.20000	7733
3.20833	7912
3.21667	8086
3.22500	8252
3.23333	8411
3.24167	8562
3.25000	8703
3.25833	8835
3.26667	8957
3.27500	9069
3.28333	9170
3.29167	9259
3.30000	9337
3.30833	9402
3.31667	9455
3.32500	9496
3.33333	9523
3.34167	9538
3.35000	9539
3.35833	9528
3.36667	9504
3.37500	9468
3.38333	9419
3.39167	9358
3.40000	9285
3.40833	9200
3.41667	9104
3.42500	8998
3.43333	8881
3.44167	8754
3.45000	8618
3.45833	8473
3.46667	8320
3.47500	8159
3.48333	7992
3.49167	7818
3.50000	7638
3.50833	7454
3.51667	7265
3.52500	7073
3.53333	6877
3.54167	6680
3.55000	6480
3.55833	6279
3.56667	6078
3.57500	5876
3.58333	5674
3.59167	5474
3.60000	5275
3.60833	5077
3.61667	4882
3.62500	4689
3.63333	4499
3.64167	4313
3.65000	4131
3.65833	3952
3.66667	3778
3.67500	3608
3.68333	3442
3.69167	3282
3.70000	3126
3.70833	2975
3.71667	2829
3.72500	2687
3.73333	2551
3.74167	2420
3.75000	2294
3.75833	2173
3.76667	2058
3.77500	1947
3.78333	1840
3.79167	1739
3.80000	1642
3.80833	1550
3.81667	1462
3.82500	1379
3.83333	1299
3.84167	1224
3.85000	1153
3.85833	1085
3.86667	1022
3.87500	962
3.88333	905
3.89167	852
3.90000	801
3.90833	754
3.91667	709
3.92500	667
3.93333	627
3.94167	590
3.95000	555
3.95833	522
3.96667	491
3.97500	462
3.98333	435
3.99167	410
4.00000	386
4.00833	363
4.01667	341
4.02500	321
4.03333	302
4.04167	285
4.05000	268
4.05833	253
4.06667	238
4.07500	224
4.08333	211
4.09167	199
4.10000	187
4.10833	175
4.11667	165
4.12500	155
4.13333	145
4.14167	136
4.15000	127
4.15833	118
4.16667	110
4.17500	102
4.18333	94
4.19167	86
4.20000	79
4.20833	72
4.21667	66
4.22500	59
4.23333	53
4.24167	46
4.25000	40
4.25833	35
4.26667	29
4.27500	23
4.28333	18
4.29167	12
4.30000	8
4.30833	3
4.31667	-2
4.32500	-7
4.33333	-12
4.34167	-17
4.35000	-21
4.35833	-25
4.36667	-29
4.37500	-33
4.38333	-37
4.39167	-40
4.40000	-44
4.40833	-47
4.41667	-51
4.42500	-54
4.43333	-57
4.44167	-59
4.45000	-62
4.45833	-65
4.46667	-68
4.47500	-70
4.48333	-73
4.49167	-75
4.50000	-77
4.50833	-79
4.51667	-81
4.52500	-82
4.53333	-84
4.54167	-86
4.55000	-87
4.55833	-89
4.56667	-90
4.57500	-91
4.58333	-92
4.59167	-92
4.60000	-93
4.60833	-94
4.61667	-95
4.62500	-96
4.63333	-96
4.64167	-97
4.65000	-97
4.65833	-97
4.66667	-98
4.67500	-98
4.68333	-98
4.69167	-98
4.70000	-99
4.70833	-99
4.71667	-99
4.72500	-99
4.73333	-99
4.74167	-99
4.75000	-100
4.75833	-100
4.76667	-99
4.77500	-99
4.78333	-99
4.79167	-99
4.80000	-99
4.80833	-98
4.81667	-97
4.82500	-96
4.83333	-96
4.84167	-96
4.85000	-96
4.85833	-96
4.86667	-95
4.87500	-96
4.88333	-95
4.89167	-95
4.90000	-94
4.90833	-94
4.91667	-93
4.92500	-93
4.93333	-93
4.94167	-93
4.95000	-93
4.95833	-93
4.96667	-93
4.97500	-93
4.98333	-93
4.99167	-93
5.00000	-93
5.00833	-93
5.01667	-92
5.02500	-92
5.03333	-93
5.04167	-93
5.05000	-92
5.05833	-92
5.06667	-92
5.07500	-92
5.08333	-91
5.09167	-91
5.10000	-91
5.10833	-91
5.11667	-91
5.12500	-92
5.13333	-92
5.14167	-92
5.15000	-92
5.15833	-92
5.16667	-92
5.17500	-92
5.18333	-92
5.19167	-92
5.20000	-92
5.20833	-92
5.21667	-92
5.22500	-92
5.23333	-92
5.24167	-93
5.25000	-93
5.25833	-94
5.26667	-94
5.27500	-94
5.28333	-94
5.29167	-94
5.30000	-95
5.30833	-96
5.31667	-96
5.32500	-97
5.33333	-97
5.34167	-97
5.35000	-97
5.35833	-98
5.36667	-98
5.37500	-98
5.38333	-98
5.39167	-98
5.40000	-98
5.40833	-99
5.41667	-99
5.42500	-99
5.43333	-99
5.44167	-100
5.45000	-100
5.45833	-100
5.46667	-100
5.47500	-101
5.48333	-101
5.49167	-101
5.50000	-101
5.50833	-102
5.51667	-102
5.52500	-103
5.53333	-103
5.54167	-104
5.55000	-104
5.55833	-104
5.56667	-104
5.57500	-104
5.58333	-105
5.59167	-105
5.60000	-105
5.60833	-105
5.61667	-105
5.62500	-105
5.63333	-105
5.64167	-106
5.65000	-106
5.65833	-107
5.66667	-107
5.67500	-107
5.68333	-107
5.69167	-107
5.70000	-107
5.70833	-107
5.71667	-107
5.72500	-107
5.73333	-107
5.74167	-107
5.75000	-108
5.75833	-108
5.76667	-109
5.77500	-109
5.78333	-109
5.79167	-110
5.80000	-110
5.80833	-111
5.81667	-111
5.82500	-111
5.83333	-111
5.84167	-111
5.85000	-111
5.85833	-111
5.86667	-111
5.87500	-111
5.88333	-111
5.89167	-111
5.90000	-111
5.90833	-111
5.91667	-111
5.92500	-111
5.93333	-111
5.94167	-111
5.95000	-111
5.95833	-111
5.96667	-111
5.97500	-111
5.98333	-111
5.99167	-111
6.00000	-111
6.00833	-111
6.01667	-111
6.02500	-111
6.03333	-111
6.04167	-111
6.05000	-111
6.05833	-111
6.06667	-111
6.07500	-110
6.08333	-110
6.09167	-110
6.10000	-109
6.10833	-109
6.11667	-109
6.12500	-109
6.13333	-109
6.14167	-110
6.15000	-110
6.15833	-110
6.16667	-110
6.17500	-110
6.18333	-110
6.19167	-110
6.20000	-110
6.20833	-110
6.21667	-110
6.22500	-110
6.23333	-110
6.24167	-110
6.25000	-110
6.25833	-111
6.26667	-111
6.27500	-111
6.28333	-111
6.29167	-111
6.30000	-111
6.30833	-110
6.31667	-110
6.32500	-110
6.33333	-110
6.34167	-110
6.35000	-110
6.35833	-110
6.36667	-110
6.37500	-110
6.38333	-110
6.39167	-110
6.40000	-110
6.40833	-110
6.41667	-110
6.42500	-110
6.43333	-110
6.44167	-110
6.45000	-110
6.45833	-110
6.46667	-110
6.47500	-110
6.48333	-111
6.49167	-111
6.50000	-110
6.50833	-110
6.51667	-111
6.52500	-111
6.53333	-110
6.54167	-111
6.55000	-111
6.55833	-111
6.56667	-111
6.57500	-111
6.58333	-111
6.59167	-111
6.60000	-111
6.60833	-110
6.61667	-110
6.62500	-110
6.63333	-111
6.64167	-111
6.65000	-111
6.65833	-111
6.66667	-111
6.67500	-111
6.68333	-111
6.69167	-111
6.70000	-111
6.70833	-111
6.71667	-111
6.72500	-111
6.73333	-111
6.74167	-111
6.75000	-111
6.75833	-111
6.76667	-111
6.77500	-111
6.78333	-111
6.79167	-112
6.80000	-112
6.80833	-112
6.81667	-112
6.82500	-112
6.83333	-112
6.84167	-112
6.85000	-112
6.85833	-113
6.86667	-113
6.87500	-112
6.88333	-112
6.89167	-112
6.90000	-112
6.90833	-112
6.91667	-111
6.92500	-111
6.93333	-111
6.94167	-111
6.95000	-111
6.95833	-111
6.96667	-111
6.97500	-110
6.98333	-110
6.99167	-110
7.00000	-109
7.00833	-108
7.01667	-107
7.02500	-106
7.03333	-105
7.04167	-103
7.05000	-102
7.05833	-101
7.06667	-99
7.07500	-97
7.08333	-94
7.09167	-91
7.10000	-86
7.10833	-81
7.11667	-75
7.12500	-68
7.13333	-60
7.14167	-51
7.15000	-39
7.15833	-27
7.16667	-14
7.17500	2
7.18333	19
7.19167	37
7.20000	57
7.20833	79
7.21667	102
7.22500	127
7.23333	152
7.24167	178
7.25000	204
7.25833	229
7.26667	251
7.27500	271
7.28333	286
7.29167	294
7.30000	293
7.30833	283
7.31667	264
7.32500	236
7.33333	204
7.34167	175
7.35000	156
7.35833	160
7.36667	203
7.37500	301
7.38333	475
7.39167	745
7.40000	1129
7.40833	1646
7.41667	2308
7.42500	3128
7.43333	4109
7.44167	5250
7.45000	6541
7.45833	7961
7.46667	9484
7.47500	11070
7.48333	12670
7.49167	14228
7.50000	15680
7.50833	16962
7.51667	18013
7.52500	18782
7.53333	19232
7.54167	19345
7.55000	19124
7.55833	18593
7.56667	17792
7.57500	16773
7.58333	15597
7.59167	14324
7.60000	13012
7.60833	11710
7.61667	10460
7.62500	9290
7.63333	8220
7.64167	7261
7.65000	6415
7.65833	5679
7.66667	5045
7.67500	4504
7.68333	4044
7.69167	3654
7.70000	3323
7.70833	3040
7.71667	2798
7.72500	2588
7.73333	2405
7.74167	2243
7.75000	2099
7.75833	1968
7.76667	1850
7.77500	1741
7.78333	1641
7.79167	1548
7.80000	1462
7.80833	1381
7.81667	1304
7.82500	1232
7.83333	1164
7.84167	1098
7.85000	1036
7.85833	976
7.86667	919
7.87500	865
7.88333	813
7.89167	764
7.90000	718
7.90833	674
7.91667	633
7.92500	595
7.93333	560
7.94167	528
7.95000	500
7.95833	475
7.96667	453
7.97500	434
7.98333	418
7.99167	405
8.00000	395
8.00833	386
8.01667	379
8.02500	372
8.03333	366
8.04167	361
8.05000	355
8.05833	349
8.06667	342
8.07500	334
8.08333	326
8.09167	317
8.10000	308
8.10833	298
8.11667	288
8.12500	278
8.13333	267
8.14167	256
8.15000	246
8.15833	237
8.16667	227
8.17500	218
8.18333	210
8.19167	202
8.20000	195
8.20833	188
8.21667	181
8.22500	175
8.23333	170
8.24167	166
8.25000	161
8.25833	157
8.26667	154
8.27500	150
8.28333	147
8.29167	145
8.30000	142
8.30833	141
8.31667	139
8.32500	138
8.33333	136
8.34167	135
8.35000	133
8.35833	132
8.36667	130
8.37500	129
8.38333	128
8.39167	126
8.40000	125
8.40833	124
8.41667	123
8.42500	121
8.43333	120
8.44167	119
8.45000	118
8.45833	117
8.46667	115
8.47500	113
8.48333	111
8.49167	109
8.50000	108
8.50833	106
8.51667	104
8.52500	102
8.53333	101
8.54167	99
8.55000	97
8.55833	96
8.56667	95
8.57500	94
8.58333	93
8.59167	92
8.60000	92
8.60833	93
8.61667	93
8.62500	93
8.63333	94
8.64167	95
8.65000	96
8.65833	98
8.66667	101
8.67500	104
8.68333	107
8.69167	111
8.70000	114
8.70833	119
8.71667	124
8.72500	129
8.73333	134
8.74167	140
8.75000	145
8.75833	151
8.76667	156
8.77500	161
8.78333	166
8.79167	171
8.80000	177
8.80833	183
8.81667	190
8.82500	196
8.83333	203
8.84167	212
8.85000	223
8.85833	236
8.86667	251
8.87500	270
8.88333	293
8.89167	320
8.90000	354
8.90833	394
8.91667	441
8.92500	497
8.93333	561
8.94167	634
8.95000	717
8.95833	808
8.96667	908
8.97500	1016
8.98333	1131
8.99167	1251
9.00000	1375
9.00833	1500
9.01667	1624
9.02500	1745
9.03333	1859
9.04167	1964
9.05000	2058
9.05833	2139
9.06667	2205
9.07500	2255
9.08333	2288
9.09167	2304
9.10000	2303
9.10833	2284
9.11667	2251
9.12500	2202
9.13333	2141
9.14167	2068
9.15000	1986
9.15833	1896
9.16667	1802
9.17500	1704
9.18333	1604
9.19167	1503
9.20000	1405
9.20833	1309
9.21667	1216
9.22500	1128
9.23333	1045
9.24167	968
9.25000	896
9.25833	830
9.26667	770
9.27500	715
9.28333	665
9.29167	621
9.30000	582
9.30833	548
9.31667	518
9.32500	492
9.33333	471
9.34167	453
9.35000	438
9.35833	428
9.36667	421
9.37500	417
9.38333	418
9.39167	423
9.40000	433
9.40833	448
9.41667	469
9.42500	498
9.43333	536
9.44167	585
9.45000	648
9.45833	726
9.46667	823
9.47500	944
9.48333	1093
9.49167	1273
9.50000	1490
9.50833	1750
9.51667	2057
9.52500	2417
9.53333	2834
9.54167	3314
9.55000	3858
9.55833	4469
9.56667	5147
9.57500	5890
9.58333	6697
9.59167	7560
9.60000	8472
9.60833	9424
9.61667	10403
9.62500	11398
9.63333	12392
9.64167	13371
9.65000	14319
9.65833	15220
9.66667	16060
9.67500	16825
9.68333	17503
9.69167	18086
9.70000	18567
9.70833	18940
9.71667	19206
9.72500	19365
9.73333	19423
9.74167	19385
9.75000	19262
9.75833	19063
9.76667	18800
9.77500	18487
9.78333	18137
9.79167	17763
9.80000	17378
9.80833	16994
9.81667	16623
9.82500	16272
9.83333	15953
9.84167	15671
9.85000	15433
9.85833	15242
9.86667	15103
9.87500	15018
9.88333	14986
9.89167	15008
9.90000	15084
9.90833	15212
9.91667	15389
9.92500	15613
9.93333	15881
9.94167	16191
9.95000	16538
9.95833	16920
9.96667	17334
9.97500	17776
9.98333	18243
9.99167	18731
10.00000	19236
10.00833	19756
10.01667	20285
10.02500	20818
10.03333	21348
10.04167	21864
10.05000	22351
10.05833	22785
10.06667	23139
10.07500	23378
10.08333	23463
10.09167	23356
10.10000	23026
10.10833	22452
10.11667	21631
10.12500	20576
10.13333	19320
10.14167	17908
10.15000	16394
10.15833	14834
10.16667	13279
10.17500	11777
10.18333	10361
10.19167	9058
10.20000	7879
10.20833	6831
10.21667	5913
10.22500	5118
10.23333	4435
10.24167	3854
10.25000	3361
10.25833	2945
10.26667	2595
10.27500	2300
10.28333	2051
10.29167	1842
10.30000	1663
10.30833	1511
10.31667	1380
10.32500	1267
10.33333	1168
10.34167	1081
10.35000	1004
10.35833	935
10.36667	873
10.37500	816
10.38333	765
10.39167	718
10.40000	674
10.40833	634
10.41667	596
10.42500	562
10.43333	531
10.44167	502
10.45000	476
10.45833	452
10.46667	430
10.47500	411
10.48333	395
10.49167	381
10.50000	369
10.50833	360
10.51667	353
10.52500	348
10.53333	345
10.54167	344
10.55000	345
10.55833	348
10.56667	351
10.57500	356
10.58333	361
10.59167	367
10.60000	374
10.60833	380
10.61667	387
10.62500	393
10.63333	400
10.64167	406
10.65000	411
10.65833	418
10.66667	424
10.67500	432
10.68333	441
10.69167	453
10.70000	468
10.70833	487
10.71667	511
10.72500	542
10.73333	581
10.74167	628
10.75000	685
10.75833	753
10.76667	833
10.77500	926
10.78333	1032
10.79167	1152
10.80000	1285
10.80833	1431
10.81667	1587
10.82500	1753
10.83333	1926
10.84167	2104
10.85000	2283
10.85833	2462
10.86667	2636
10.87500	2801
10.88333	2955
10.89167	3094
10.90000	3215
10.90833	3316
10.91667	3394
10.92500	3448
10.93333	3477
10.94167	3481
10.95000	3462
10.95833	3419
10.96667	3354
10.97500	3268
10.98333	3166
10.99167	3048
11.00000	2917
11.00833	2778
11.01667	2631
11.02500	2481
11.03333	2328
11.04167	2176
11.05000	2026
11.05833	1880
11.06667	1740
11.07500	1606
11.08333	1480
11.09167	1362
11.10000	1253
11.10833	1152
11.11667	1060
11.12500	977
11.13333	902
11.14167	836
11.15000	777
11.15833	725
11.16667	680
11.17500	641
11.18333	607
11.19167	579
11.20000	555
11.20833	534
11.21667	516
11.22500	500
11.23333	486
11.24167	473
11.25000	462
11.25833	451
11.26667	440
11.27500	429
11.28333	419
11.29167	408
11.30000	396
11.30833	384
11.31667	371
11.32500	359
11.33333	346
11.34167	333
11.35000	320
11.35833	307
11.36667	294
11.37500	281
11.38333	269
11.39167	257
11.40000	246
11.40833	236
11.41667	226
11.42500	218
11.43333	210
11.44167	203
11.45000	198
11.45833	193
11.46667	189
11.47500	186
11.48333	184
11.49167	182
11.50000	181
11.50833	181
11.51667	181
11.52500	181
11.53333	182
11.54167	183
11.55000	183
11.55833	184
11.56667	184
11.57500	184
11.58333	183
11.59167	182
11.60000	180
11.60833	178
11.61667	175
11.62500	172
11.63333	169
11.64167	165
11.65000	162
11.65833	158
11.66667	154
11.67500	149
11.68333	146
11.69167	142
11.70000	139
11.70833	137
11.71667	134
11.72500	132
11.73333	129
11.74167	127
11.75000	125
11.75833	123
11.76667	121
11.77500	119
11.78333	117
11.79167	115
11.80000	113
11.80833	111
11.81667	109
11.82500	106
11.83333	104
11.84167	100
11.85000	97
11.85833	94
11.86667	89
11.87500	85
11.88333	80
11.89167	75
11.90000	70
11.90833	65
11.91667	60
11.92500	55
11.93333	51
11.94167	46
11.95000	42
11.95833	38
11.96667	34
11.97500	30
11.98333	27
11.99167	24
12.00000	21
12.00833	18
12.01667	16
12.02500	14
12.03333	13
12.04167	12
12.05000	11
12.05833	11
12.06667	10
12.07500	10
12.08333	9
12.09167	9
12.10000	9
12.10833	9
12.11667	9
12.12500	8
12.13333	8
12.14167	8
12.15000	8
12.15833	7
12.16667	7
12.17500	7
12.18333	6
12.19167	6
12.20000	5
12.20833	4
12.21667	3
12.22500	2
12.23333	1
12.24167	1
12.25000	-0
12.25833	-1
12.26667	-2
12.27500	-4
12.28333	-5
12.29167	-7
12.30000	-8
12.30833	-10
12.31667	-11
12.32500	-12
12.33333	-14
12.34167	-15
12.35000	-17
12.35833	-19
12.36667	-21
12.37500	-23
12.38333	-25
12.39167	-26
12.40000	-28
12.40833	-29
12.41667	-31
12.42500	-32
12.43333	-33
12.44167	-34
12.45000	-36
12.45833	-37
12.46667	-38
12.47500	-39
12.48333	-39
12.49167	-40
12.50000	-40
12.50833	-41
12.51667	-42
12.52500	-42
12.53333	-42
12.54167	-42
12.55000	-41
12.55833	-41
12.56667	-40
12.57500	-40
12.58333	-39
12.59167	-38
12.60000	-37
12.60833	-37
12.61667	-36
12.62500	-36
12.63333	-35
12.64167	-34
12.65000	-32
12.65833	-31
12.66667	-30
12.67500	-29
12.68333	-27
12.69167	-26
12.70000	-25
12.70833	-24
12.71667	-23
12.72500	-22
12.73333	-21
12.74167	-20
12.75000	-20
12.75833	-19
12.76667	-18
12.77500	-17
12.78333	-16
12.79167	-16
12.80000	-15
12.80833	-14
12.81667	-14
12.82500	-14
12.83333	-14
12.84167	-14
12.85000	-14
12.85833	-14
12.86667	-13
12.87500	-13
12.88333	-12
12.89167	-11
12.90000	-11
12.90833	-10
12.91667	-10
12.92500	-9
12.93333	-8
12.94167	-7
12.95000	-7
12.95833	-7
12.96667	-6
12.97500	-5
12.98333	-4
12.99167	-3
13.00000	-2
13.00833	-1
13.01667	0
13.02500	2
13.03333	3
13.04167	3
13.05000	4
13.05833	5
13.06667	6
13.07500	7
13.08333	8
13.09167	9
13.10000	10
13.10833	10
13.11667	10
13.12500	10
13.13333	10
13.14167	10
13.15000	9
13.15833	9
13.16667	9
13.17500	8
13.18333	8
13.19167	8
13.20000	7
13.20833	7
13.21667	6
13.22500	6
13.23333	6
13.24167	5
13.25000	5
13.25833	5
13.26667	5
13.27500	6
13.28333	6
13.29167	5
13.30000	5
13.30833	6
13.31667	6
13.32500	7
13.33333	8
13.34167	9
13.35000	10
13.35833	11
13.36667	13
13.37500	14
13.38333	14
13.39167	16
13.40000	17
13.40833	18
13.41667	20
13.42500	21
13.43333	23
13.44167	24
13.45000	26
13.45833	28
13.46667	30
13.47500	32
13.48333	34
13.49167	36
13.50000	39
13.50833	42
13.51667	46
13.52500	50
13.53333	54
13.54167	59
13.55000	64
13.55833	70
13.56667	76
13.57500	84
13.58333	92
13.59167	101
13.60000	110
13.60833	121
13.61667	132
13.62500	144
13.63333	157
13.64167	171
13.65000	185
13.65833	199
13.66667	214
13.67500	229
13.68333	244
13.69167	259
13.70000	273
13.70833	287
13.71667	300
13.72500	312
13.73333	323
13.74167	333
13.75000	341
13.75833	349
13.76667	356
13.77500	361
13.78333	366
13.79167	369
13.80000	371
13.80833	373
13.81667	374
13.82500	375
13.83333	376
13.84167	377
13.85000	378
13.85833	379
13.86667	380
13.87500	382
13.88333	383
13.89167	384
13.90000	387
13.90833	389
13.91667	393
13.92500	395
13.93333	397
13.94167	399
13.95000	400
13.95833	401
13.96667	402
13.97500	401
13.98333	400
13.99167	398
14.00000	395
14.00833	390
14.01667	385
14.02500	379
14.03333	371
14.04167	363
14.05000	355
14.05833	347
14.06667	338
14.07500	329
14.08333	319
14.09167	309
14.10000	299
14.10833	289
14.11667	280
14.12500	271
14.13333	263
14.14167	255
14.15000	247
14.15833	240
14.16667	234
14.17500	228
14.18333	223
14.19167	218
14.20000	214
14.20833	210
14.21667	206
14.22500	203
14.23333	200
14.24167	198
14.25000	196
14.25833	194
14.26667	193
14.27500	191
14.28333	191
14.29167	190
14.30000	190
14.30833	190
14.31667	191
14.32500	191
14.33333	192
14.34167	192
14.35000	193
14.35833	194
14.36667	195
14.37500	196
14.38333	196
14.39167	197
14.40000	198
14.40833	200
14.41667	201
14.42500	203
14.43333	204
14.44167	205
14.45000	206
14.45833	208
14.46667	209
14.47500	210
14.48333	211
14.49167	212
14.50000	213
14.50833	213
14.51667	214
14.52500	215
14.53333	216
14.54167	216
14.55000	216
14.55833	217
14.56667	217
14.57500	216
14.58333	216
14.59167	215
14.60000	215
14.60833	215
14.61667	215
14.62500	215
14.63333	214
14.64167	214
14.65000	214
14.65833	213
14.66667	212
14.67500	212
14.68333	212
14.69167	211
14.70000	211
14.70833	210
14.71667	210
14.72500	209
14.73333	209
14.74167	209
14.75000	209
14.75833	209
14.76667	209
14.77500	208
14.78333	208
14.79167	207
14.80000	207
14.80833	207
14.81667	207
14.82500	207
14.83333	208
14.84167	208
14.85000	208
14.85833	209
14.86667	208
14.87500	209
14.88333	209
14.89167	209
14.90000	210
14.90833	210
14.91667	211
14.92500	212
14.93333	213
14.94167	214
14.95000	214
14.95833	215
14.96667	216
14.97500	218
14.98333	220
14.99167	223
15.00000	226
15.00833	229
15.01667	232
15.02500	236
15.03333	240
15.04167	246
15.05000	253
15.05833	260
15.06667	269
15.07500	279
15.08333	291
15.09167	303
15.10000	317
15.10833	333
15.11667	350
15.12500	369
15.13333	389
15.14167	410
15.15000	433
15.15833	457
15.16667	482
15.17500	508
15.18333	535
15.19167	562
15.20000	589
15.20833	615
15.21667	641
15.22500	665
15.23333	688
15.24167	708
15.25000	726
15.25833	742
15.26667	754
15.27500	763
15.28333	769
15.29167	772
15.30000	772
15.30833	768
15.31667	760
15.32500	750
15.33333	737
15.34167	721
15.35000	702
15.35833	682
15.36667	659
15.37500	634
15.38333	608
15.39167	582
15.40000	555
15.40833	527
15.41667	499
15.42500	471
15.43333	444
15.44167	417
15.45000	391
15.45833	365
15.46667	342
15.47500	319
15.48333	297
15.49167	276
15.50000	257
15.50833	239
15.51667	222
15.52500	206
15.53333	190
15.54167	177
15.55000	164
15.55833	151
15.56667	140
15.57500	130
15.58333	121
15.59167	112
15.60000	103
15.60833	96
15.61667	89
15.62500	83
15.63333	77
15.64167	72
15.65000	68
15.65833	63
15.66667	59
15.67500	55
15.68333	51
15.69167	48
15.70000	45
15.70833	43
15.71667	41
15.72500	39
15.73333	38
15.74167	37
15.75000	36
15.75833	35
15.76667	33
15.77500	33
15.78333	32
15.79167	31
15.80000	30
15.80833	30
15.81667	29
15.82500	29
15.83333	29
15.84167	29
15.85000	30
15.85833	31
15.86667	32
15.87500	34
15.88333	35
15.89167	37
15.90000	40
15.90833	43
15.91667	46
15.92500	51
15.93333	56
15.94167	62
15.95000	69
15.95833	77
15.96667	85
15.97500	94
15.98333	105
15.99167	117
16.00000	129
16.00833	142
16.01667	156
16.02500	171
16.03333	186
16.04167	201
16.05000	217
16.05833	234
16.06667	250
16.07500	266
16.08333	282
16.09167	297
16.10000	312
16.10833	325
16.11667	337
16.12500	348
16.13333	357
16.14167	365
16.15000	370
16.15833	374
16.16667	376
16.17500	376
16.18333	374
16.19167	370
16.20000	366
16.20833	360
16.21667	353
16.22500	345
16.23333	337
16.24167	327
16.25000	316
16.25833	305
16.26667	294
16.27500	284
16.28333	273
16.29167	263
16.30000	254
16.30833	245
16.31667	237
16.32500	231
16.33333	225
16.34167	220
16.35000	217
16.35833	214
16.36667	214
16.37500	214
16.38333	216
16.39167	219
16.40000	224
16.40833	229
16.41667	237
16.42500	245
16.43333	256
16.44167	267
16.45000	280
16.45833	295
16.46667	311
16.47500	329
16.48333	348
16.49167	369
16.50000	391
16.50833	414
16.51667	438
16.52500	463
16.53333	489
16.54167	516
16.55000	542
16.55833	569
16.56667	596
16.57500	622
16.58333	647
16.59167	671
16.60000	693
16.60833	714
16.61667	733
16.62500	750
16.63333	765
16.64167	776
16.65000	785
16.65833	791
16.66667	793
16.67500	792
16.68333	788
16.69167	781
16.70000	771
16.70833	758
16.71667	742
16.72500	724
16.73333	703
16.74167	680
16.75000	656
16.75833	629
16.76667	602
16.77500	573
16.78333	544
16.79167	516
16.80000	487
16.80833	458
16.81667	429
16.82500	401
16.83333	374
16.84167	347
16.85000	322
16.85833	297
16.86667	274
16.87500	251
16.88333	230
16.89167	210
16.90000	191
16.90833	173
16.91667	157
16.92500	141
16.93333	127
16.94167	114
16.95000	102
16.95833	90
16.96667	80
16.97500	70
16.98333	61
16.99167	52
17.00000	44
17.00833	37
17.01667	30
17.02500	23
17.03333	17
17.04167	11
17.05000	6
17.05833	1
17.06667	-3
17.07500	-7
17.08333	-11
17.09167	-14
17.10000	-17
17.10833	-20
17.11667	-23
17.12500	-26
17.13333	-28
17.14167	-31
17.15000	-33
17.15833	-35
17.16667	-37
17.17500	-40
17.18333	-42
17.19167	-44
17.20000	-46
17.20833	-48
17.21667	-49
17.22500	-51
17.23333	-53
17.24167	-54
17.25000	-55
17.25833	-57
17.26667	-58
17.27500	-59
17.28333	-60
17.29167	-61
17.30000	-62
17.30833	-62
17.31667	-63
17.32500	-64
17.33333	-65
17.34167	-66
17.35000	-67
17.35833	-68
17.36667	-68
17.37500	-68
17.38333	-69
17.39167	-69
17.40000	-69
17.40833	-69
17.41667	-69
17.42500	-69
17.43333	-68
17.44167	-68
17.45000	-68
17.45833	-68
17.46667	-68
17.47500	-68
17.48333	-68
17.49167	-68
17.50000	-68
17.50833	-68
17.51667	-67
17.52500	-66
17.53333	-64
17.54167	-63
17.55000	-61
17.55833	-60
17.56667	-59
17.57500	-58
17.58333	-56
17.59167	-54
17.60000	-52
17.60833	-50
17.61667	-47
17.62500	-44
17.63333	-41
17.64167	-37
17.65000	-33
17.65833	-29
17.66667	-24
17.67500	-19
17.68333	-13
17.69167	-6
17.70000	1
17.70833	9
17.71667	17
17.72500	27
17.73333	37
17.74167	49
17.75000	62
17.75833	76
17.76667	91
17.77500	108
17.78333	127
17.79167	147
17.80000	169
17.80833	194
17.81667	222
17.82500	252
17.83333	285
17.84167	322
17.85000	363
17.85833	408
17.86667	458
17.87500	513
17.88333	573
17.89167	638
17.90000	709
17.90833	786
17.91667	869
17.92500	959
17.93333	1056
17.94167	1159
17.95000	1269
17.95833	1386
17.96667	1509
17.97500	1638
17.98333	1773
17.99167	1912
18.00000	2055
18.00833	2200
18.01667	2348
18.02500	2496
18.03333	2644
18.04167	2790
18.05000	2933
18.05833	3071
18.06667	3203
18.07500	3327
18.08333	3441
18.09167	3546
18.10000	3639
18.10833	3719
18.11667	3786
18.12500	3837
18.13333	3874
18.14167	3896
18.15000	3902
18.15833	3893
18.16667	3869
18.17500	3829
18.18333	3776
18.19167	3709
18.20000	3630
18.20833	3541
18.21667	3441
18.22500	3332
18.23333	3215
18.24167	3092
18.25000	2965
18.25833	2833
18.26667	2699
18.27500	2564
18.28333	2429
18.29167	2295
18.30000	2162
18.30833	2032
18.31667	1905
18.32500	1782
18.33333	1663
18.34167	1550
18.35000	1441
18.35833	1337
18.36667	1238
18.37500	1145
18.38333	1057
18.39167	975
18.40000	898
18.40833	827
18.41667	760
18.42500	699
18.43333	641
18.44167	589
18.45000	540
18.45833	494
18.46667	452
18.47500	414
18.48333	378
18.49167	346
18.50000	317
18.50833	290
18.51667	265
18.52500	242
18.53333	221
18.54167	203
18.55000	185
18.55833	170
18.56667	156
18.57500	143
18.58333	131
18.59167	120
18.60000	111
18.60833	102
18.61667	95
18.62500	89
18.63333	84
18.64167	80
18.65000	77
18.65833	75
18.66667	73
18.67500	72
18.68333	72
18.69167	74
18.70000	76
18.70833	78
18.71667	82
18.72500	86
18.73333	90
18.74167	96
18.75000	102
18.75833	108
18.76667	115
18.77500	123
18.78333	131
18.79167	140
18.80000	149
18.80833	158
18.81667	167
18.82500	176
18.83333	185
18.84167	194
18.85000	203
18.85833	211
18.86667	219
18.87500	225
18.88333	232
18.89167	238
18.90000	243
18.90833	247
18.91667	250
18.92500	252
18.93333	253
18.94167	253
18.95000	252
18.95833	250
18.96667	247
18.97500	243
18.98333	238
18.99167	233
19.00000	226
19.00833	219
19.01667	212
19.02500	204
19.03333	195
19.04167	185
19.05000	176
19.05833	166
19.06667	155
19.07500	145
19.08333	135
19.09167	124
19.10000	114
19.10833	104
19.11667	94
19.12500	84
19.13333	74
19.14167	65
19.15000	56
19.15833	47
19.16667	39
19.17500	32
19.18333	25
19.19167	18
19.20000	11
19.20833	6
19.21667	0
19.22500	-5
19.23333	-10
19.24167	-15
19.25000	-19
19.25833	-23
19.26667	-27
19.27500	-30
19.28333	-33
19.29167	-36
19.30000	-38
19.30833	-41
19.31667	-43
19.32500	-45
19.33333	-47
19.34167	-48
19.35000	-49
19.35833	-50
19.36667	-51
19.37500	-52
19.38333	-53
19.39167	-53
19.40000	-53
19.40833	-53
19.41667	-53
19.42500	-53
19.43333	-53
19.44167	-53
19.45000	-53
19.45833	-53
19.46667	-52
19.47500	-52
19.48333	-51
19.49167	-51
19.50000	-51
19.50833	-50
19.51667	-50
19.52500	-50
19.53333	-50
19.54167	-51
19.55000	-50
19.55833	-50
19.56667	-50
19.57500	-50
19.58333	-50
19.59167	-50
19.60000	-49
19.60833	-49
19.61667	-49
19.62500	-49
19.63333	-49
19.64167	-49
19.65000	-49
19.65833	-49
19.66667	-50
19.67500	-50
19.68333	-50
19.69167	-50
19.70000	-50
19.70833	-50
19.71667	-51
19.72500	-51
19.73333	-51
19.74167	-51
19.75000	-51
19.75833	-52
19.76667	-52
19.77500	-52
19.78333	-52
19.79167	-53
19.80000	-53
19.80833	-54
19.81667	-54
19.82500	-55
19.83333	-55
19.84167	-56
19.85000	-57
19.85833	-58
19.86667	-59
19.87500	-59
19.88333	-60
19.89167	-60
19.90000	-60
19.90833	-61
19.91667	-61
19.92500	-62
19.93333	-63
19.94167	-63
19.95000	-64
19.95833	-64
19.96667	-65
19.97500	-65
19.98333	-66
19.99167	-66
20.00000	-67
20.00833	-68
20.01667	-68
20.02500	-68
20.03333	-69
20.04167	-69
20.05000	-69
20.05833	-69
20.06667	-69
20.07500	-69
20.08333	-70
20.09167	-70
20.10000	-70
20.10833	-70
20.11667	-71
20.12500	-71
20.13333	-71
20.14167	-71
20.15000	-71
20.15833	-71
20.16667	-70
20.17500	-70
20.18333	-70
20.19167	-70
20.20000	-70
20.20833	-70
20.21667	-70
20.22500	-70
20.23333	-69
20.24167	-69
20.25000	-69
20.25833	-68
20.26667	-68
20.27500	-67
20.28333	-66
20.29167	-65
20.30000	-64
20.30833	-64
20.31667	-63
20.32500	-62
20.33333	-61
20.34167	-60
20.35000	-60
20.35833	-59
20.36667	-58
20.37500	-56
20.38333	-55
20.39167	-53
20.40000	-51
20.40833	-49
20.41667	-47
20.42500	-45
20.43333	-42
20.44167	-39
20.45000	-36
20.45833	-33
20.46667	-30
20.47500	-27
20.48333	-23
20.49167	-18
20.50000	-13
20.50833	-8
20.51667	-2
20.52500	4
20.53333	10
20.54167	17
20.55000	25
20.55833	32
20.56667	41
20.57500	50
20.58333	60
20.59167	71
20.60000	83
20.60833	96
20.61667	110
20.62500	124
20.63333	140
20.64167	156
20.65000	174
20.65833	193
20.66667	213
20.67500	234
20.68333	257
20.69167	281
20.70000	307
20.70833	334
20.71667	362
20.72500	391
20.73333	421
20.74167	453
20.75000	485
20.75833	519
20.76667	554
20.77500	590
20.78333	626
20.79167	662
20.80000	699
20.80833	736
20.81667	773
20.82500	810
20.83333	847
20.84167	884
20.85000	921
20.85833	957
20.86667	992
20.87500	1027
20.88333	1061
20.89167	1095
20.90000	1127
20.90833	1159
20.91667	1189
20.92500	1219
20.93333	1248
20.94167	1276
20.95000	1303
20.95833	1330
20.96667	1357
20.97500	1383
20.98333	1409
20.99167	1434
21.00000	1461
21.00833	1487
21.01667	1515
21.02500	1544
21.03333	1574
21.04167	1606
21.05000	1639
21.05833	1675
21.06667	1713
21.07500	1754
21.08333	1799
21.09167	1847
21.10000	1900
21.10833	1958
21.11667	2021
21.12500	2090
21.13333	2165
21.14167	2247
21.15000	2337
21.15833	2435
21.16667	2543
21.17500	2659
21.18333	2786
21.19167	2924
21.20000	3073
21.20833	3234
21.21667	3408
21.22500	3595
21.23333	3795
21.24167	4009
21.25000	4238
21.25833	4482
21.26667	4739
21.27500	5011
21.28333	5298
21.29167	5598
21.30000	5911
21.30833	6236
21.31667	6573
21.32500	6920
21.33333	7277
21.34167	7641
21.35000	8011
21.35833	8385
21.36667	8762
21.37500	9139
21.38333	9515
21.39167	9885
21.40000	10249
21.40833	10603
21.41667	10947
21.42500	11277
21.43333	11591
21.44167	11887
21.45000	12162
21.45833	12415
21.46667	12643
21.47500	12846
21.48333	13021
21.49167	13168
21.50000	13285
21.50833	13372
21.51667	13427
21.52500	13452
21.53333	13446
21.54167	13409
21.55000	13341
21.55833	13245
21.56667	13120
21.57500	12967
21.58333	12788
21.59167	12585
21.60000	12359
21.60833	12111
21.61667	11843
21.62500	11558
21.63333	11258
21.64167	10944
21.65000	10619
21.65833	10284
21.66667	9941
21.67500	9593
21.68333	9241
21.69167	8887
21.70000	8533
21.70833	8180
21.71667	7829
21.72500	7483
21.73333	7141
21.74167	6806
21.75000	6478
21.75833	6158
21.76667	5847
21.77500	5545
21.78333	5253
21.79167	4971
21.80000	4699
21.80833	4438
21.81667	4188
21.82500	3948
21.83333	3720
21.84167	3502
21.85000	3295
21.85833	3098
21.86667	2911
21.87500	2734
21.88333	2566
21.89167	2407
21.90000	2257
21.90833	2115
21.91667	1981
21.92500	1856
21.93333	1737
21.94167	1625
21.95000	1520
21.95833	1421
21.96667	1328
21.97500	1240
21.98333	1157
21.99167	1080
22.00000	1008
22.00833	939
22.01667	876
22.02500	816
22.03333	760
22.04167	707
22.05000	657
22.05833	611
22.06667	567
22.07500	527
22.08333	489
22.09167	454
22.10000	421
22.10833	390
22.11667	362
22.12500	335
22.13333	311
22.14167	288
22.15000	266
22.15833	247
22.16667	229
22.17500	212
22.18333	197
22.19167	183
22.20000	170
22.20833	158
22.21667	147
22.22500	138
22.23333	129
22.24167	121
22.25000	114
22.25833	108
22.26667	102
22.27500	97
22.28333	93
22.29167	90
22.30000	86
22.30833	84
22.31667	81
22.32500	79
22.33333	77
22.34167	76
22.35000	75
22.35833	73
22.36667	72
22.37500	71
22.38333	71
22.39167	70
22.40000	69
22.40833	68
22.41667	67
22.42500	65
22.43333	64
22.44167	63
22.45000	61
22.45833	58
22.46667	55
22.47500	53
22.48333	50
22.49167	46
22.50000	42
22.50833	38
22.51667	34
22.52500	29
22.53333	24
22.54167	19
22.55000	14
22.55833	9
22.56667	3
22.57500	-3
22.58333	-9
22.59167	-15
22.60000	-22
22.60833	-28
22.61667	-35
22.62500	-42
22.63333	-49
22.64167	-56
22.65000	-63
22.65833	-70
22.66667	-77
22.67500	-83
22.68333	-90
22.69167	-96
22.70000	-102
22.70833	-108
22.71667	-114
22.72500	-120
22.73333	-125
22.74167	-130
22.75000	-135
22.75833	-140
22.76667	-144
22.77500	-148
22.78333	-151
22.79167	-154
22.80000	-157
22.80833	-160
22.81667	-162
22.82500	-164
22.83333	-165
22.84167	-166
22.85000	-167
22.85833	-167
22.86667	-168
22.87500	-168
22.88333	-167
22.89167	-167
22.90000	-166
22.90833	-164
22.91667	-163
22.92500	-161
22.93333	-159
22.94167	-157
22.95000	-155
22.95833	-153
22.96667	-150
22.97500	-148
22.98333	-145
22.99167	-142
23.00000	-139
23.00833	-136
23.01667	-134
23.02500	-131
23.03333	-128
23.04167	-125
23.05000	-122
23.05833	-120
23.06667	-117
23.07500	-115
23.08333	-112
23.09167	-110
23.10000	-107
23.10833	-106
23.11667	-104
23.12500	-102
23.13333	-100
23.14167	-98
23.15000	-97
23.15833	-95
23.16667	-93
23.17500	-92
23.18333	-92
23.19167	-91
23.20000	-91
23.20833	-91
23.21667	-90
23.22500	-90
23.23333	-89
23.24167	-89
23.25000	-88
23.25833	-88
23.26667	-88
23.27500	-88
23.28333	-89
23.29167	-89
23.30000	-90
23.30833	-90
23.31667	-91
23.32500	-91
23.33333	-91
23.34167	-92
23.35000	-92
23.35833	-92
23.36667	-93
23.37500	-94
23.38333	-94
23.39167	-95
23.40000	-95
23.40833	-96
23.41667	-96
23.42500	-96
23.43333	-97
23.44167	-97
23.45000	-98
23.45833	-98
23.46667	-99
23.47500	-99
23.48333	-99
23.49167	-99
23.50000	-99
23.50833	-100
23.51667	-100
23.52500	-99
23.53333	-100
23.54167	-100
23.55000	-100
23.55833	-100
23.56667	-100
23.57500	-100
23.58333	-100
23.59167	-100
23.60000	-100
23.60833	-100
23.61667	-100
23.62500	-99
23.63333	-99
23.64167	-99
23.65000	-99
23.65833	-98
23.66667	-98
23.67500	-97
23.68333	-97
23.69167	-97
23.70000	-96
23.70833	-96
23.71667	-96
23.72500	-95
23.73333	-95
23.74167	-95
23.75000	-94
23.75833	-94
23.76667	-94
23.77500	-93
23.78333	-92
23.79167	-92
23.80000	-91
23.80833	-90
23.81667	-90
23.82500	-89
23.83333	-89
23.84167	-89
23.85000	-88
23.85833	-88
23.86667	-87
23.87500	-86
23.88333	-86
23.89167	-86
23.90000	-86
23.90833	-86
23.91667	-85
23.92500	-85
23.93333	-85
23.94167	-84
23.95000	-84
23.95833	-83
23.96667	-83
23.97500	-83
23.98333	-82
23.99167	-82
24.00000	-82
24.00833	-82
24.01667	-81
24.02500	-81
24.03333	-81
24.04167	-81
24.05000	-81
24.05833	-81
24.06667	-81
24.07500	-80
24.08333	-81
24.09167	-81
24.10000	-81
24.10833	-81
24.11667	-81
24.12500	-82
24.13333	-82
24.14167	-83
24.15000	-83
24.15833	-83
24.16667	-84
24.17500	-85
24.18333	-86
24.19167	-87
24.20000	-88
24.20833	-89
24.21667	-90
24.22500	-91
24.23333	-92
24.24167	-93
24.25000	-94
24.25833	-96
24.26667	-97
24.27500	-99
24.28333	-100
24.29167	-102
24.30000	-103
24.30833	-105
24.31667	-106
24.32500	-108
24.33333	-109
24.34167	-111
24.35000	-112
24.35833	-113
24.36667	-115
24.37500	-117
24.38333	-118
24.39167	-119
24.40000	-121
24.40833	-123
24.41667	-124
24.42500	-125
24.43333	-126
24.44167	-127
24.45000	-128
24.45833	-129
24.46667	-131
24.47500	-132
24.48333	-133
24.49167	-134
24.50000	-134
24.50833	-134
24.51667	-134
24.52500	-135
24.53333	-134
24.54167	-134
24.55000	-134
24.55833	-134
24.56667	-134
24.57500	-134
24.58333	-134
24.59167	-134
24.60000	-134
24.60833	-133
24.61667	-133
24.62500	-132
24.63333	-132
24.64167	-131
24.65000	-130
24.65833	-129
24.66667	-129
24.67500	-128
24.68333	-127
24.69167	-127
24.70000	-126
24.70833	-125
24.71667	-124
24.72500	-123
24.73333	-122
24.74167	-122
24.75000	-121
24.75833	-120
24.76667	-119
24.77500	-118
24.78333	-117
24.79167	-116
24.80000	-115
24.80833	-114
24.81667	-113
24.82500	-112
24.83333	-111
24.84167	-111
24.85000	-110
24.85833	-110
24.86667	-109
24.87500	-108
24.88333	-108
24.89167	-107
24.90000	-106
24.90833	-105
24.91667	-105
24.92500	-104
24.93333	-103
24.94167	-102
24.95000	-102
24.95833	-102
24.96667	-102
24.97500	-101
24.98333	-100
24.99167	-100
25.00000	-100
25.00833	-99
25.01667	-99
25.02500	-98
25.03333	-98
25.04167	-98
25.05000	-98
25.05833	-98
25.06667	-98
25.07500	-97
25.08333	-97
25.09167	-97
25.10000	-96
25.10833	-96
25.11667	-96
25.12500	-96
25.13333	-95
25.14167	-95
25.15000	-95
25.15833	-95
25.16667	-95
25.17500	-95
25.18333	-94
25.19167	-94
25.20000	-94
25.20833	-94
25.21667	-93
25.22500	-93
25.23333	-93
25.24167	-92
25.25000	-92
25.25833	-92
25.26667	-92
25.27500	-91
25.28333	-91
25.29167	-91
25.30000	-91
25.30833	-91
25.31667	-90
25.32500	-90
25.33333	-90
25.34167	-89
25.35000	-89
25.35833	-89
25.36667	-88
25.37500	-88
25.38333	-88
25.39167	-87
25.40000	-87
25.40833	-86
25.41667	-84
25.42500	-83
25.43333	-83
25.44167	-82
25.45000	-82
25.45833	-81
25.46667	-80
25.47500	-80
25.48333	-79
25.49167	-78
25.50000	-78
25.50833	-77
25.51667	-76
25.52500	-75
25.53333	-74
25.54167	-73
25.55000	-72
25.55833	-70
25.56667	-69
25.57500	-68
25.58333	-67
25.59167	-66
25.60000	-64
25.60833	-63
25.61667	-62
25.62500	-61
25.63333	-60
25.64167	-58
25.65000	-57
25.65833	-56
25.66667	-55
25.67500	-54
25.68333	-53
25.69167	-52
25.70000	-50
25.70833	-48
25.71667	-47
25.72500	-46
25.73333	-44
25.74167	-43
25.75000	-42
25.75833	-40
25.76667	-39
25.77500	-38
25.78333	-37
25.79167	-35
25.80000	-33
25.80833	-32
25.81667	-30
25.82500	-29
25.83333	-27
25.84167	-25
25.85000	-23
25.85833	-21
25.86667	-19
25.87500	-17
25.88333	-15
25.89167	-13
25.90000	-11
25.90833	-9
25.91667	-7
25.92500	-4
25.93333	-1
25.94167	3
25.95000	6
25.95833	9
25.96667	13
25.97500	16
25.98333	20
25.99167	25
26.00000	30
26.00833	35
26.01667	40
26.02500	45
26.03333	51
26.04167	57
26.05000	63
26.05833	70
26.06667	78
26.07500	86
26.08333	95
26.09167	104
26.10000	114
26.10833	124
26.11667	135
26.12500	147
26.13333	159
26.14167	172
26.15000	185
26.15833	199
26.16667	214
26.17500	230
26.18333	247
26.19167	264
26.20000	283
26.20833	302
26.21667	322
26.22500	343
26.23333	365
26.24167	389
26.25000	413
26.25833	439
26.26667	465
26.27500	492
26.28333	520
26.29167	548
26.30000	578
26.30833	608
26.31667	639
26.32500	671
26.33333	703
26.34167	736
26.35000	769
26.35833	802
26.36667	835
26.37500	868
26.38333	901
26.39167	933
26.40000	964
26.40833	996
26.41667	1026
26.42500	1056
26.43333	1084
26.44167	1111
26.45000	1137
26.45833	1162
26.46667	1185
26.47500	1206
26.48333	1225
26.49167	1242
26.50000	1258
26.50833	1271
26.51667	1281
26.52500	1290
26.53333	1296
26.54167	1300
26.55000	1301
26.55833	1301
26.56667	1298
26.57500	1292
26.58333	1284
26.59167	1274
26.60000	1262
26.60833	1247
26.61667	1231
26.62500	1213
26.63333	1193
26.64167	1171
26.65000	1147
26.65833	1122
26.66667	1097
26.67500	1069
26.68333	1041
26.69167	1012
26.70000	983
26.70833	953
26.71667	923
26.72500	892
26.73333	861
26.74167	830
26.75000	800
26.75833	769
26.76667	740
26.77500	710
26.78333	681
26.79167	651
26.80000	623
26.80833	595
26.81667	569
26.82500	542
26.83333	518
26.84167	493
26.85000	470
26.85833	447
26.86667	426
26.87500	404
26.88333	384
26.89167	365
26.90000	346
26.90833	328
26.91667	311
26.92500	294
26.93333	279
26.94167	264
26.95000	250
26.95833	236
26.96667	223
26.97500	211
26.98333	199
26.99167	188
27.00000	177
27.00833	167
27.01667	158
27.02500	149
27.03333	140
27.04167	132
27.05000	124
27.05833	116
27.06667	108
27.07500	101
27.08333	95
27.09167	89
27.10000	83
27.10833	77
27.11667	71
27.12500	65
27.13333	59
27.14167	54
27.15000	49
27.15833	44
27.16667	39
27.17500	35
27.18333	31
27.19167	26
27.20000	22
27.20833	17
27.21667	14
27.22500	10
27.23333	6
27.24167	2
27.25000	-2
27.25833	-5
27.26667	-8
27.27500	-12
27.28333	-15
27.29167	-18
27.30000	-21
27.30833	-24
27.31667	-27
27.32500	-29
27.33333	-32
27.34167	-34
27.35000	-37
27.35833	-39
27.36667	-40
27.37500	-42
27.38333	-44
27.39167	-46
27.40000	-49
27.40833	-51
27.41667	-52
27.42500	-54
27.43333	-56
27.44167	-58
27.45000	-59
27.45833	-61
27.46667	-62
27.47500	-63
27.48333	-64
27.49167	-65
27.50000	-66
27.50833	-67
27.51667	-68
27.52500	-68
27.53333	-69
27.54167	-69
27.55000	-70
27.55833	-70
27.56667	-71
27.57500	-72
27.58333	-73
27.59167	-73
27.60000	-74
27.60833	-74
27.61667	-74
27.62500	-75
27.63333	-75
27.64167	-75
27.65000	-76
27.65833	-76
27.66667	-77
27.67500	-77
27.68333	-77
27.69167	-77
27.70000	-77
27.70833	-77
27.71667	-77
27.72500	-77
27.73333	-78
27.74167	-78
27.75000	-78
27.75833	-78
27.76667	-78
27.77500	-78
27.78333	-78
27.79167	-78
27.80000	-78
27.80833	-79
27.81667	-79
27.82500	-79
27.83333	-79
27.84167	-79
27.85000	-79
27.85833	-80
27.86667	-80
27.87500	-81
27.88333	-81
27.89167	-81
27.90000	-81
27.90833	-81
27.91667	-81
27.92500	-81
27.93333	-81
27.94167	-82
27.95000	-82
27.95833	-83
27.96667	-83
27.97500	-83
27.98333	-84
27.99167	-84
28.00000	-85

