R.Time (min)	Intensity
0.00000	-38
0.00833	-38
0.01667	-3
0.02500	-1
0.03333	-2
0.04167	-3
0.05000	-7
0.05833	-12
0.06667	-17
0.07500	-20
0.08333	-21
0.09167	-21
0.10000	-19
0.10833	-17
0.11667	-14
0.12500	-12
0.13333	-10
0.14167	-8
0.15000	-7
0.15833	-6
0.16667	-6
0.17500	-6
0.18333	-7
0.19167	-7
0.20000	-8
0.20833	-8
0.21667	-8
0.22500	-9
0.23333	-8
0.24167	-8
0.25000	-8
0.25833	-8
0.26667	-9
0.27500	-10
0.28333	-10
0.29167	-11
0.30000	-12
0.30833	-13
0.31667	-14
0.32500	-15
0.33333	-16
0.34167	-16
0.35000	-18
0.35833	-19
0.36667	-20
0.37500	-21
0.38333	-21
0.39167	-22
0.40000	-22
0.40833	-23
0.41667	-23
0.42500	-22
0.43333	-22
0.44167	-22
0.45000	-21
0.45833	-21
0.46667	-21
0.47500	-22
0.48333	-24
0.49167	-25
0.50000	-27
0.50833	-29
0.51667	-31
0.52500	-33
0.53333	-36
0.54167	-38
0.55000	-39
0.55833	-40
0.56667	-41
0.57500	-42
0.58333	-43
0.59167	-43
0.60000	-44
0.60833	-44
0.61667	-44
0.62500	-43
0.63333	-43
0.64167	-44
0.65000	-44
0.65833	-44
0.66667	-45
0.67500	-45
0.68333	-45
0.69167	-45
0.70000	-46
0.70833	-46
0.71667	-46
0.72500	-46
0.73333	-47
0.74167	-47
0.75000	-47
0.75833	-47
0.76667	-47
0.77500	-47
0.78333	-47
0.79167	-48
0.80000	-48
0.80833	-49
0.81667	-49
0.82500	-50
0.83333	-50
0.84167	-50
0.85000	-51
0.85833	-51
0.86667	-51
0.87500	-51
0.88333	-51
0.89167	-52
0.90000	-52
0.90833	-52
0.91667	-53
0.92500	-54
0.93333	-55
0.94167	-55
0.95000	-56
0.95833	-56
0.96667	-56
0.97500	-56
0.98333	-56
0.99167	-57
1.00000	-57
1.00833	-58
1.01667	-58
1.02500	-58
1.03333	-58
1.04167	-58
1.05000	-58
1.05833	-58
1.06667	-58
1.07500	-58
1.08333	-58
1.09167	-58
1.10000	-59
1.10833	-60
1.11667	-60
1.12500	-60
1.13333	-61
1.14167	-61
1.15000	-61
1.15833	-61
1.16667	-61
1.17500	-62
1.18333	-62
1.19167	-62
1.20000	-62
1.20833	-62
1.21667	-62
1.22500	-63
1.23333	-63
1.24167	-64
1.25000	-64
1.25833	-64
1.26667	-64
1.27500	-64
1.28333	-64
1.29167	-65
1.30000	-65
1.30833	-65
1.31667	-65
1.32500	-66
1.33333	-66
1.34167	-67
1.35000	-67
1.35833	-67
1.36667	-68
1.37500	-68
1.38333	-69
1.39167	-69
1.40000	-69
1.40833	-69
1.41667	-69
1.42500	-69
1.43333	-70
1.44167	-70
1.45000	-70
1.45833	-70
1.46667	-70
1.47500	-71
1.48333	-71
1.49167	-71
1.50000	-72
1.50833	-72
1.51667	-73
1.52500	-73
1.53333	-74
1.54167	-74
1.55000	-74
1.55833	-74
1.56667	-74
1.57500	-74
1.58333	-74
1.59167	-74
1.60000	-75
1.60833	-75
1.61667	-76
1.62500	-77
1.63333	-78
1.64167	-78
1.65000	-79
1.65833	-79
1.66667	-79
1.67500	-80
1.68333	-80
1.69167	-80
1.70000	-80
1.70833	-80
1.71667	-80
1.72500	-81
1.73333	-81
1.74167	-81
1.75000	-82
1.75833	-82
1.76667	-82
1.77500	-82
1.78333	-83
1.79167	-83
1.80000	-83
1.80833	-83
1.81667	-83
1.82500	-83
1.83333	-84
1.84167	-84
1.85000	-84
1.85833	-84
1.86667	-85
1.87500	-85
1.88333	-85
1.89167	-85
1.90000	-86
1.90833	-86
1.91667	-87
1.92500	-87
1.93333	-87
1.94167	-88
1.95000	-88
1.95833	-88
1.96667	-88
1.97500	-89
1.98333	-89
1.99167	-89
2.00000	-90
2.00833	-90
2.01667	-90
2.02500	-90
2.03333	-90
2.04167	-91
2.05000	-91
2.05833	-91
2.06667	-91
2.07500	-92
2.08333	-92
2.09167	-93
2.10000	-93
2.10833	-94
2.11667	-94
2.12500	-94
2.13333	-95
2.14167	-95
2.15000	-96
2.15833	-96
2.16667	-96
2.17500	-97
2.18333	-97
2.19167	-97
2.20000	-97
2.20833	-98
2.21667	-98
2.22500	-98
2.23333	-99
2.24167	-99
2.25000	-100
2.25833	-100
2.26667	-100
2.27500	-101
2.28333	-101
2.29167	-101
2.30000	-101
2.30833	-102
2.31667	-102
2.32500	-102
2.33333	-102
2.34167	-102
2.35000	-102
2.35833	-103
2.36667	-103
2.37500	-104
2.38333	-105
2.39167	-105
2.40000	-105
2.40833	-105
2.41667	-105
2.42500	-105
2.43333	-105
2.44167	-105
2.45000	-105
2.45833	-105
2.46667	-106
2.47500	-106
2.48333	-107
2.49167	-107
2.50000	-107
2.50833	-107
2.51667	-107
2.52500	-107
2.53333	-107
2.54167	-107
2.55000	-107
2.55833	-107
2.56667	-108
2.57500	-108
2.58333	-108
2.59167	-108
2.60000	-108
2.60833	-108
2.61667	-108
2.62500	-108
2.63333	-109
2.64167	-109
2.65000	-109
2.65833	-109
2.66667	-110
2.67500	-110
2.68333	-110
2.69167	-110
2.70000	-110
2.70833	-110
2.71667	-111
2.72500	-111
2.73333	-111
2.74167	-110
2.75000	-110
2.75833	-111
2.76667	-111
2.77500	-112
2.78333	-112
2.79167	-112
2.80000	-113
2.80833	-113
2.81667	-113
2.82500	-113
2.83333	-113
2.84167	-112
2.85000	-112
2.85833	-111
2.86667	-111
2.87500	-112
2.88333	-112
2.89167	-112
2.90000	-112
2.90833	-112
2.91667	-112
2.92500	-112
2.93333	-112
2.94167	-113
2.95000	-113
2.95833	-114
2.96667	-114
2.97500	-114
2.98333	-114
2.99167	-114
3.00000	-114
3.00833	-113
3.01667	-113
3.02500	-113
3.03333	-113
3.04167	-114
3.05000	-114
3.05833	-114
3.06667	-114
3.07500	-114
3.08333	-114
3.09167	-114
3.10000	-114
3.10833	-114
3.11667	-115
3.12500	-114
3.13333	-114
3.14167	-114
3.15000	-114
3.15833	-114
3.16667	-114
3.17500	-114
3.18333	-114
3.19167	-114
3.20000	-114
3.20833	-114
3.21667	-114
3.22500	-114
3.23333	-114
3.24167	-114
3.25000	-114
3.25833	-114
3.26667	-115
3.27500	-115
3.28333	-115
3.29167	-115
3.30000	-115
3.30833	-114
3.31667	-114
3.32500	-114
3.33333	-113
3.34167	-113
3.35000	-113
3.35833	-113
3.36667	-114
3.37500	-114
3.38333	-114
3.39167	-114
3.40000	-114
3.40833	-114
3.41667	-115
3.42500	-115
3.43333	-114
3.44167	-114
3.45000	-114
3.45833	-114
3.46667	-113
3.47500	-113
3.48333	-114
3.49167	-114
3.50000	-115
3.50833	-114
3.51667	-114
3.52500	-114
3.53333	-114
3.54167	-114
3.55000	-114
3.55833	-114
3.56667	-114
3.57500	-114
3.58333	-114
3.59167	-114
3.60000	-114
3.60833	-115
3.61667	-115
3.62500	-115
3.63333	-115
3.64167	-115
3.65000	-115
3.65833	-115
3.66667	-115
3.67500	-115
3.68333	-115
3.69167	-115
3.70000	-114
3.70833	-115
3.71667	-115
3.72500	-115
3.73333	-115
3.74167	-115
3.75000	-115
3.75833	-115
3.76667	-115
3.77500	-115
3.78333	-116
3.79167	-115
3.80000	-115
3.80833	-115
3.81667	-115
3.82500	-115
3.83333	-115
3.84167	-115
3.85000	-116
3.85833	-116
3.86667	-116
3.87500	-115
3.88333	-115
3.89167	-115
3.90000	-115
3.90833	-115
3.91667	-115
3.92500	-115
3.93333	-116
3.94167	-116
3.95000	-115
3.95833	-115
3.96667	-116
3.97500	-116
3.98333	-115
3.99167	-115
4.00000	-115
4.00833	-115
4.01667	-116
4.02500	-116
4.03333	-116
4.04167	-116
4.05000	-117
4.05833	-117
4.06667	-117
4.07500	-117
4.08333	-117
4.09167	-117
4.10000	-116
4.10833	-116
4.11667	-116
4.12500	-116
4.13333	-117
4.14167	-116
4.15000	-116
4.15833	-116
4.16667	-116
4.17500	-116
4.18333	-116
4.19167	-116
4.20000	-116
4.20833	-116
4.21667	-116
4.22500	-116
4.23333	-116
4.24167	-116
4.25000	-116
4.25833	-116
4.26667	-116
4.27500	-116
4.28333	-116
4.29167	-116
4.30000	-117
4.30833	-117
4.31667	-117
4.32500	-117
4.33333	-117
4.34167	-117
4.35000	-118
4.35833	-118
4.36667	-118
4.37500	-118
4.38333	-118
4.39167	-118
4.40000	-118
4.40833	-118
4.41667	-118
4.42500	-118
4.43333	-118
4.44167	-118
4.45000	-118
4.45833	-118
4.46667	-118
4.47500	-118
4.48333	-118
4.49167	-118
4.50000	-118
4.50833	-118
4.51667	-118
4.52500	-118
4.53333	-118
4.54167	-117
4.55000	-117
4.55833	-116
4.56667	-116
4.57500	-116
4.58333	-116
4.59167	-116
4.60000	-116
4.60833	-116
4.61667	-116
4.62500	-117
4.63333	-117
4.64167	-117
4.65000	-117
4.65833	-117
4.66667	-116
4.67500	-117
4.68333	-117
4.69167	-117
4.70000	-117
4.70833	-117
4.71667	-117
4.72500	-117
4.73333	-117
4.74167	-117
4.75000	-116
4.75833	-116
4.76667	-116
4.77500	-116
4.78333	-116
4.79167	-116
4.80000	-116
4.80833	-117
4.81667	-116
4.82500	-117
4.83333	-117
4.84167	-117
4.85000	-117
4.85833	-117
4.86667	-117
4.87500	-117
4.88333	-117
4.89167	-117
4.90000	-117
4.90833	-117
4.91667	-117
4.92500	-117
4.93333	-116
4.94167	-116
4.95000	-116
4.95833	-116
4.96667	-116
4.97500	-117
4.98333	-117
4.99167	-116
5.00000	-116
5.00833	-117
5.01667	-117
5.02500	-117
5.03333	-117
5.04167	-117
5.05000	-117
5.05833	-117
5.06667	-117
5.07500	-117
5.08333	-117
5.09167	-116
5.10000	-116
5.10833	-116
5.11667	-116
5.12500	-116
5.13333	-115
5.14167	-116
5.15000	-116
5.15833	-117
5.16667	-116
5.17500	-116
5.18333	-116
5.19167	-116
5.20000	-116
5.20833	-116
5.21667	-116
5.22500	-116
5.23333	-116
5.24167	-116
5.25000	-116
5.25833	-115
5.26667	-115
5.27500	-115
5.28333	-115
5.29167	-115
5.30000	-115
5.30833	-114
5.31667	-114
5.32500	-114
5.33333	-114
5.34167	-114
5.35000	-114
5.35833	-114
5.36667	-113
5.37500	-113
5.38333	-113
5.39167	-113
5.40000	-113
5.40833	-114
5.41667	-114
5.42500	-114
5.43333	-114
5.44167	-114
5.45000	-114
5.45833	-114
5.46667	-115
5.47500	-115
5.48333	-115
5.49167	-114
5.50000	-114
5.50833	-115
5.51667	-115
5.52500	-115
5.53333	-115
5.54167	-115
5.55000	-115
5.55833	-115
5.56667	-115
5.57500	-115
5.58333	-115
5.59167	-115
5.60000	-115
5.60833	-115
5.61667	-115
5.62500	-115
5.63333	-115
5.64167	-115
5.65000	-115
5.65833	-116
5.66667	-116
5.67500	-116
5.68333	-116
5.69167	-116
5.70000	-116
5.70833	-116
5.71667	-116
5.72500	-117
5.73333	-117
5.74167	-117
5.75000	-117
5.75833	-117
5.76667	-117
5.77500	-117
5.78333	-117
5.79167	-117
5.80000	-117
5.80833	-117
5.81667	-117
5.82500	-117
5.83333	-117
5.84167	-116
5.85000	-116
5.85833	-116
5.86667	-116
5.87500	-116
5.88333	-116
5.89167	-116
5.90000	-117
5.90833	-117
5.91667	-117
5.92500	-117
5.93333	-117
5.94167	-117
5.95000	-116
5.95833	-116
5.96667	-116
5.97500	-116
5.98333	-116
5.99167	-116
6.00000	-116
6.00833	-115
6.01667	-115
6.02500	-116
6.03333	-116
6.04167	-116
6.05000	-116
6.05833	-116
6.06667	-116
6.07500	-116
6.08333	-116
6.09167	-116
6.10000	-117
6.10833	-117
6.11667	-117
6.12500	-117
6.13333	-117
6.14167	-117
6.15000	-117
6.15833	-117
6.16667	-117
6.17500	-117
6.18333	-116
6.19167	-116
6.20000	-116
6.20833	-116
6.21667	-116
6.22500	-116
6.23333	-116
6.24167	-116
6.25000	-116
6.25833	-116
6.26667	-116
6.27500	-116
6.28333	-116
6.29167	-116
6.30000	-116
6.30833	-116
6.31667	-116
6.32500	-116
6.33333	-116
6.34167	-116
6.35000	-117
6.35833	-117
6.36667	-117
6.37500	-117
6.38333	-116
6.39167	-116
6.40000	-116
6.40833	-115
6.41667	-115
6.42500	-115
6.43333	-115
6.44167	-114
6.45000	-114
6.45833	-114
6.46667	-114
6.47500	-114
6.48333	-114
6.49167	-115
6.50000	-115
6.50833	-114
6.51667	-114
6.52500	-114
6.53333	-114
6.54167	-114
6.55000	-113
6.55833	-112
6.56667	-112
6.57500	-112
6.58333	-112
6.59167	-112
6.60000	-112
6.60833	-112
6.61667	-111
6.62500	-111
6.63333	-111
6.64167	-111
6.65000	-111
6.65833	-111
6.66667	-111
6.67500	-110
6.68333	-110
6.69167	-110
6.70000	-111
6.70833	-111
6.71667	-111
6.72500	-111
6.73333	-111
6.74167	-111
6.75000	-111
6.75833	-111
6.76667	-111
6.77500	-110
6.78333	-110
6.79167	-110
6.80000	-111
6.80833	-111
6.81667	-111
6.82500	-111
6.83333	-111
6.84167	-111
6.85000	-111
6.85833	-111
6.86667	-111
6.87500	-111
6.88333	-111
6.89167	-110
6.90000	-111
6.90833	-110
6.91667	-110
6.92500	-110
6.93333	-109
6.94167	-109
6.95000	-108
6.95833	-107
6.96667	-106
6.97500	-105
6.98333	-104
6.99167	-103
7.00000	-102
7.00833	-102
7.01667	-102
7.02500	-101
7.03333	-101
7.04167	-100
7.05000	-100
7.05833	-101
7.06667	-101
7.07500	-102
7.08333	-103
7.09167	-104
7.10000	-106
7.10833	-107
7.11667	-109
7.12500	-110
7.13333	-112
7.14167	-113
7.15000	-114
7.15833	-115
7.16667	-115
7.17500	-116
7.18333	-116
7.19167	-116
7.20000	-116
7.20833	-116
7.21667	-115
7.22500	-115
7.23333	-115
7.24167	-114
7.25000	-114
7.25833	-113
7.26667	-112
7.27500	-112
7.28333	-112
7.29167	-111
7.30000	-112
7.30833	-112
7.31667	-112
7.32500	-113
7.33333	-113
7.34167	-113
7.35000	-113
7.35833	-113
7.36667	-114
7.37500	-114
7.38333	-114
7.39167	-115
7.40000	-115
7.40833	-115
7.41667	-115
7.42500	-115
7.43333	-116
7.44167	-116
7.45000	-116
7.45833	-116
7.46667	-116
7.47500	-116
7.48333	-116
7.49167	-116
7.50000	-116
7.50833	-117
7.51667	-117
7.52500	-117
7.53333	-117
7.54167	-117
7.55000	-117
7.55833	-116
7.56667	-116
7.57500	-116
7.58333	-116
7.59167	-116
7.60000	-116
7.60833	-116
7.61667	-117
7.62500	-116
7.63333	-116
7.64167	-116
7.65000	-115
7.65833	-115
7.66667	-115
7.67500	-115
7.68333	-116
7.69167	-116
7.70000	-117
7.70833	-117
7.71667	-117
7.72500	-117
7.73333	-117
7.74167	-118
7.75000	-118
7.75833	-118
7.76667	-119
7.77500	-119
7.78333	-119
7.79167	-120
7.80000	-120
7.80833	-120
7.81667	-120
7.82500	-120
7.83333	-120
7.84167	-120
7.85000	-120
7.85833	-119
7.86667	-119
7.87500	-119
7.88333	-119
7.89167	-119
7.90000	-118
7.90833	-118
7.91667	-117
7.92500	-117
7.93333	-117
7.94167	-117
7.95000	-117
7.95833	-117
7.96667	-117
7.97500	-116
7.98333	-116
7.99167	-117
8.00000	-117
8.00833	-117
8.01667	-117
8.02500	-117
8.03333	-117
8.04167	-117
8.05000	-117
8.05833	-117
8.06667	-117
8.07500	-117
8.08333	-117
8.09167	-117
8.10000	-117
8.10833	-117
8.11667	-117
8.12500	-118
8.13333	-118
8.14167	-118
8.15000	-118
8.15833	-118
8.16667	-118
8.17500	-118
8.18333	-119
8.19167	-119
8.20000	-120
8.20833	-120
8.21667	-120
8.22500	-120
8.23333	-120
8.24167	-120
8.25000	-120
8.25833	-120
8.26667	-120
8.27500	-120
8.28333	-120
8.29167	-121
8.30000	-121
8.30833	-121
8.31667	-121
8.32500	-121
8.33333	-121
8.34167	-121
8.35000	-121
8.35833	-121
8.36667	-122
8.37500	-122
8.38333	-122
8.39167	-123
8.40000	-123
8.40833	-123
8.41667	-123
8.42500	-123
8.43333	-123
8.44167	-123
8.45000	-123
8.45833	-123
8.46667	-123
8.47500	-123
8.48333	-123
8.49167	-123
8.50000	-123
8.50833	-123
8.51667	-123
8.52500	-122
8.53333	-122
8.54167	-123
8.55000	-123
8.55833	-123
8.56667	-123
8.57500	-123
8.58333	-123
8.59167	-123
8.60000	-123
8.60833	-123
8.61667	-123
8.62500	-123
8.63333	-123
8.64167	-123
8.65000	-123
8.65833	-123
8.66667	-123
8.67500	-122
8.68333	-122
8.69167	-122
8.70000	-122
8.70833	-122
8.71667	-122
8.72500	-122
8.73333	-122
8.74167	-123
8.75000	-123
8.75833	-123
8.76667	-123
8.77500	-122
8.78333	-122
8.79167	-122
8.80000	-121
8.80833	-122
8.81667	-122
8.82500	-122
8.83333	-122
8.84167	-122
8.85000	-122
8.85833	-122
8.86667	-122
8.87500	-122
8.88333	-122
8.89167	-122
8.90000	-122
8.90833	-122
8.91667	-122
8.92500	-123
8.93333	-122
8.94167	-122
8.95000	-122
8.95833	-122
8.96667	-122
8.97500	-123
8.98333	-122
8.99167	-122
9.00000	-122
9.00833	-123
9.01667	-123
9.02500	-123
9.03333	-123
9.04167	-123
9.05000	-123
9.05833	-123
9.06667	-123
9.07500	-123
9.08333	-123
9.09167	-123
9.10000	-123
9.10833	-124
9.11667	-124
9.12500	-124
9.13333	-124
9.14167	-124
9.15000	-124
9.15833	-124
9.16667	-124
9.17500	-124
9.18333	-124
9.19167	-124
9.20000	-124
9.20833	-124
9.21667	-124
9.22500	-124
9.23333	-124
9.24167	-124
9.25000	-124
9.25833	-124
9.26667	-124
9.27500	-124
9.28333	-124
9.29167	-124
9.30000	-124
9.30833	-124
9.31667	-124
9.32500	-123
9.33333	-123
9.34167	-123
9.35000	-123
9.35833	-123
9.36667	-123
9.37500	-122
9.38333	-122
9.39167	-122
9.40000	-122
9.40833	-123
9.41667	-123
9.42500	-123
9.43333	-123
9.44167	-123
9.45000	-123
9.45833	-123
9.46667	-123
9.47500	-124
9.48333	-123
9.49167	-123
9.50000	-123
9.50833	-124
9.51667	-124
9.52500	-124
9.53333	-124
9.54167	-124
9.55000	-124
9.55833	-124
9.56667	-124
9.57500	-124
9.58333	-124
9.59167	-125
9.60000	-125
9.60833	-125
9.61667	-126
9.62500	-126
9.63333	-126
9.64167	-126
9.65000	-125
9.65833	-125
9.66667	-125
9.67500	-125
9.68333	-126
9.69167	-126
9.70000	-126
9.70833	-126
9.71667	-125
9.72500	-125
9.73333	-125
9.74167	-125
9.75000	-126
9.75833	-126
9.76667	-127
9.77500	-127
9.78333	-127
9.79167	-127
9.80000	-126
9.80833	-126
9.81667	-126
9.82500	-126
9.83333	-126
9.84167	-126
9.85000	-127
9.85833	-127
9.86667	-127
9.87500	-127
9.88333	-127
9.89167	-127
9.90000	-127
9.90833	-128
9.91667	-128
9.92500	-128
9.93333	-128
9.94167	-129
9.95000	-129
9.95833	-129
9.96667	-129
9.97500	-128
9.98333	-128
9.99167	-128
10.00000	-128
10.00833	-128
10.01667	-128
10.02500	-128
10.03333	-128
10.04167	-128
10.05000	-128
10.05833	-128
10.06667	-128
10.07500	-129
10.08333	-129
10.09167	-129
10.10000	-129
10.10833	-129
10.11667	-129
10.12500	-129
10.13333	-129
10.14167	-128
10.15000	-128
10.15833	-128
10.16667	-128
10.17500	-128
10.18333	-129
10.19167	-129
10.20000	-129
10.20833	-129
10.21667	-129
10.22500	-129
10.23333	-130
10.24167	-130
10.25000	-130
10.25833	-130
10.26667	-131
10.27500	-131
10.28333	-131
10.29167	-132
10.30000	-132
10.30833	-132
10.31667	-132
10.32500	-132
10.33333	-132
10.34167	-132
10.35000	-132
10.35833	-132
10.36667	-132
10.37500	-131
10.38333	-132
10.39167	-132
10.40000	-132
10.40833	-132
10.41667	-132
10.42500	-132
10.43333	-132
10.44167	-133
10.45000	-133
10.45833	-133
10.46667	-134
10.47500	-134
10.48333	-135
10.49167	-135
10.50000	-135
10.50833	-135
10.51667	-135
10.52500	-135
10.53333	-135
10.54167	-135
10.55000	-135
10.55833	-135
10.56667	-135
10.57500	-135
10.58333	-135
10.59167	-135
10.60000	-136
10.60833	-136
10.61667	-136
10.62500	-137
10.63333	-137
10.64167	-136
10.65000	-136
10.65833	-136
10.66667	-136
10.67500	-136
10.68333	-136
10.69167	-137
10.70000	-137
10.70833	-137
10.71667	-137
10.72500	-137
10.73333	-137
10.74167	-137
10.75000	-137
10.75833	-137
10.76667	-138
10.77500	-138
10.78333	-138
10.79167	-139
10.80000	-139
10.80833	-139
10.81667	-139
10.82500	-140
10.83333	-140
10.84167	-140
10.85000	-140
10.85833	-140
10.86667	-140
10.87500	-141
10.88333	-141
10.89167	-141
10.90000	-141
10.90833	-141
10.91667	-141
10.92500	-141
10.93333	-141
10.94167	-141
10.95000	-142
10.95833	-142
10.96667	-142
10.97500	-142
10.98333	-142
10.99167	-142
11.00000	-142
11.00833	-142
11.01667	-142
11.02500	-143
11.03333	-144
11.04167	-144
11.05000	-145
11.05833	-145
11.06667	-145
11.07500	-146
11.08333	-146
11.09167	-147
11.10000	-147
11.10833	-147
11.11667	-147
11.12500	-147
11.13333	-147
11.14167	-148
11.15000	-148
11.15833	-148
11.16667	-149
11.17500	-149
11.18333	-149
11.19167	-149
11.20000	-149
11.20833	-149
11.21667	-149
11.22500	-148
11.23333	-148
11.24167	-148
11.25000	-148
11.25833	-149
11.26667	-149
11.27500	-149
11.28333	-149
11.29167	-150
11.30000	-150
11.30833	-150
11.31667	-150
11.32500	-150
11.33333	-150
11.34167	-150
11.35000	-150
11.35833	-149
11.36667	-149
11.37500	-149
11.38333	-149
11.39167	-149
11.40000	-149
11.40833	-149
11.41667	-148
11.42500	-148
11.43333	-148
11.44167	-148
11.45000	-148
11.45833	-148
11.46667	-148
11.47500	-148
11.48333	-148
11.49167	-148
11.50000	-148
11.50833	-148
11.51667	-147
11.52500	-147
11.53333	-147
11.54167	-147
11.55000	-148
11.55833	-148
11.56667	-148
11.57500	-148
11.58333	-148
11.59167	-148
11.60000	-148
11.60833	-147
11.61667	-147
11.62500	-147
11.63333	-147
11.64167	-147
11.65000	-147
11.65833	-147
11.66667	-147
11.67500	-147
11.68333	-147
11.69167	-147
11.70000	-147
11.70833	-147
11.71667	-147
11.72500	-147
11.73333	-147
11.74167	-146
11.75000	-145
11.75833	-145
11.76667	-146
11.77500	-146
11.78333	-146
11.79167	-146
11.80000	-145
11.80833	-146
11.81667	-146
11.82500	-146
11.83333	-146
11.84167	-146
11.85000	-146
11.85833	-146
11.86667	-146
11.87500	-146
11.88333	-145
11.89167	-145
11.90000	-144
11.90833	-144
11.91667	-144
11.92500	-144
11.93333	-144
11.94167	-143
11.95000	-143
11.95833	-143
11.96667	-143
11.97500	-143
11.98333	-142
11.99167	-142
12.00000	-142
12.00833	-143
12.01667	-143
12.02500	-142
12.03333	-142
12.04167	-141
12.05000	-141
12.05833	-141
12.06667	-141
12.07500	-141
12.08333	-141
12.09167	-141
12.10000	-141
12.10833	-141
12.11667	-141
12.12500	-141
12.13333	-140
12.14167	-140
12.15000	-140
12.15833	-140
12.16667	-140
12.17500	-140
12.18333	-139
12.19167	-139
12.20000	-140
12.20833	-140
12.21667	-139
12.22500	-139
12.23333	-139
12.24167	-140
12.25000	-139
12.25833	-139
12.26667	-139
12.27500	-139
12.28333	-138
12.29167	-138
12.30000	-139
12.30833	-139
12.31667	-139
12.32500	-139
12.33333	-139
12.34167	-139
12.35000	-139
12.35833	-139
12.36667	-139
12.37500	-139
12.38333	-139
12.39167	-139
12.40000	-139
12.40833	-139
12.41667	-139
12.42500	-139
12.43333	-140
12.44167	-140
12.45000	-139
12.45833	-139
12.46667	-139
12.47500	-139
12.48333	-139
12.49167	-139
12.50000	-139
12.50833	-139
12.51667	-139
12.52500	-139
12.53333	-139
12.54167	-140
12.55000	-140
12.55833	-140
12.56667	-140
12.57500	-140
12.58333	-140
12.59167	-139
12.60000	-139
12.60833	-139
12.61667	-139
12.62500	-138
12.63333	-138
12.64167	-139
12.65000	-139
12.65833	-139
12.66667	-139
12.67500	-139
12.68333	-139
12.69167	-139
12.70000	-139
12.70833	-138
12.71667	-138
12.72500	-138
12.73333	-137
12.74167	-137
12.75000	-137
12.75833	-137
12.76667	-137
12.77500	-136
12.78333	-136
12.79167	-136
12.80000	-136
12.80833	-136
12.81667	-136
12.82500	-135
12.83333	-135
12.84167	-136
12.85000	-136
12.85833	-136
12.86667	-136
12.87500	-136
12.88333	-136
12.89167	-135
12.90000	-135
12.90833	-134
12.91667	-134
12.92500	-133
12.93333	-133
12.94167	-133
12.95000	-133
12.95833	-133
12.96667	-133
12.97500	-133
12.98333	-133
12.99167	-133
13.00000	-133
13.00833	-133
13.01667	-133
13.02500	-132
13.03333	-132
13.04167	-132
13.05000	-132
13.05833	-132
13.06667	-132
13.07500	-131
13.08333	-131
13.09167	-131
13.10000	-131
13.10833	-131
13.11667	-130
13.12500	-130
13.13333	-130
13.14167	-130
13.15000	-130
13.15833	-130
13.16667	-131
13.17500	-131
13.18333	-130
13.19167	-130
13.20000	-131
13.20833	-131
13.21667	-131
13.22500	-130
13.23333	-131
13.24167	-131
13.25000	-131
13.25833	-131
13.26667	-131
13.27500	-131
13.28333	-131
13.29167	-131
13.30000	-131
13.30833	-130
13.31667	-130
13.32500	-130
13.33333	-130
13.34167	-131
13.35000	-131
13.35833	-131
13.36667	-131
13.37500	-131
13.38333	-131
13.39167	-131
13.40000	-131
13.40833	-130
13.41667	-130
13.42500	-130
13.43333	-130
13.44167	-130
13.45000	-129
13.45833	-129
13.46667	-129
13.47500	-129
13.48333	-129
13.49167	-129
13.50000	-129
13.50833	-129
13.51667	-128
13.52500	-128
13.53333	-128
13.54167	-128
13.55000	-127
13.55833	-127
13.56667	-127
13.57500	-127
13.58333	-127
13.59167	-126
13.60000	-126
13.60833	-125
13.61667	-125
13.62500	-125
13.63333	-124
13.64167	-124
13.65000	-124
13.65833	-124
13.66667	-123
13.67500	-123
13.68333	-123
13.69167	-122
13.70000	-122
13.70833	-122
13.71667	-122
13.72500	-122
13.73333	-122
13.74167	-122
13.75000	-122
13.75833	-122
13.76667	-122
13.77500	-122
13.78333	-121
13.79167	-120
13.80000	-120
13.80833	-119
13.81667	-119
13.82500	-119
13.83333	-120
13.84167	-120
13.85000	-120
13.85833	-120
13.86667	-120
13.87500	-120
13.88333	-119
13.89167	-120
13.90000	-120
13.90833	-120
13.91667	-120
13.92500	-121
13.93333	-121
13.94167	-121
13.95000	-121
13.95833	-121
13.96667	-121
13.97500	-120
13.98333	-120
13.99167	-120
14.00000	-120
14.00833	-120
14.01667	-119
14.02500	-119
14.03333	-119
14.04167	-119
14.05000	-119
14.05833	-119
14.06667	-119
14.07500	-119
14.08333	-119
14.09167	-119
14.10000	-119
14.10833	-119
14.11667	-119
14.12500	-119
14.13333	-118
14.14167	-118
14.15000	-117
14.15833	-117
14.16667	-117
14.17500	-117
14.18333	-117
14.19167	-116
14.20000	-116
14.20833	-116
14.21667	-116
14.22500	-117
14.23333	-117
14.24167	-116
14.25000	-116
14.25833	-116
14.26667	-116
14.27500	-116
14.28333	-116
14.29167	-116
14.30000	-116
14.30833	-116
14.31667	-116
14.32500	-116
14.33333	-115
14.34167	-115
14.35000	-115
14.35833	-115
14.36667	-115
14.37500	-115
14.38333	-114
14.39167	-115
14.40000	-115
14.40833	-115
14.41667	-114
14.42500	-114
14.43333	-113
14.44167	-113
14.45000	-112
14.45833	-112
14.46667	-112
14.47500	-112
14.48333	-112
14.49167	-112
14.50000	-112
14.50833	-112
14.51667	-111
14.52500	-111
14.53333	-110
14.54167	-110
14.55000	-110
14.55833	-110
14.56667	-110
14.57500	-110
14.58333	-110
14.59167	-111
14.60000	-110
14.60833	-110
14.61667	-110
14.62500	-110
14.63333	-110
14.64167	-110
14.65000	-110
14.65833	-110
14.66667	-110
14.67500	-110
14.68333	-110
14.69167	-110
14.70000	-109
14.70833	-109
14.71667	-109
14.72500	-109
14.73333	-109
14.74167	-109
14.75000	-108
14.75833	-108
14.76667	-108
14.77500	-108
14.78333	-108
14.79167	-107
14.80000	-107
14.80833	-107
14.81667	-108
14.82500	-108
14.83333	-108
14.84167	-108
14.85000	-108
14.85833	-108
14.86667	-108
14.87500	-107
14.88333	-107
14.89167	-107
14.90000	-107
14.90833	-107
14.91667	-107
14.92500	-106
14.93333	-106
14.94167	-106
14.95000	-106
14.95833	-106
14.96667	-106
14.97500	-107
14.98333	-107
14.99167	-107
15.00000	-107
15.00833	-107
15.01667	-106
15.02500	-106
15.03333	-106
15.04167	-106
15.05000	-106
15.05833	-106
15.06667	-106
15.07500	-105
15.08333	-105
15.09167	-106
15.10000	-106
15.10833	-106
15.11667	-106
15.12500	-105
15.13333	-105
15.14167	-105
15.15000	-106
15.15833	-106
15.16667	-106
15.17500	-106
15.18333	-106
15.19167	-105
15.20000	-105
15.20833	-105
15.21667	-104
15.22500	-104
15.23333	-104
15.24167	-105
15.25000	-105
15.25833	-105
15.26667	-105
15.27500	-105
15.28333	-105
15.29167	-105
15.30000	-105
15.30833	-105
15.31667	-104
15.32500	-104
15.33333	-104
15.34167	-104
15.35000	-104
15.35833	-104
15.36667	-104
15.37500	-104
15.38333	-103
15.39167	-103
15.40000	-103
15.40833	-103
15.41667	-103
15.42500	-103
15.43333	-103
15.44167	-103
15.45000	-103
15.45833	-103
15.46667	-102
15.47500	-102
15.48333	-102
15.49167	-102
15.50000	-102
15.50833	-102
15.51667	-102
15.52500	-103
15.53333	-103
15.54167	-103
15.55000	-103
15.55833	-103
15.56667	-103
15.57500	-103
15.58333	-103
15.59167	-102
15.60000	-102
15.60833	-102
15.61667	-102
15.62500	-101
15.63333	-101
15.64167	-101
15.65000	-101
15.65833	-100
15.66667	-100
15.67500	-100
15.68333	-99
15.69167	-99
15.70000	-99
15.70833	-99
15.71667	-99
15.72500	-99
15.73333	-98
15.74167	-98
15.75000	-98
15.75833	-98
15.76667	-97
15.77500	-97
15.78333	-97
15.79167	-96
15.80000	-96
15.80833	-96
15.81667	-96
15.82500	-95
15.83333	-95
15.84167	-94
15.85000	-94
15.85833	-94
15.86667	-95
15.87500	-95
15.88333	-95
15.89167	-94
15.90000	-94
15.90833	-94
15.91667	-95
15.92500	-95
15.93333	-94
15.94167	-94
15.95000	-93
15.95833	-93
15.96667	-93
15.97500	-92
15.98333	-92
15.99167	-92
16.00000	-92
16.00833	-92
16.01667	-91
16.02500	-91
16.03333	-90
16.04167	-90
16.05000	-90
16.05833	-90
16.06667	-91
16.07500	-90
16.08333	-90
16.09167	-89
16.10000	-88
16.10833	-88
16.11667	-87
16.12500	-87
16.13333	-86
16.14167	-86
16.15000	-86
16.15833	-85
16.16667	-85
16.17500	-85
16.18333	-85
16.19167	-85
16.20000	-85
16.20833	-84
16.21667	-84
16.22500	-84
16.23333	-83
16.24167	-83
16.25000	-83
16.25833	-82
16.26667	-82
16.27500	-81
16.28333	-81
16.29167	-81
16.30000	-81
16.30833	-80
16.31667	-80
16.32500	-80
16.33333	-79
16.34167	-79
16.35000	-78
16.35833	-78
16.36667	-77
16.37500	-77
16.38333	-77
16.39167	-76
16.40000	-76
16.40833	-77
16.41667	-77
16.42500	-76
16.43333	-76
16.44167	-76
16.45000	-76
16.45833	-76
16.46667	-76
16.47500	-75
16.48333	-75
16.49167	-75
16.50000	-75
16.50833	-75
16.51667	-74
16.52500	-74
16.53333	-74
16.54167	-74
16.55000	-74
16.55833	-74
16.56667	-74
16.57500	-74
16.58333	-73
16.59167	-73
16.60000	-72
16.60833	-72
16.61667	-71
16.62500	-71
16.63333	-70
16.64167	-70
16.65000	-69
16.65833	-69
16.66667	-68
16.67500	-68
16.68333	-68
16.69167	-67
16.70000	-67
16.70833	-66
16.71667	-66
16.72500	-65
16.73333	-65
16.74167	-65
16.75000	-65
16.75833	-64
16.76667	-64
16.77500	-64
16.78333	-63
16.79167	-63
16.80000	-62
16.80833	-61
16.81667	-61
16.82500	-61
16.83333	-60
16.84167	-60
16.85000	-60
16.85833	-59
16.86667	-59
16.87500	-59
16.88333	-58
16.89167	-58
16.90000	-57
16.90833	-57
16.91667	-56
16.92500	-56
16.93333	-55
16.94167	-55
16.95000	-55
16.95833	-54
16.96667	-54
16.97500	-54
16.98333	-53
16.99167	-53
17.00000	-52
17.00833	-52
17.01667	-51
17.02500	-51
17.03333	-51
17.04167	-51
17.05000	-51
17.05833	-50
17.06667	-50
17.07500	-49
17.08333	-49
17.09167	-48
17.10000	-48
17.10833	-47
17.11667	-47
17.12500	-46
17.13333	-46
17.14167	-46
17.15000	-46
17.15833	-45
17.16667	-45
17.17500	-44
17.18333	-44
17.19167	-43
17.20000	-43
17.20833	-43
17.21667	-42
17.22500	-42
17.23333	-42
17.24167	-42
17.25000	-41
17.25833	-41
17.26667	-40
17.27500	-39
17.28333	-39
17.29167	-38
17.30000	-38
17.30833	-37
17.31667	-37
17.32500	-36
17.33333	-36
17.34167	-35
17.35000	-35
17.35833	-35
17.36667	-34
17.37500	-34
17.38333	-34
17.39167	-34
17.40000	-34
17.40833	-33
17.41667	-32
17.42500	-32
17.43333	-31
17.44167	-30
17.45000	-30
17.45833	-29
17.46667	-29
17.47500	-28
17.48333	-28
17.49167	-28
17.50000	-27
17.50833	-27
17.51667	-26
17.52500	-25
17.53333	-24
17.54167	-24
17.55000	-23
17.55833	-22
17.56667	-22
17.57500	-21
17.58333	-20
17.59167	-19
17.60000	-19
17.60833	-19
17.61667	-18
17.62500	-18
17.63333	-17
17.64167	-17
17.65000	-17
17.65833	-16
17.66667	-15
17.67500	-15
17.68333	-14
17.69167	-13
17.70000	-13
17.70833	-12
17.71667	-12
17.72500	-12
17.73333	-11
17.74167	-11
17.75000	-10
17.75833	-9
17.76667	-9
17.77500	-9
17.78333	-9
17.79167	-9
17.80000	-8
17.80833	-8
17.81667	-7
17.82500	-6
17.83333	-6
17.84167	-5
17.85000	-5
17.85833	-5
17.86667	-4
17.87500	-4
17.88333	-3
17.89167	-3
17.90000	-2
17.90833	-2
17.91667	-1
17.92500	-1
17.93333	-0
17.94167	-0
17.95000	0
17.95833	1
17.96667	1
17.97500	1
17.98333	2
17.99167	2
18.00000	2
18.00833	3
18.01667	4
18.02500	5
18.03333	5
18.04167	6
18.05000	7
18.05833	7
18.06667	7
18.07500	7
18.08333	8
18.09167	8
18.10000	9
18.10833	10
18.11667	11
18.12500	11
18.13333	12
18.14167	13
18.15000	13
18.15833	14
18.16667	14
18.17500	15
18.18333	16
18.19167	16
18.20000	17
18.20833	17
18.21667	17
18.22500	18
18.23333	19
18.24167	20
18.25000	21
18.25833	21
18.26667	22
18.27500	22
18.28333	22
18.29167	23
18.30000	23
18.30833	23
18.31667	24
18.32500	24
18.33333	25
18.34167	25
18.35000	25
18.35833	25
18.36667	26
18.37500	27
18.38333	27
18.39167	28
18.40000	28
18.40833	29
18.41667	30
18.42500	30
18.43333	31
18.44167	31
18.45000	32
18.45833	32
18.46667	33
18.47500	34
18.48333	34
18.49167	35
18.50000	36
18.50833	36
18.51667	37
18.52500	38
18.53333	39
18.54167	39
18.55000	40
18.55833	40
18.56667	40
18.57500	40
18.58333	40
18.59167	41
18.60000	41
18.60833	42
18.61667	43
18.62500	44
18.63333	45
18.64167	46
18.65000	46
18.65833	47
18.66667	47
18.67500	48
18.68333	49
18.69167	49
18.70000	50
18.70833	51
18.71667	51
18.72500	52
18.73333	53
18.74167	53
18.75000	54
18.75833	54
18.76667	54
18.77500	55
18.78333	56
18.79167	57
18.80000	58
18.80833	58
18.81667	59
18.82500	60
18.83333	61
18.84167	61
18.85000	61
18.85833	62
18.86667	62
18.87500	63
18.88333	64
18.89167	65
18.90000	66
18.90833	66
18.91667	67
18.92500	68
18.93333	68
18.94167	69
18.95000	70
18.95833	70
18.96667	71
18.97500	72
18.98333	73
18.99167	73
19.00000	74
19.00833	75
19.01667	76
19.02500	77
19.03333	77
19.04167	78
19.05000	79
19.05833	80
19.06667	81
19.07500	81
19.08333	82
19.09167	83
19.10000	84
19.10833	84
19.11667	85
19.12500	86
19.13333	87
19.14167	87
19.15000	88
19.15833	89
19.16667	89
19.17500	90
19.18333	90
19.19167	90
19.20000	91
19.20833	92
19.21667	92
19.22500	93
19.23333	94
19.24167	95
19.25000	96
19.25833	96
19.26667	97
19.27500	98
19.28333	99
19.29167	100
19.30000	100
19.30833	100
19.31667	101
19.32500	101
19.33333	102
19.34167	103
19.35000	104
19.35833	105
19.36667	105
19.37500	106
19.38333	107
19.39167	108
19.40000	109
19.40833	110
19.41667	110
19.42500	111
19.43333	112
19.44167	112
19.45000	113
19.45833	114
19.46667	115
19.47500	116
19.48333	117
19.49167	118
19.50000	118
19.50833	119
19.51667	119
19.52500	120
19.53333	121
19.54167	122
19.55000	122
19.55833	123
19.56667	124
19.57500	125
19.58333	125
19.59167	126
19.60000	127
19.60833	128
19.61667	129
19.62500	129
19.63333	130
19.64167	130
19.65000	131
19.65833	132
19.66667	133
19.67500	134
19.68333	134
19.69167	135
19.70000	135
19.70833	136
19.71667	137
19.72500	137
19.73333	138
19.74167	139
19.75000	140
19.75833	141
19.76667	142
19.77500	142
19.78333	143
19.79167	143
19.80000	143
19.80833	144
19.81667	145
19.82500	146
19.83333	146
19.84167	147
19.85000	148
19.85833	149
19.86667	150
19.87500	151
19.88333	152
19.89167	153
19.90000	154
19.90833	154
19.91667	155
19.92500	155
19.93333	156
19.94167	156
19.95000	157
19.95833	157
19.96667	158
19.97500	159
19.98333	160
19.99167	161
20.00000	162
20.00833	162
20.01667	163
20.02500	164
20.03333	165
20.04167	166
20.05000	167
20.05833	168
20.06667	169
20.07500	170
20.08333	170
20.09167	170
20.10000	171
20.10833	171
20.11667	172
20.12500	173
20.13333	174
20.14167	175
20.15000	176
20.15833	176
20.16667	177
20.17500	178
20.18333	179
20.19167	180
20.20000	181
20.20833	182
20.21667	183
20.22500	184
20.23333	185
20.24167	186
20.25000	187
20.25833	188
20.26667	189
20.27500	189
20.28333	191
20.29167	192
20.30000	193
20.30833	194
20.31667	195
20.32500	196
20.33333	196
20.34167	197
20.35000	198
20.35833	199
20.36667	199
20.37500	200
20.38333	201
20.39167	202
20.40000	202
20.40833	203
20.41667	204
20.42500	205
20.43333	206
20.44167	207
20.45000	207
20.45833	207
20.46667	208
20.47500	208
20.48333	209
20.49167	209
20.50000	210
20.50833	211
20.51667	212
20.52500	213
20.53333	214
20.54167	214
20.55000	215
20.55833	216
20.56667	217
20.57500	218
20.58333	218
20.59167	219
20.60000	220
20.60833	221
20.61667	221
20.62500	222
20.63333	223
20.64167	224
20.65000	225
20.65833	226
20.66667	227
20.67500	228
20.68333	229
20.69167	229
20.70000	230
20.70833	231
20.71667	232
20.72500	233
20.73333	234
20.74167	235
20.75000	236
20.75833	237
20.76667	238
20.77500	239
20.78333	240
20.79167	241
20.80000	241
20.80833	242
20.81667	243
20.82500	243
20.83333	244
20.84167	245
20.85000	246
20.85833	246
20.86667	248
20.87500	248
20.88333	249
20.89167	249
20.90000	250
20.90833	250
20.91667	251
20.92500	252
20.93333	253
20.94167	254
20.95000	255
20.95833	256
20.96667	257
20.97500	258
20.98333	259
20.99167	260
21.00000	261
21.00833	262
21.01667	263
21.02500	264
21.03333	265
21.04167	266
21.05000	267
21.05833	267
21.06667	268
21.07500	268
21.08333	269
21.09167	270
21.10000	270
21.10833	270
21.11667	271
21.12500	271
21.13333	272
21.14167	273
21.15000	274
21.15833	275
21.16667	275
21.17500	276
21.18333	277
21.19167	277
21.20000	278
21.20833	278
21.21667	279
21.22500	280
21.23333	281
21.24167	282
21.25000	282
21.25833	283
21.26667	284
21.27500	285
21.28333	285
21.29167	286
21.30000	286
21.30833	286
21.31667	287
21.32500	287
21.33333	288
21.34167	289
21.35000	290
21.35833	291
21.36667	292
21.37500	293
21.38333	294
21.39167	295
21.40000	295
21.40833	296
21.41667	297
21.42500	298
21.43333	298
21.44167	299
21.45000	299
21.45833	299
21.46667	300
21.47500	301
21.48333	302
21.49167	302
21.50000	303
21.50833	304
21.51667	304
21.52500	305
21.53333	306
21.54167	307
21.55000	308
21.55833	309
21.56667	310
21.57500	310
21.58333	311
21.59167	311
21.60000	312
21.60833	313
21.61667	314
21.62500	315
21.63333	316
21.64167	316
21.65000	317
21.65833	318
21.66667	318
21.67500	319
21.68333	319
21.69167	320
21.70000	320
21.70833	321
21.71667	321
21.72500	322
21.73333	322
21.74167	323
21.75000	323
21.75833	324
21.76667	324
21.77500	325
21.78333	325
21.79167	326
21.80000	326
21.80833	327
21.81667	328
21.82500	328
21.83333	329
21.84167	329
21.85000	330
21.85833	331
21.86667	331
21.87500	332
21.88333	332
21.89167	332
21.90000	333
21.90833	333
21.91667	334
21.92500	334
21.93333	334
21.94167	335
21.95000	336
21.95833	336
21.96667	337
21.97500	337
21.98333	338
21.99167	339
22.00000	339
22.00833	340
22.01667	340
22.02500	340
22.03333	340
22.04167	340
22.05000	341
22.05833	341
22.06667	342
22.07500	342
22.08333	343
22.09167	343
22.10000	344
22.10833	344
22.11667	344
22.12500	344
22.13333	344
22.14167	344
22.15000	344
22.15833	344
22.16667	344
22.17500	344
22.18333	344
22.19167	343
22.20000	343
22.20833	342
22.21667	341
22.22500	341
22.23333	340
22.24167	339
22.25000	338
22.25833	337
22.26667	335
22.27500	333
22.28333	331
22.29167	329
22.30000	326
22.30833	322
22.31667	319
22.32500	315
22.33333	311
22.34167	306
22.35000	301
22.35833	295
22.36667	288
22.37500	281
22.38333	273
22.39167	265
22.40000	255
22.40833	244
22.41667	232
22.42500	219
22.43333	205
22.44167	191
22.45000	174
22.45833	157
22.46667	138
22.47500	118
22.48333	96
22.49167	73
22.50000	47
22.50833	20
22.51667	-9
22.52500	-40
22.53333	-74
22.54167	-109
22.55000	-146
22.55833	-186
22.56667	-229
22.57500	-274
22.58333	-321
22.59167	-370
22.60000	-422
22.60833	-477
22.61667	-534
22.62500	-593
22.63333	-655
22.64167	-719
22.65000	-786
22.65833	-854
22.66667	-925
22.67500	-997
22.68333	-1071
22.69167	-1147
22.70000	-1225
22.70833	-1303
22.71667	-1383
22.72500	-1464
22.73333	-1546
22.74167	-1628
22.75000	-1710
22.75833	-1792
22.76667	-1874
22.77500	-1955
22.78333	-2035
22.79167	-2115
22.80000	-2193
22.80833	-2269
22.81667	-2344
22.82500	-2416
22.83333	-2486
22.84167	-2554
22.85000	-2618
22.85833	-2679
22.86667	-2737
22.87500	-2791
22.88333	-2843
22.89167	-2890
22.90000	-2934
22.90833	-2974
22.91667	-3010
22.92500	-3041
22.93333	-3069
22.94167	-3092
22.95000	-3111
22.95833	-3125
22.96667	-3136
22.97500	-3143
22.98333	-3146
22.99167	-3145
23.00000	-3140
23.00833	-3132
23.01667	-3119
23.02500	-3103
23.03333	-3084
23.04167	-3062
23.05000	-3036
23.05833	-3008
23.06667	-2977
23.07500	-2943
23.08333	-2907
23.09167	-2869
23.10000	-2830
23.10833	-2788
23.11667	-2745
23.12500	-2700
23.13333	-2654
23.14167	-2606
23.15000	-2558
23.15833	-2509
23.16667	-2459
23.17500	-2409
23.18333	-2358
23.19167	-2307
23.20000	-2256
23.20833	-2204
23.21667	-2152
23.22500	-2100
23.23333	-2049
23.24167	-1998
23.25000	-1948
23.25833	-1898
23.26667	-1849
23.27500	-1800
23.28333	-1752
23.29167	-1705
23.30000	-1658
23.30833	-1613
23.31667	-1569
23.32500	-1525
23.33333	-1482
23.34167	-1440
23.35000	-1399
23.35833	-1359
23.36667	-1319
23.37500	-1281
23.38333	-1244
23.39167	-1208
23.40000	-1173
23.40833	-1139
23.41667	-1106
23.42500	-1074
23.43333	-1044
23.44167	-1013
23.45000	-984
23.45833	-956
23.46667	-928
23.47500	-902
23.48333	-876
23.49167	-852
23.50000	-828
23.50833	-806
23.51667	-784
23.52500	-762
23.53333	-742
23.54167	-722
23.55000	-702
23.55833	-684
23.56667	-666
23.57500	-649
23.58333	-632
23.59167	-616
23.60000	-601
23.60833	-586
23.61667	-571
23.62500	-557
23.63333	-543
23.64167	-530
23.65000	-517
23.65833	-505
23.66667	-492
23.67500	-481
23.68333	-469
23.69167	-457
23.70000	-446
23.70833	-436
23.71667	-425
23.72500	-415
23.73333	-404
23.74167	-394
23.75000	-383
23.75833	-373
23.76667	-363
23.77500	-353
23.78333	-342
23.79167	-333
23.80000	-322
23.80833	-312
23.81667	-302
23.82500	-292
23.83333	-282
23.84167	-271
23.85000	-261
23.85833	-251
23.86667	-240
23.87500	-230
23.88333	-219
23.89167	-209
23.90000	-198
23.90833	-187
23.91667	-177
23.92500	-166
23.93333	-156
23.94167	-145
23.95000	-134
23.95833	-124
23.96667	-114
23.97500	-103
23.98333	-93
23.99167	-84
24.00000	-74
24.00833	-65
24.01667	-55
24.02500	-47
24.03333	-38
24.04167	-30
24.05000	-22
24.05833	-15
24.06667	-7
24.07500	-1
24.08333	6
24.09167	11
24.10000	16
24.10833	21
24.11667	25
24.12500	28
24.13333	31
24.14167	33
24.15000	35
24.15833	36
24.16667	36
24.17500	35
24.18333	34
24.19167	32
24.20000	29
24.20833	25
24.21667	21
24.22500	16
24.23333	10
24.24167	3
24.25000	-5
24.25833	-13
24.26667	-23
24.27500	-33
24.28333	-44
24.29167	-56
24.30000	-69
24.30833	-82
24.31667	-96
24.32500	-111
24.33333	-126
24.34167	-141
24.35000	-158
24.35833	-175
24.36667	-192
24.37500	-210
24.38333	-228
24.39167	-247
24.40000	-265
24.40833	-285
24.41667	-304
24.42500	-323
24.43333	-342
24.44167	-361
24.45000	-380
24.45833	-399
24.46667	-417
24.47500	-436
24.48333	-454
24.49167	-471
24.50000	-488
24.50833	-504
24.51667	-519
24.52500	-534
24.53333	-548
24.54167	-561
24.55000	-573
24.55833	-584
24.56667	-595
24.57500	-604
24.58333	-612
24.59167	-619
24.60000	-625
24.60833	-630
24.61667	-633
24.62500	-636
24.63333	-638
24.64167	-638
24.65000	-637
24.65833	-636
24.66667	-633
24.67500	-629
24.68333	-625
24.69167	-618
24.70000	-611
24.70833	-604
24.71667	-595
24.72500	-585
24.73333	-575
24.74167	-564
24.75000	-552
24.75833	-539
24.76667	-526
24.77500	-512
24.78333	-497
24.79167	-482
24.80000	-467
24.80833	-451
24.81667	-435
24.82500	-419
24.83333	-403
24.84167	-387
24.85000	-371
24.85833	-354
24.86667	-337
24.87500	-321
24.88333	-305
24.89167	-288
24.90000	-271
24.90833	-254
24.91667	-238
24.92500	-222
24.93333	-206
24.94167	-191
24.95000	-175
24.95833	-160
24.96667	-145
24.97500	-131
24.98333	-117
24.99167	-103
25.00000	-89
25.00833	-76
25.01667	-63
25.02500	-50
25.03333	-38
25.04167	-27
25.05000	-15
25.05833	-4
25.06667	7
25.07500	17
25.08333	27
25.09167	37
25.10000	46
25.10833	55
25.11667	63
25.12500	72
25.13333	80
25.14167	88
25.15000	96
25.15833	103
25.16667	110
25.17500	117
25.18333	123
25.19167	129
25.20000	135
25.20833	140
25.21667	146
25.22500	150
25.23333	155
25.24167	159
25.25000	163
25.25833	167
25.26667	171
25.27500	174
25.28333	178
25.29167	181
25.30000	184
25.30833	187
25.31667	190
25.32500	193
25.33333	195
25.34167	198
25.35000	200
25.35833	202
25.36667	204
25.37500	206
25.38333	208
25.39167	210
25.40000	212
25.40833	214
25.41667	216
25.42500	217
25.43333	219
25.44167	220
25.45000	222
25.45833	224
25.46667	225
25.47500	226
25.48333	227
25.49167	228
25.50000	229
25.50833	230
25.51667	231
25.52500	232
25.53333	233
25.54167	233
25.55000	234
25.55833	234
25.56667	235
25.57500	235
25.58333	236
25.59167	237
25.60000	237
25.60833	238
25.61667	238
25.62500	239
25.63333	239
25.64167	240
25.65000	240
25.65833	241
25.66667	241
25.67500	241
25.68333	241
25.69167	241
25.70000	241
25.70833	241
25.71667	241
25.72500	241
25.73333	242
25.74167	242
25.75000	242
25.75833	242
25.76667	242
25.77500	242
25.78333	242
25.79167	242
25.80000	241
25.80833	241
25.81667	241
25.82500	241
25.83333	241
25.84167	240
25.85000	239
25.85833	239
25.86667	238
25.87500	238
25.88333	238
25.89167	238
25.90000	237
25.90833	236
25.91667	236
25.92500	235
25.93333	235
25.94167	234
25.95000	233
25.95833	233
25.96667	233
25.97500	233
25.98333	232
25.99167	232
26.00000	231
26.00833	231
26.01667	230
26.02500	229
26.03333	228
26.04167	227
26.05000	226
26.05833	226
26.06667	225
26.07500	224
26.08333	224
26.09167	224
26.10000	223
26.10833	222
26.11667	222
26.12500	221
26.13333	221
26.14167	220
26.15000	220
26.15833	219
26.16667	219
26.17500	218
26.18333	217
26.19167	216
26.20000	216
26.20833	215
26.21667	215
26.22500	215
26.23333	214
26.24167	213
26.25000	213
26.25833	212
26.26667	212
26.27500	211
26.28333	210
26.29167	210
26.30000	210
26.30833	209
26.31667	209
26.32500	208
26.33333	207
26.34167	206
26.35000	206
26.35833	205
26.36667	205
26.37500	205
26.38333	205
26.39167	204
26.40000	203
26.40833	203
26.41667	202
26.42500	202
26.43333	202
26.44167	201
26.45000	200
26.45833	200
26.46667	199
26.47500	199
26.48333	198
26.49167	198
26.50000	197
26.50833	197
26.51667	197
26.52500	196
26.53333	195
26.54167	195
26.55000	194
26.55833	194
26.56667	193
26.57500	193
26.58333	192
26.59167	191
26.60000	191
26.60833	191
26.61667	191
26.62500	191
26.63333	191
26.64167	190
26.65000	190
26.65833	189
26.66667	188
26.67500	188
26.68333	187
26.69167	187
26.70000	186
26.70833	186
26.71667	185
26.72500	184
26.73333	184
26.74167	183
26.75000	182
26.75833	182
26.76667	182
26.77500	181
26.78333	181
26.79167	180
26.80000	180
26.80833	179
26.81667	179
26.82500	179
26.83333	179
26.84167	179
26.85000	179
26.85833	178
26.86667	178
26.87500	177
26.88333	176
26.89167	176
26.90000	175
26.90833	174
26.91667	173
26.92500	172
26.93333	172
26.94167	172
26.95000	171
26.95833	171
26.96667	171
26.97500	170
26.98333	169
26.99167	168
27.00000	168
27.00833	167
27.01667	166
27.02500	165
27.03333	165
27.04167	164
27.05000	163
27.05833	163
27.06667	162
27.07500	161
27.08333	161
27.09167	160
27.10000	159
27.10833	158
27.11667	157
27.12500	157
27.13333	156
27.14167	155
27.15000	154
27.15833	153
27.16667	152
27.17500	151
27.18333	150
27.19167	149
27.20000	148
27.20833	147
27.21667	146
27.22500	145
27.23333	144
27.24167	143
27.25000	142
27.25833	141
27.26667	140
27.27500	139
27.28333	138
27.29167	137
27.30000	136
27.30833	134
27.31667	133
27.32500	132
27.33333	131
27.34167	130
27.35000	129
27.35833	128
27.36667	127
27.37500	126
27.38333	125
27.39167	124
27.40000	123
27.40833	122
27.41667	121
27.42500	120
27.43333	119
27.44167	118
27.45000	117
27.45833	116
27.46667	115
27.47500	114
27.48333	114
27.49167	113
27.50000	112
27.50833	112
27.51667	111
27.52500	110
27.53333	110
27.54167	109
27.55000	108
27.55833	108
27.56667	107
27.57500	107
27.58333	106
27.59167	105
27.60000	104
27.60833	103
27.61667	103
27.62500	102
27.63333	102
27.64167	101
27.65000	100
27.65833	100
27.66667	99
27.67500	99
27.68333	98
27.69167	97
27.70000	95
27.70833	94
27.71667	93
27.72500	92
27.73333	92
27.74167	91
27.75000	90
27.75833	89
27.76667	89
27.77500	88
27.78333	87
27.79167	86
27.80000	86
27.80833	85
27.81667	84
27.82500	83
27.83333	83
27.84167	82
27.85000	81
27.85833	80
27.86667	79
27.87500	78
27.88333	77
27.89167	76
27.90000	75
27.90833	75
27.91667	74
27.92500	74
27.93333	73
27.94167	72
27.95000	71
27.95833	71
27.96667	70
27.97500	69
27.98333	69
27.99167	68
28.00000	68

