R.Time (min)	Intensity
0.00000	-26
0.00833	-26
0.01667	-1
0.02500	-1
0.03333	-3
0.04167	-4
0.05000	-5
0.05833	-6
0.06667	-7
0.07500	-9
0.08333	-9
0.09167	-10
0.10000	-11
0.10833	-11
0.11667	-12
0.12500	-13
0.13333	-13
0.14167	-13
0.15000	-14
0.15833	-15
0.16667	-15
0.17500	-16
0.18333	-17
0.19167	-17
0.20000	-17
0.20833	-18
0.21667	-18
0.22500	-19
0.23333	-19
0.24167	-20
0.25000	-21
0.25833	-22
0.26667	-22
0.27500	-23
0.28333	-24
0.29167	-24
0.30000	-24
0.30833	-24
0.31667	-25
0.32500	-26
0.33333	-27
0.34167	-28
0.35000	-28
0.35833	-29
0.36667	-29
0.37500	-30
0.38333	-30
0.39167	-31
0.40000	-31
0.40833	-32
0.41667	-32
0.42500	-33
0.43333	-33
0.44167	-34
0.45000	-34
0.45833	-35
0.46667	-35
0.47500	-36
0.48333	-36
0.49167	-37
0.50000	-37
0.50833	-38
0.51667	-38
0.52500	-39
0.53333	-40
0.54167	-40
0.55000	-41
0.55833	-41
0.56667	-41
0.57500	-42
0.58333	-42
0.59167	-42
0.60000	-42
0.60833	-42
0.61667	-42
0.62500	-42
0.63333	-43
0.64167	-43
0.65000	-44
0.65833	-44
0.66667	-44
0.67500	-45
0.68333	-45
0.69167	-46
0.70000	-46
0.70833	-47
0.71667	-48
0.72500	-48
0.73333	-49
0.74167	-49
0.75000	-50
0.75833	-50
0.76667	-50
0.77500	-51
0.78333	-51
0.79167	-51
0.80000	-51
0.80833	-52
0.81667	-52
0.82500	-53
0.83333	-54
0.84167	-54
0.85000	-55
0.85833	-55
0.86667	-56
0.87500	-56
0.88333	-56
0.89167	-57
0.90000	-57
0.90833	-57
0.91667	-57
0.92500	-58
0.93333	-58
0.94167	-58
0.95000	-58
0.95833	-59
0.96667	-59
0.97500	-60
0.98333	-60
0.99167	-60
1.00000	-61
1.00833	-61
1.01667	-61
1.02500	-61
1.03333	-62
1.04167	-62
1.05000	-63
1.05833	-63
1.06667	-63
1.07500	-64
1.08333	-64
1.09167	-65
1.10000	-65
1.10833	-65
1.11667	-66
1.12500	-66
1.13333	-66
1.14167	-67
1.15000	-68
1.15833	-68
1.16667	-69
1.17500	-69
1.18333	-70
1.19167	-70
1.20000	-71
1.20833	-71
1.21667	-71
1.22500	-71
1.23333	-71
1.24167	-72
1.25000	-72
1.25833	-72
1.26667	-73
1.27500	-73
1.28333	-73
1.29167	-74
1.30000	-74
1.30833	-75
1.31667	-75
1.32500	-76
1.33333	-76
1.34167	-76
1.35000	-76
1.35833	-77
1.36667	-77
1.37500	-78
1.38333	-79
1.39167	-79
1.40000	-79
1.40833	-79
1.41667	-79
1.42500	-80
1.43333	-80
1.44167	-81
1.45000	-81
1.45833	-81
1.46667	-82
1.47500	-82
1.48333	-83
1.49167	-83
1.50000	-84
1.50833	-85
1.51667	-86
1.52500	-86
1.53333	-86
1.54167	-87
1.55000	-87
1.55833	-87
1.56667	-87
1.57500	-87
1.58333	-87
1.59167	-88
1.60000	-89
1.60833	-89
1.61667	-90
1.62500	-90
1.63333	-90
1.64167	-91
1.65000	-91
1.65833	-91
1.66667	-91
1.67500	-91
1.68333	-92
1.69167	-92
1.70000	-92
1.70833	-93
1.71667	-93
1.72500	-94
1.73333	-94
1.74167	-95
1.75000	-95
1.75833	-96
1.76667	-96
1.77500	-97
1.78333	-98
1.79167	-98
1.80000	-98
1.80833	-99
1.81667	-98
1.82500	-98
1.83333	-99
1.84167	-99
1.85000	-100
1.85833	-100
1.86667	-101
1.87500	-101
1.88333	-102
1.89167	-102
1.90000	-102
1.90833	-103
1.91667	-103
1.92500	-103
1.93333	-103
1.94167	-104
1.95000	-104
1.95833	-105
1.96667	-106
1.97500	-106
1.98333	-106
1.99167	-106
2.00000	-106
2.00833	-106
2.01667	-107
2.02500	-107
2.03333	-107
2.04167	-108
2.05000	-108
2.05833	-109
2.06667	-109
2.07500	-109
2.08333	-110
2.09167	-110
2.10000	-110
2.10833	-111
2.11667	-111
2.12500	-111
2.13333	-112
2.14167	-112
2.15000	-113
2.15833	-113
2.16667	-114
2.17500	-114
2.18333	-114
2.19167	-115
2.20000	-115
2.20833	-116
2.21667	-116
2.22500	-116
2.23333	-116
2.24167	-116
2.25000	-116
2.25833	-117
2.26667	-117
2.27500	-117
2.28333	-117
2.29167	-118
2.30000	-118
2.30833	-118
2.31667	-119
2.32500	-119
2.33333	-119
2.34167	-119
2.35000	-119
2.35833	-119
2.36667	-120
2.37500	-120
2.38333	-120
2.39167	-120
2.40000	-120
2.40833	-120
2.41667	-120
2.42500	-120
2.43333	-121
2.44167	-121
2.45000	-121
2.45833	-121
2.46667	-121
2.47500	-121
2.48333	-121
2.49167	-121
2.50000	-121
2.50833	-121
2.51667	-122
2.52500	-122
2.53333	-122
2.54167	-123
2.55000	-123
2.55833	-123
2.56667	-123
2.57500	-124
2.58333	-124
2.59167	-124
2.60000	-123
2.60833	-123
2.61667	-123
2.62500	-124
2.63333	-124
2.64167	-124
2.65000	-124
2.65833	-124
2.66667	-124
2.67500	-125
2.68333	-124
2.69167	-125
2.70000	-125
2.70833	-125
2.71667	-126
2.72500	-127
2.73333	-127
2.74167	-127
2.75000	-127
2.75833	-127
2.76667	-128
2.77500	-128
2.78333	-128
2.79167	-128
2.80000	-129
2.80833	-129
2.81667	-129
2.82500	-130
2.83333	-130
2.84167	-131
2.85000	-131
2.85833	-131
2.86667	-131
2.87500	-131
2.88333	-131
2.89167	-131
2.90000	-131
2.90833	-131
2.91667	-131
2.92500	-131
2.93333	-131
2.94167	-131
2.95000	-131
2.95833	-131
2.96667	-132
2.97500	-132
2.98333	-132
2.99167	-132
3.00000	-132
3.00833	-132
3.01667	-132
3.02500	-132
3.03333	-132
3.04167	-132
3.05000	-132
3.05833	-132
3.06667	-132
3.07500	-133
3.08333	-133
3.09167	-133
3.10000	-133
3.10833	-134
3.11667	-134
3.12500	-133
3.13333	-133
3.14167	-133
3.15000	-134
3.15833	-134
3.16667	-134
3.17500	-134
3.18333	-134
3.19167	-134
3.20000	-134
3.20833	-134
3.21667	-134
3.22500	-134
3.23333	-134
3.24167	-135
3.25000	-135
3.25833	-135
3.26667	-136
3.27500	-136
3.28333	-136
3.29167	-137
3.30000	-137
3.30833	-137
3.31667	-137
3.32500	-137
3.33333	-138
3.34167	-138
3.35000	-138
3.35833	-139
3.36667	-139
3.37500	-139
3.38333	-139
3.39167	-140
3.40000	-140
3.40833	-140
3.41667	-140
3.42500	-140
3.43333	-140
3.44167	-141
3.45000	-141
3.45833	-141
3.46667	-141
3.47500	-141
3.48333	-142
3.49167	-142
3.50000	-142
3.50833	-143
3.51667	-143
3.52500	-143
3.53333	-144
3.54167	-145
3.55000	-145
3.55833	-145
3.56667	-145
3.57500	-145
3.58333	-146
3.59167	-146
3.60000	-146
3.60833	-146
3.61667	-146
3.62500	-146
3.63333	-146
3.64167	-146
3.65000	-146
3.65833	-146
3.66667	-146
3.67500	-146
3.68333	-146
3.69167	-147
3.70000	-147
3.70833	-147
3.71667	-147
3.72500	-147
3.73333	-147
3.74167	-147
3.75000	-147
3.75833	-148
3.76667	-148
3.77500	-149
3.78333	-149
3.79167	-149
3.80000	-149
3.80833	-149
3.81667	-149
3.82500	-149
3.83333	-149
3.84167	-149
3.85000	-149
3.85833	-149
3.86667	-149
3.87500	-149
3.88333	-149
3.89167	-149
3.90000	-149
3.90833	-149
3.91667	-149
3.92500	-149
3.93333	-149
3.94167	-149
3.95000	-149
3.95833	-149
3.96667	-148
3.97500	-148
3.98333	-149
3.99167	-149
4.00000	-149
4.00833	-149
4.01667	-149
4.02500	-149
4.03333	-149
4.04167	-149
4.05000	-149
4.05833	-149
4.06667	-149
4.07500	-150
4.08333	-150
4.09167	-150
4.10000	-150
4.10833	-151
4.11667	-151
4.12500	-151
4.13333	-152
4.14167	-152
4.15000	-151
4.15833	-151
4.16667	-151
4.17500	-152
4.18333	-152
4.19167	-153
4.20000	-153
4.20833	-153
4.21667	-153
4.22500	-153
4.23333	-153
4.24167	-154
4.25000	-154
4.25833	-154
4.26667	-154
4.27500	-154
4.28333	-154
4.29167	-154
4.30000	-154
4.30833	-154
4.31667	-153
4.32500	-154
4.33333	-154
4.34167	-154
4.35000	-154
4.35833	-155
4.36667	-155
4.37500	-155
4.38333	-155
4.39167	-155
4.40000	-155
4.40833	-155
4.41667	-155
4.42500	-156
4.43333	-156
4.44167	-156
4.45000	-156
4.45833	-156
4.46667	-155
4.47500	-155
4.48333	-156
4.49167	-156
4.50000	-156
4.50833	-156
4.51667	-156
4.52500	-155
4.53333	-155
4.54167	-155
4.55000	-155
4.55833	-155
4.56667	-155
4.57500	-155
4.58333	-155
4.59167	-155
4.60000	-155
4.60833	-155
4.61667	-155
4.62500	-155
4.63333	-155
4.64167	-155
4.65000	-155
4.65833	-154
4.66667	-155
4.67500	-155
4.68333	-155
4.69167	-155
4.70000	-155
4.70833	-155
4.71667	-155
4.72500	-155
4.73333	-155
4.74167	-155
4.75000	-156
4.75833	-156
4.76667	-156
4.77500	-156
4.78333	-156
4.79167	-156
4.80000	-156
4.80833	-156
4.81667	-156
4.82500	-156
4.83333	-156
4.84167	-156
4.85000	-156
4.85833	-156
4.86667	-156
4.87500	-156
4.88333	-156
4.89167	-156
4.90000	-156
4.90833	-156
4.91667	-156
4.92500	-156
4.93333	-156
4.94167	-156
4.95000	-156
4.95833	-156
4.96667	-156
4.97500	-156
4.98333	-156
4.99167	-157
5.00000	-157
5.00833	-157
5.01667	-157
5.02500	-156
5.03333	-156
5.04167	-156
5.05000	-156
5.05833	-156
5.06667	-156
5.07500	-156
5.08333	-156
5.09167	-156
5.10000	-157
5.10833	-157
5.11667	-157
5.12500	-157
5.13333	-157
5.14167	-157
5.15000	-157
5.15833	-157
5.16667	-157
5.17500	-157
5.18333	-157
5.19167	-157
5.20000	-157
5.20833	-157
5.21667	-157
5.22500	-156
5.23333	-157
5.24167	-157
5.25000	-157
5.25833	-157
5.26667	-157
5.27500	-157
5.28333	-157
5.29167	-157
5.30000	-157
5.30833	-158
5.31667	-157
5.32500	-157
5.33333	-157
5.34167	-157
5.35000	-157
5.35833	-157
5.36667	-157
5.37500	-157
5.38333	-157
5.39167	-158
5.40000	-158
5.40833	-158
5.41667	-159
5.42500	-159
5.43333	-159
5.44167	-158
5.45000	-159
5.45833	-159
5.46667	-159
5.47500	-159
5.48333	-159
5.49167	-159
5.50000	-160
5.50833	-160
5.51667	-159
5.52500	-159
5.53333	-159
5.54167	-160
5.55000	-160
5.55833	-160
5.56667	-160
5.57500	-160
5.58333	-160
5.59167	-160
5.60000	-160
5.60833	-161
5.61667	-161
5.62500	-161
5.63333	-161
5.64167	-162
5.65000	-162
5.65833	-161
5.66667	-161
5.67500	-161
5.68333	-161
5.69167	-161
5.70000	-161
5.70833	-161
5.71667	-161
5.72500	-161
5.73333	-162
5.74167	-162
5.75000	-162
5.75833	-161
5.76667	-161
5.77500	-161
5.78333	-161
5.79167	-161
5.80000	-161
5.80833	-161
5.81667	-161
5.82500	-161
5.83333	-162
5.84167	-162
5.85000	-162
5.85833	-162
5.86667	-162
5.87500	-162
5.88333	-161
5.89167	-161
5.90000	-162
5.90833	-162
5.91667	-162
5.92500	-162
5.93333	-162
5.94167	-162
5.95000	-162
5.95833	-162
5.96667	-162
5.97500	-161
5.98333	-161
5.99167	-161
6.00000	-160
6.00833	-160
6.01667	-160
6.02500	-160
6.03333	-160
6.04167	-160
6.05000	-160
6.05833	-160
6.06667	-161
6.07500	-161
6.08333	-161
6.09167	-161
6.10000	-161
6.10833	-160
6.11667	-160
6.12500	-160
6.13333	-160
6.14167	-160
6.15000	-160
6.15833	-160
6.16667	-160
6.17500	-160
6.18333	-160
6.19167	-160
6.20000	-160
6.20833	-160
6.21667	-160
6.22500	-160
6.23333	-160
6.24167	-160
6.25000	-160
6.25833	-159
6.26667	-160
6.27500	-160
6.28333	-160
6.29167	-161
6.30000	-161
6.30833	-161
6.31667	-161
6.32500	-161
6.33333	-161
6.34167	-160
6.35000	-160
6.35833	-160
6.36667	-159
6.37500	-159
6.38333	-158
6.39167	-158
6.40000	-157
6.40833	-157
6.41667	-158
6.42500	-158
6.43333	-157
6.44167	-157
6.45000	-157
6.45833	-157
6.46667	-158
6.47500	-158
6.48333	-158
6.49167	-158
6.50000	-158
6.50833	-158
6.51667	-158
6.52500	-157
6.53333	-157
6.54167	-156
6.55000	-155
6.55833	-155
6.56667	-155
6.57500	-155
6.58333	-155
6.59167	-155
6.60000	-155
6.60833	-155
6.61667	-155
6.62500	-155
6.63333	-155
6.64167	-155
6.65000	-154
6.65833	-154
6.66667	-154
6.67500	-154
6.68333	-154
6.69167	-154
6.70000	-154
6.70833	-154
6.71667	-154
6.72500	-154
6.73333	-154
6.74167	-154
6.75000	-154
6.75833	-154
6.76667	-154
6.77500	-154
6.78333	-153
6.79167	-153
6.80000	-153
6.80833	-153
6.81667	-154
6.82500	-154
6.83333	-153
6.84167	-153
6.85000	-153
6.85833	-153
6.86667	-153
6.87500	-153
6.88333	-152
6.89167	-152
6.90000	-152
6.90833	-152
6.91667	-152
6.92500	-151
6.93333	-151
6.94167	-150
6.95000	-150
6.95833	-149
6.96667	-149
6.97500	-148
6.98333	-148
6.99167	-147
7.00000	-146
7.00833	-145
7.01667	-143
7.02500	-142
7.03333	-140
7.04167	-138
7.05000	-136
7.05833	-133
7.06667	-130
7.07500	-126
7.08333	-122
7.09167	-116
7.10000	-110
7.10833	-103
7.11667	-94
7.12500	-85
7.13333	-74
7.14167	-62
7.15000	-49
7.15833	-33
7.16667	-16
7.17500	3
7.18333	25
7.19167	49
7.20000	76
7.20833	105
7.21667	137
7.22500	171
7.23333	208
7.24167	246
7.25000	285
7.25833	326
7.26667	366
7.27500	405
7.28333	440
7.29167	471
7.30000	495
7.30833	510
7.31667	516
7.32500	514
7.33333	506
7.34167	496
7.35000	493
7.35833	509
7.36667	557
7.37500	655
7.38333	821
7.39167	1075
7.40000	1438
7.40833	1929
7.41667	2564
7.42500	3355
7.43333	4310
7.44167	5429
7.45000	6705
7.45833	8123
7.46667	9658
7.47500	11273
7.48333	12921
7.49167	14545
7.50000	16080
7.50833	17459
7.51667	18615
7.52500	19486
7.53333	20028
7.54167	20214
7.55000	20039
7.55833	19522
7.56667	18702
7.57500	17633
7.58333	16379
7.59167	15008
7.60000	13583
7.60833	12163
7.61667	10794
7.62500	9512
7.63333	8340
7.64167	7291
7.65000	6368
7.65833	5568
7.66667	4883
7.67500	4303
7.68333	3813
7.69167	3401
7.70000	3055
7.70833	2763
7.71667	2515
7.72500	2304
7.73333	2122
7.74167	1964
7.75000	1824
7.75833	1700
7.76667	1589
7.77500	1488
7.78333	1396
7.79167	1312
7.80000	1234
7.80833	1162
7.81667	1095
7.82500	1032
7.83333	973
7.84167	916
7.85000	863
7.85833	813
7.86667	766
7.87500	721
7.88333	678
7.89167	638
7.90000	601
7.90833	565
7.91667	532
7.92500	501
7.93333	472
7.94167	445
7.95000	420
7.95833	397
7.96667	377
7.97500	358
7.98333	341
7.99167	327
8.00000	314
8.00833	303
8.01667	293
8.02500	284
8.03333	275
8.04167	267
8.05000	260
8.05833	253
8.06667	246
8.07500	240
8.08333	234
8.09167	227
8.10000	221
8.10833	215
8.11667	209
8.12500	204
8.13333	198
8.14167	193
8.15000	187
8.15833	182
8.16667	177
8.17500	173
8.18333	169
8.19167	165
8.20000	161
8.20833	158
8.21667	154
8.22500	151
8.23333	149
8.24167	147
8.25000	145
8.25833	143
8.26667	141
8.27500	139
8.28333	138
8.29167	137
8.30000	135
8.30833	134
8.31667	134
8.32500	133
8.33333	132
8.34167	132
8.35000	131
8.35833	131
8.36667	131
8.37500	131
8.38333	131
8.39167	131
8.40000	131
8.40833	131
8.41667	131
8.42500	132
8.43333	132
8.44167	132
8.45000	133
8.45833	133
8.46667	133
8.47500	133
8.48333	132
8.49167	132
8.50000	131
8.50833	129
8.51667	128
8.52500	126
8.53333	124
8.54167	122
8.55000	120
8.55833	118
8.56667	116
8.57500	113
8.58333	111
8.59167	109
8.60000	107
8.60833	105
8.61667	103
8.62500	101
8.63333	99
8.64167	97
8.65000	96
8.65833	95
8.66667	93
8.67500	92
8.68333	91
8.69167	91
8.70000	90
8.70833	90
8.71667	90
8.72500	91
8.73333	91
8.74167	92
8.75000	93
8.75833	95
8.76667	97
8.77500	100
8.78333	103
8.79167	106
8.80000	111
8.80833	116
8.81667	122
8.82500	129
8.83333	137
8.84167	147
8.85000	158
8.85833	172
8.86667	189
8.87500	210
8.88333	234
8.89167	264
8.90000	300
8.90833	341
8.91667	390
8.92500	447
8.93333	513
8.94167	588
8.95000	672
8.95833	766
8.96667	869
8.97500	981
8.98333	1100
8.99167	1224
9.00000	1353
9.00833	1483
9.01667	1613
9.02500	1741
9.03333	1862
9.04167	1976
9.05000	2078
9.05833	2167
9.06667	2242
9.07500	2300
9.08333	2340
9.09167	2362
9.10000	2366
9.10833	2353
9.11667	2322
9.12500	2276
9.13333	2216
9.14167	2144
9.15000	2061
9.15833	1970
9.16667	1873
9.17500	1772
9.18333	1668
9.19167	1563
9.20000	1459
9.20833	1358
9.21667	1259
9.22500	1164
9.23333	1074
9.24167	989
9.25000	910
9.25833	836
9.26667	768
9.27500	706
9.28333	649
9.29167	598
9.30000	552
9.30833	511
9.31667	475
9.32500	443
9.33333	415
9.34167	391
9.35000	371
9.35833	354
9.36667	342
9.37500	334
9.38333	329
9.39167	330
9.40000	335
9.40833	346
9.41667	362
9.42500	386
9.43333	419
9.44167	462
9.45000	517
9.45833	587
9.46667	675
9.47500	785
9.48333	920
9.49167	1084
9.50000	1284
9.50833	1524
9.51667	1809
9.52500	2146
9.53333	2538
9.54167	2991
9.55000	3509
9.55833	4094
9.56667	4747
9.57500	5468
9.58333	6255
9.59167	7102
9.60000	8004
9.60833	8951
9.61667	9934
9.62500	10938
9.63333	11950
9.64167	12954
9.65000	13936
9.65833	14878
9.66667	15765
9.67500	16583
9.68333	17319
9.69167	17961
9.70000	18502
9.70833	18936
9.71667	19261
9.72500	19475
9.73333	19583
9.74167	19589
9.75000	19503
9.75833	19335
9.76667	19095
9.77500	18797
9.78333	18455
9.79167	18081
9.80000	17690
9.80833	17294
9.81667	16905
9.82500	16533
9.83333	16188
9.84167	15879
9.85000	15612
9.85833	15391
9.86667	15222
9.87500	15106
9.88333	15045
9.89167	15039
9.90000	15088
9.90833	15190
9.91667	15344
9.92500	15547
9.93333	15797
9.94167	16090
9.95000	16423
9.95833	16794
9.96667	17198
9.97500	17633
9.98333	18095
9.99167	18580
10.00000	19086
10.00833	19608
10.01667	20143
10.02500	20686
10.03333	21233
10.04167	21776
10.05000	22303
10.05833	22800
10.06667	23244
10.07500	23605
10.08333	23848
10.09167	23933
10.10000	23822
10.10833	23482
10.11667	22893
10.12500	22051
10.13333	20971
10.14167	19685
10.15000	18241
10.15833	16692
10.16667	15096
10.17500	13506
10.18333	11970
10.19167	10524
10.20000	9192
10.20833	7989
10.21667	6920
10.22500	5984
10.23333	5173
10.24167	4478
10.25000	3887
10.25833	3385
10.26667	2963
10.27500	2607
10.28333	2308
10.29167	2056
10.30000	1842
10.30833	1662
10.31667	1508
10.32500	1375
10.33333	1261
10.34167	1161
10.35000	1073
10.35833	995
10.36667	925
10.37500	862
10.38333	805
10.39167	753
10.40000	705
10.40833	661
10.41667	621
10.42500	584
10.43333	551
10.44167	520
10.45000	492
10.45833	467
10.46667	445
10.47500	426
10.48333	411
10.49167	398
10.50000	389
10.50833	384
10.51667	383
10.52500	385
10.53333	392
10.54167	402
10.55000	417
10.55833	437
10.56667	461
10.57500	491
10.58333	527
10.59167	570
10.60000	620
10.60833	679
10.61667	748
10.62500	828
10.63333	921
10.64167	1031
10.65000	1159
10.65833	1310
10.66667	1489
10.67500	1701
10.68333	1953
10.69167	2254
10.70000	2612
10.70833	3038
10.71667	3545
10.72500	4145
10.73333	4853
10.74167	5683
10.75000	6652
10.75833	7773
10.76667	9060
10.77500	10523
10.78333	12171
10.79167	14008
10.80000	16033
10.80833	18239
10.81667	20613
10.82500	23135
10.83333	25778
10.84167	28510
10.85000	31290
10.85833	34074
10.86667	36813
10.87500	39456
10.88333	41952
10.89167	44250
10.90000	46302
10.90833	48067
10.91667	49508
10.92500	50599
10.93333	51320
10.94167	51663
10.95000	51627
10.95833	51222
10.96667	50467
10.97500	49386
10.98333	48012
10.99167	46382
11.00000	44535
11.00833	42515
11.01667	40363
11.02500	38121
11.03333	35826
11.04167	33514
11.05000	31218
11.05833	28965
11.06667	26779
11.07500	24679
11.08333	22678
11.09167	20789
11.10000	19018
11.10833	17369
11.11667	15842
11.12500	14435
11.13333	13147
11.14167	11972
11.15000	10903
11.15833	9934
11.16667	9059
11.17500	8268
11.18333	7556
11.19167	6915
11.20000	6338
11.20833	5818
11.21667	5350
11.22500	4927
11.23333	4545
11.24167	4199
11.25000	3884
11.25833	3598
11.26667	3336
11.27500	3096
11.28333	2876
11.29167	2673
11.30000	2486
11.30833	2312
11.31667	2152
11.32500	2002
11.33333	1863
11.34167	1733
11.35000	1613
11.35833	1501
11.36667	1396
11.37500	1298
11.38333	1208
11.39167	1123
11.40000	1045
11.40833	972
11.41667	904
11.42500	842
11.43333	785
11.44167	732
11.45000	684
11.45833	640
11.46667	601
11.47500	565
11.48333	533
11.49167	504
11.50000	477
11.50833	454
11.51667	433
11.52500	415
11.53333	398
11.54167	384
11.55000	370
11.55833	358
11.56667	347
11.57500	336
11.58333	326
11.59167	317
11.60000	308
11.60833	300
11.61667	291
11.62500	283
11.63333	275
11.64167	268
11.65000	261
11.65833	255
11.66667	249
11.67500	245
11.68333	240
11.69167	236
11.70000	233
11.70833	231
11.71667	229
11.72500	228
11.73333	228
11.74167	228
11.75000	227
11.75833	227
11.76667	226
11.77500	226
11.78333	225
11.79167	224
11.80000	222
11.80833	220
11.81667	216
11.82500	212
11.83333	207
11.84167	201
11.85000	195
11.85833	187
11.86667	179
11.87500	171
11.88333	163
11.89167	154
11.90000	145
11.90833	136
11.91667	127
11.92500	118
11.93333	110
11.94167	101
11.95000	93
11.95833	85
11.96667	77
11.97500	70
11.98333	63
11.99167	57
12.00000	51
12.00833	46
12.01667	41
12.02500	37
12.03333	33
12.04167	30
12.05000	27
12.05833	25
12.06667	23
12.07500	21
12.08333	19
12.09167	18
12.10000	16
12.10833	15
12.11667	13
12.12500	11
12.13333	9
12.14167	7
12.15000	6
12.15833	4
12.16667	2
12.17500	-0
12.18333	-2
12.19167	-4
12.20000	-6
12.20833	-8
12.21667	-11
12.22500	-13
12.23333	-15
12.24167	-16
12.25000	-18
12.25833	-19
12.26667	-21
12.27500	-22
12.28333	-24
12.29167	-26
12.30000	-27
12.30833	-29
12.31667	-31
12.32500	-32
12.33333	-34
12.34167	-35
12.35000	-36
12.35833	-37
12.36667	-38
12.37500	-40
12.38333	-41
12.39167	-43
12.40000	-44
12.40833	-45
12.41667	-46
12.42500	-46
12.43333	-47
12.44167	-48
12.45000	-48
12.45833	-49
12.46667	-49
12.47500	-49
12.48333	-49
12.49167	-50
12.50000	-50
12.50833	-51
12.51667	-51
12.52500	-51
12.53333	-51
12.54167	-51
12.55000	-50
12.55833	-50
12.56667	-49
12.57500	-49
12.58333	-48
12.59167	-47
12.60000	-47
12.60833	-45
12.61667	-44
12.62500	-43
12.63333	-42
12.64167	-41
12.65000	-40
12.65833	-39
12.66667	-37
12.67500	-36
12.68333	-35
12.69167	-34
12.70000	-33
12.70833	-32
12.71667	-31
12.72500	-31
12.73333	-30
12.74167	-29
12.75000	-28
12.75833	-28
12.76667	-27
12.77500	-27
12.78333	-26
12.79167	-26
12.80000	-25
12.80833	-25
12.81667	-25
12.82500	-25
12.83333	-24
12.84167	-24
12.85000	-23
12.85833	-23
12.86667	-22
12.87500	-21
12.88333	-19
12.89167	-18
12.90000	-17
12.90833	-15
12.91667	-14
12.92500	-12
12.93333	-10
12.94167	-9
12.95000	-7
12.95833	-5
12.96667	-3
12.97500	-1
12.98333	1
12.99167	2
13.00000	4
13.00833	5
13.01667	7
13.02500	8
13.03333	10
13.04167	11
13.05000	12
13.05833	13
13.06667	14
13.07500	14
13.08333	14
13.09167	14
13.10000	14
13.10833	13
13.11667	13
13.12500	12
13.13333	11
13.14167	9
13.15000	8
13.15833	6
13.16667	5
13.17500	3
13.18333	1
13.19167	-0
13.20000	-2
13.20833	-3
13.21667	-4
13.22500	-5
13.23333	-6
13.24167	-7
13.25000	-7
13.25833	-8
13.26667	-9
13.27500	-9
13.28333	-8
13.29167	-8
13.30000	-7
13.30833	-6
13.31667	-4
13.32500	-2
13.33333	-0
13.34167	2
13.35000	4
13.35833	6
13.36667	9
13.37500	12
13.38333	16
13.39167	19
13.40000	23
13.40833	28
13.41667	32
13.42500	38
13.43333	43
13.44167	48
13.45000	54
13.45833	60
13.46667	66
13.47500	72
13.48333	79
13.49167	85
13.50000	92
13.50833	98
13.51667	104
13.52500	109
13.53333	114
13.54167	119
13.55000	123
13.55833	127
13.56667	131
13.57500	135
13.58333	138
13.59167	141
13.60000	144
13.60833	147
13.61667	150
13.62500	152
13.63333	155
13.64167	157
13.65000	159
13.65833	160
13.66667	162
13.67500	163
13.68333	165
13.69167	166
13.70000	167
13.70833	168
13.71667	169
13.72500	170
13.73333	171
13.74167	172
13.75000	172
13.75833	173
13.76667	173
13.77500	174
13.78333	174
13.79167	175
13.80000	177
13.80833	178
13.81667	180
13.82500	183
13.83333	186
13.84167	189
13.85000	192
13.85833	197
13.86667	201
13.87500	207
13.88333	213
13.89167	218
13.90000	225
13.90833	231
13.91667	237
13.92500	242
13.93333	247
13.94167	251
13.95000	255
13.95833	258
13.96667	260
13.97500	262
13.98333	262
13.99167	261
14.00000	258
14.00833	254
14.01667	249
14.02500	243
14.03333	235
14.04167	227
14.05000	218
14.05833	208
14.06667	198
14.07500	188
14.08333	177
14.09167	165
14.10000	154
14.10833	142
14.11667	131
14.12500	120
14.13333	110
14.14167	99
14.15000	89
14.15833	80
14.16667	72
14.17500	63
14.18333	56
14.19167	49
14.20000	42
14.20833	36
14.21667	31
14.22500	26
14.23333	22
14.24167	18
14.25000	15
14.25833	11
14.26667	8
14.27500	6
14.28333	3
14.29167	1
14.30000	-0
14.30833	-1
14.31667	-2
14.32500	-3
14.33333	-3
14.34167	-4
14.35000	-4
14.35833	-4
14.36667	-4
14.37500	-5
14.38333	-5
14.39167	-5
14.40000	-5
14.40833	-5
14.41667	-5
14.42500	-5
14.43333	-5
14.44167	-5
14.45000	-4
14.45833	-4
14.46667	-4
14.47500	-5
14.48333	-5
14.49167	-6
14.50000	-6
14.50833	-6
14.51667	-6
14.52500	-6
14.53333	-6
14.54167	-7
14.55000	-8
14.55833	-9
14.56667	-10
14.57500	-11
14.58333	-11
14.59167	-12
14.60000	-13
14.60833	-15
14.61667	-16
14.62500	-17
14.63333	-17
14.64167	-18
14.65000	-19
14.65833	-19
14.66667	-20
14.67500	-20
14.68333	-21
14.69167	-21
14.70000	-21
14.70833	-22
14.71667	-23
14.72500	-23
14.73333	-23
14.74167	-23
14.75000	-24
14.75833	-24
14.76667	-23
14.77500	-23
14.78333	-23
14.79167	-23
14.80000	-23
14.80833	-22
14.81667	-22
14.82500	-22
14.83333	-22
14.84167	-22
14.85000	-21
14.85833	-21
14.86667	-20
14.87500	-20
14.88333	-20
14.89167	-20
14.90000	-20
14.90833	-20
14.91667	-20
14.92500	-20
14.93333	-20
14.94167	-20
14.95000	-21
14.95833	-21
14.96667	-22
14.97500	-22
14.98333	-22
14.99167	-23
15.00000	-24
15.00833	-25
15.01667	-26
15.02500	-27
15.03333	-28
15.04167	-28
15.05000	-29
15.05833	-29
15.06667	-30
15.07500	-30
15.08333	-30
15.09167	-30
15.10000	-30
15.10833	-30
15.11667	-30
15.12500	-29
15.13333	-28
15.14167	-28
15.15000	-27
15.15833	-25
15.16667	-24
15.17500	-23
15.18333	-21
15.19167	-20
15.20000	-19
15.20833	-18
15.21667	-16
15.22500	-15
15.23333	-13
15.24167	-12
15.25000	-11
15.25833	-10
15.26667	-9
15.27500	-9
15.28333	-8
15.29167	-8
15.30000	-8
15.30833	-9
15.31667	-10
15.32500	-11
15.33333	-12
15.34167	-13
15.35000	-15
15.35833	-17
15.36667	-19
15.37500	-21
15.38333	-23
15.39167	-25
15.40000	-27
15.40833	-30
15.41667	-32
15.42500	-34
15.43333	-36
15.44167	-38
15.45000	-40
15.45833	-42
15.46667	-44
15.47500	-46
15.48333	-47
15.49167	-49
15.50000	-50
15.50833	-51
15.51667	-52
15.52500	-52
15.53333	-53
15.54167	-53
15.55000	-54
15.55833	-54
15.56667	-55
15.57500	-55
15.58333	-56
15.59167	-56
15.60000	-56
15.60833	-56
15.61667	-56
15.62500	-56
15.63333	-56
15.64167	-55
15.65000	-55
15.65833	-54
15.66667	-53
15.67500	-51
15.68333	-51
15.69167	-49
15.70000	-48
15.70833	-47
15.71667	-45
15.72500	-44
15.73333	-42
15.74167	-41
15.75000	-39
15.75833	-38
15.76667	-37
15.77500	-35
15.78333	-34
15.79167	-32
15.80000	-31
15.80833	-29
15.81667	-28
15.82500	-26
15.83333	-25
15.84167	-23
15.85000	-22
15.85833	-20
15.86667	-18
15.87500	-16
15.88333	-13
15.89167	-11
15.90000	-9
15.90833	-6
15.91667	-3
15.92500	-0
15.93333	3
15.94167	7
15.95000	11
15.95833	17
15.96667	23
15.97500	29
15.98333	37
15.99167	45
16.00000	54
16.00833	63
16.01667	73
16.02500	83
16.03333	94
16.04167	105
16.05000	117
16.05833	128
16.06667	140
16.07500	152
16.08333	163
16.09167	174
16.10000	184
16.10833	194
16.11667	202
16.12500	211
16.13333	218
16.14167	224
16.15000	229
16.15833	233
16.16667	236
16.17500	237
16.18333	237
16.19167	235
16.20000	233
16.20833	229
16.21667	224
16.22500	219
16.23333	213
16.24167	206
16.25000	199
16.25833	191
16.26667	184
16.27500	176
16.28333	168
16.29167	160
16.30000	153
16.30833	146
16.31667	139
16.32500	132
16.33333	126
16.34167	121
16.35000	115
16.35833	111
16.36667	106
16.37500	103
16.38333	100
16.39167	97
16.40000	94
16.40833	92
16.41667	90
16.42500	88
16.43333	87
16.44167	86
16.45000	85
16.45833	84
16.46667	83
16.47500	82
16.48333	80
16.49167	79
16.50000	77
16.50833	75
16.51667	74
16.52500	73
16.53333	71
16.54167	70
16.55000	68
16.55833	67
16.56667	65
16.57500	64
16.58333	62
16.59167	60
16.60000	58
16.60833	56
16.61667	54
16.62500	52
16.63333	50
16.64167	49
16.65000	48
16.65833	47
16.66667	45
16.67500	44
16.68333	43
16.69167	41
16.70000	40
16.70833	38
16.71667	37
16.72500	35
16.73333	34
16.74167	33
16.75000	31
16.75833	29
16.76667	27
16.77500	26
16.78333	24
16.79167	23
16.80000	21
16.80833	19
16.81667	18
16.82500	16
16.83333	15
16.84167	13
16.85000	11
16.85833	10
16.86667	8
16.87500	7
16.88333	6
16.89167	4
16.90000	3
16.90833	1
16.91667	-0
16.92500	-1
16.93333	-2
16.94167	-4
16.95000	-5
16.95833	-6
16.96667	-7
16.97500	-8
16.98333	-9
16.99167	-11
17.00000	-12
17.00833	-13
17.01667	-13
17.02500	-14
17.03333	-15
17.04167	-15
17.05000	-16
17.05833	-17
17.06667	-18
17.07500	-18
17.08333	-20
17.09167	-20
17.10000	-21
17.10833	-22
17.11667	-22
17.12500	-23
17.13333	-23
17.14167	-24
17.15000	-24
17.15833	-25
17.16667	-26
17.17500	-26
17.18333	-26
17.19167	-26
17.20000	-26
17.20833	-26
17.21667	-27
17.22500	-27
17.23333	-27
17.24167	-27
17.25000	-28
17.25833	-28
17.26667	-27
17.27500	-27
17.28333	-27
17.29167	-27
17.30000	-28
17.30833	-28
17.31667	-29
17.32500	-29
17.33333	-29
17.34167	-29
17.35000	-29
17.35833	-29
17.36667	-28
17.37500	-28
17.38333	-28
17.39167	-27
17.40000	-27
17.40833	-26
17.41667	-26
17.42500	-26
17.43333	-26
17.44167	-26
17.45000	-25
17.45833	-25
17.46667	-24
17.47500	-24
17.48333	-23
17.49167	-22
17.50000	-21
17.50833	-21
17.51667	-20
17.52500	-19
17.53333	-19
17.54167	-18
17.55000	-18
17.55833	-18
17.56667	-18
17.57500	-17
17.58333	-16
17.59167	-15
17.60000	-15
17.60833	-14
17.61667	-14
17.62500	-13
17.63333	-12
17.64167	-11
17.65000	-11
17.65833	-10
17.66667	-9
17.67500	-8
17.68333	-7
17.69167	-6
17.70000	-5
17.70833	-5
17.71667	-4
17.72500	-2
17.73333	-1
17.74167	-0
17.75000	1
17.75833	2
17.76667	3
17.77500	5
17.78333	6
17.79167	8
17.80000	9
17.80833	11
17.81667	13
17.82500	16
17.83333	18
17.84167	20
17.85000	23
17.85833	25
17.86667	28
17.87500	31
17.88333	34
17.89167	38
17.90000	42
17.90833	45
17.91667	50
17.92500	54
17.93333	59
17.94167	65
17.95000	71
17.95833	77
17.96667	83
17.97500	89
17.98333	96
17.99167	103
18.00000	111
18.00833	118
18.01667	126
18.02500	134
18.03333	141
18.04167	149
18.05000	156
18.05833	164
18.06667	171
18.07500	178
18.08333	184
18.09167	190
18.10000	195
18.10833	199
18.11667	203
18.12500	207
18.13333	209
18.14167	211
18.15000	212
18.15833	213
18.16667	213
18.17500	211
18.18333	210
18.19167	207
18.20000	204
18.20833	201
18.21667	197
18.22500	193
18.23333	188
18.24167	183
18.25000	178
18.25833	172
18.26667	166
18.27500	160
18.28333	155
18.29167	149
18.30000	143
18.30833	138
18.31667	133
18.32500	127
18.33333	122
18.34167	117
18.35000	113
18.35833	109
18.36667	105
18.37500	101
18.38333	98
18.39167	95
18.40000	92
18.40833	90
18.41667	88
18.42500	86
18.43333	85
18.44167	83
18.45000	82
18.45833	81
18.46667	80
18.47500	80
18.48333	79
18.49167	79
18.50000	79
18.50833	79
18.51667	79
18.52500	80
18.53333	81
18.54167	82
18.55000	84
18.55833	85
18.56667	86
18.57500	88
18.58333	90
18.59167	92
18.60000	94
18.60833	97
18.61667	100
18.62500	103
18.63333	106
18.64167	110
18.65000	114
18.65833	118
18.66667	122
18.67500	127
18.68333	133
18.69167	139
18.70000	146
18.70833	153
18.71667	161
18.72500	169
18.73333	177
18.74167	186
18.75000	195
18.75833	204
18.76667	214
18.77500	225
18.78333	236
18.79167	247
18.80000	258
18.80833	269
18.81667	280
18.82500	290
18.83333	301
18.84167	311
18.85000	322
18.85833	332
18.86667	341
18.87500	350
18.88333	357
18.89167	365
18.90000	372
18.90833	377
18.91667	382
18.92500	386
18.93333	389
18.94167	391
18.95000	391
18.95833	391
18.96667	389
18.97500	386
18.98333	383
18.99167	379
19.00000	373
19.00833	368
19.01667	361
19.02500	354
19.03333	346
19.04167	338
19.05000	329
19.05833	320
19.06667	310
19.07500	300
19.08333	291
19.09167	281
19.10000	271
19.10833	261
19.11667	252
19.12500	242
19.13333	233
19.14167	225
19.15000	217
19.15833	209
19.16667	201
19.17500	193
19.18333	186
19.19167	179
19.20000	173
19.20833	167
19.21667	162
19.22500	157
19.23333	153
19.24167	149
19.25000	144
19.25833	141
19.26667	137
19.27500	134
19.28333	132
19.29167	129
19.30000	126
19.30833	124
19.31667	123
19.32500	121
19.33333	120
19.34167	118
19.35000	117
19.35833	116
19.36667	115
19.37500	115
19.38333	114
19.39167	114
19.40000	114
19.40833	114
19.41667	114
19.42500	114
19.43333	115
19.44167	115
19.45000	115
19.45833	115
19.46667	115
19.47500	116
19.48333	116
19.49167	116
19.50000	117
19.50833	118
19.51667	118
19.52500	118
19.53333	118
19.54167	119
19.55000	120
19.55833	120
19.56667	120
19.57500	121
19.58333	121
19.59167	121
19.60000	122
19.60833	122
19.61667	123
19.62500	123
19.63333	124
19.64167	125
19.65000	126
19.65833	126
19.66667	127
19.67500	127
19.68333	127
19.69167	128
19.70000	128
19.70833	128
19.71667	129
19.72500	130
19.73333	130
19.74167	131
19.75000	131
19.75833	131
19.76667	131
19.77500	132
19.78333	132
19.79167	133
19.80000	134
19.80833	136
19.81667	137
19.82500	137
19.83333	138
19.84167	139
19.85000	140
19.85833	141
19.86667	142
19.87500	144
19.88333	145
19.89167	146
19.90000	147
19.90833	148
19.91667	149
19.92500	149
19.93333	150
19.94167	151
19.95000	152
19.95833	152
19.96667	154
19.97500	155
19.98333	156
19.99167	157
20.00000	158
20.00833	159
20.01667	160
20.02500	161
20.03333	163
20.04167	164
20.05000	165
20.05833	166
20.06667	168
20.07500	169
20.08333	171
20.09167	172
20.10000	174
20.10833	175
20.11667	176
20.12500	178
20.13333	179
20.14167	180
20.15000	181
20.15833	182
20.16667	183
20.17500	184
20.18333	185
20.19167	187
20.20000	188
20.20833	189
20.21667	191
20.22500	192
20.23333	194
20.24167	195
20.25000	196
20.25833	197
20.26667	199
20.27500	200
20.28333	202
20.29167	204
20.30000	206
20.30833	207
20.31667	209
20.32500	211
20.33333	213
20.34167	215
20.35000	217
20.35833	219
20.36667	221
20.37500	222
20.38333	225
20.39167	227
20.40000	229
20.40833	232
20.41667	235
20.42500	238
20.43333	242
20.44167	245
20.45000	249
20.45833	253
20.46667	257
20.47500	261
20.48333	266
20.49167	271
20.50000	275
20.50833	281
20.51667	287
20.52500	294
20.53333	300
20.54167	308
20.55000	315
20.55833	324
20.56667	333
20.57500	342
20.58333	352
20.59167	364
20.60000	376
20.60833	389
20.61667	403
20.62500	418
20.63333	433
20.64167	450
20.65000	468
20.65833	487
20.66667	507
20.67500	528
20.68333	552
20.69167	576
20.70000	601
20.70833	627
20.71667	655
20.72500	684
20.73333	714
20.74167	746
20.75000	778
20.75833	812
20.76667	847
20.77500	882
20.78333	919
20.79167	956
20.80000	993
20.80833	1031
20.81667	1069
20.82500	1108
20.83333	1146
20.84167	1184
20.85000	1221
20.85833	1258
20.86667	1294
20.87500	1330
20.88333	1365
20.89167	1399
20.90000	1433
20.90833	1466
20.91667	1498
20.92500	1529
20.93333	1560
20.94167	1589
20.95000	1618
20.95833	1647
20.96667	1676
20.97500	1703
20.98333	1731
20.99167	1758
21.00000	1786
21.00833	1814
21.01667	1843
21.02500	1872
21.03333	1903
21.04167	1935
21.05000	1968
21.05833	2004
21.06667	2041
21.07500	2082
21.08333	2126
21.09167	2173
21.10000	2225
21.10833	2281
21.11667	2342
21.12500	2409
21.13333	2482
21.14167	2561
21.15000	2647
21.15833	2742
21.16667	2844
21.17500	2957
21.18333	3079
21.19167	3211
21.20000	3355
21.20833	3510
21.21667	3678
21.22500	3859
21.23333	4054
21.24167	4262
21.25000	4485
21.25833	4722
21.26667	4974
21.27500	5240
21.28333	5520
21.29167	5815
21.30000	6124
21.30833	6445
21.31667	6779
21.32500	7124
21.33333	7480
21.34167	7844
21.35000	8214
21.35833	8591
21.36667	8971
21.37500	9353
21.38333	9734
21.39167	10113
21.40000	10486
21.40833	10851
21.41667	11207
21.42500	11550
21.43333	11879
21.44167	12191
21.45000	12483
21.45833	12755
21.46667	13002
21.47500	13225
21.48333	13420
21.49167	13588
21.50000	13727
21.50833	13836
21.51667	13913
21.52500	13959
21.53333	13974
21.54167	13957
21.55000	13909
21.55833	13832
21.56667	13724
21.57500	13588
21.58333	13425
21.59167	13235
21.60000	13022
21.60833	12786
21.61667	12529
21.62500	12253
21.63333	11960
21.64167	11653
21.65000	11332
21.65833	11001
21.66667	10660
21.67500	10313
21.68333	9961
21.69167	9605
21.70000	9248
21.70833	8891
21.71667	8536
21.72500	8185
21.73333	7837
21.74167	7496
21.75000	7160
21.75833	6833
21.76667	6513
21.77500	6203
21.78333	5904
21.79167	5614
21.80000	5334
21.80833	5065
21.81667	4806
21.82500	4559
21.83333	4322
21.84167	4096
21.85000	3881
21.85833	3676
21.86667	3482
21.87500	3297
21.88333	3122
21.89167	2957
21.90000	2801
21.90833	2654
21.91667	2515
21.92500	2384
21.93333	2260
21.94167	2143
21.95000	2033
21.95833	1930
21.96667	1834
21.97500	1743
21.98333	1657
21.99167	1578
22.00000	1503
22.00833	1432
22.01667	1366
22.02500	1303
22.03333	1245
22.04167	1190
22.05000	1139
22.05833	1091
22.06667	1047
22.07500	1005
22.08333	967
22.09167	931
22.10000	897
22.10833	866
22.11667	838
22.12500	811
22.13333	786
22.14167	762
22.15000	741
22.15833	721
22.16667	703
22.17500	687
22.18333	672
22.19167	658
22.20000	646
22.20833	635
22.21667	625
22.22500	617
22.23333	609
22.24167	602
22.25000	595
22.25833	589
22.26667	584
22.27500	579
22.28333	575
22.29167	572
22.30000	569
22.30833	567
22.31667	565
22.32500	563
22.33333	561
22.34167	560
22.35000	559
22.35833	557
22.36667	556
22.37500	555
22.38333	554
22.39167	552
22.40000	551
22.40833	549
22.41667	547
22.42500	544
22.43333	542
22.44167	539
22.45000	536
22.45833	533
22.46667	530
22.47500	526
22.48333	522
22.49167	518
22.50000	513
22.50833	509
22.51667	504
22.52500	499
22.53333	493
22.54167	487
22.55000	481
22.55833	475
22.56667	469
22.57500	462
22.58333	455
22.59167	449
22.60000	442
22.60833	434
22.61667	427
22.62500	420
22.63333	413
22.64167	406
22.65000	399
22.65833	392
22.66667	385
22.67500	378
22.68333	371
22.69167	365
22.70000	358
22.70833	352
22.71667	346
22.72500	340
22.73333	335
22.74167	330
22.75000	325
22.75833	320
22.76667	316
22.77500	313
22.78333	309
22.79167	306
22.80000	303
22.80833	300
22.81667	298
22.82500	296
22.83333	295
22.84167	294
22.85000	294
22.85833	293
22.86667	293
22.87500	294
22.88333	295
22.89167	296
22.90000	297
22.90833	298
22.91667	299
22.92500	301
22.93333	303
22.94167	305
22.95000	307
22.95833	310
22.96667	313
22.97500	315
22.98333	318
22.99167	321
23.00000	324
23.00833	327
23.01667	330
23.02500	333
23.03333	336
23.04167	339
23.05000	342
23.05833	344
23.06667	347
23.07500	349
23.08333	352
23.09167	354
23.10000	357
23.10833	359
23.11667	361
23.12500	363
23.13333	365
23.14167	367
23.15000	368
23.15833	370
23.16667	371
23.17500	372
23.18333	373
23.19167	374
23.20000	375
23.20833	376
23.21667	377
23.22500	378
23.23333	378
23.24167	379
23.25000	379
23.25833	380
23.26667	379
23.27500	379
23.28333	379
23.29167	379
23.30000	378
23.30833	378
23.31667	377
23.32500	377
23.33333	377
23.34167	377
23.35000	376
23.35833	375
23.36667	374
23.37500	373
23.38333	373
23.39167	372
23.40000	372
23.40833	371
23.41667	370
23.42500	370
23.43333	369
23.44167	369
23.45000	369
23.45833	368
23.46667	368
23.47500	367
23.48333	366
23.49167	366
23.50000	365
23.50833	365
23.51667	364
23.52500	364
23.53333	363
23.54167	363
23.55000	362
23.55833	362
23.56667	362
23.57500	362
23.58333	361
23.59167	361
23.60000	361
23.60833	361
23.61667	361
23.62500	361
23.63333	361
23.64167	361
23.65000	361
23.65833	361
23.66667	361
23.67500	361
23.68333	360
23.69167	360
23.70000	360
23.70833	360
23.71667	360
23.72500	360
23.73333	360
23.74167	360
23.75000	360
23.75833	360
23.76667	360
23.77500	361
23.78333	361
23.79167	361
23.80000	360
23.80833	360
23.81667	360
23.82500	360
23.83333	360
23.84167	360
23.85000	360
23.85833	359
23.86667	359
23.87500	360
23.88333	360
23.89167	359
23.90000	359
23.90833	359
23.91667	359
23.92500	359
23.93333	359
23.94167	358
23.95000	358
23.95833	358
23.96667	358
23.97500	358
23.98333	358
23.99167	358
24.00000	358
24.00833	358
24.01667	358
24.02500	357
24.03333	357
24.04167	356
24.05000	356
24.05833	356
24.06667	355
24.07500	355
24.08333	355
24.09167	354
24.10000	354
24.10833	353
24.11667	353
24.12500	352
24.13333	351
24.14167	350
24.15000	349
24.15833	348
24.16667	347
24.17500	346
24.18333	345
24.19167	344
24.20000	343
24.20833	341
24.21667	340
24.22500	339
24.23333	337
24.24167	336
24.25000	335
24.25833	333
24.26667	331
24.27500	329
24.28333	327
24.29167	325
24.30000	323
24.30833	322
24.31667	320
24.32500	318
24.33333	316
24.34167	314
24.35000	313
24.35833	311
24.36667	310
24.37500	308
24.38333	306
24.39167	305
24.40000	303
24.40833	301
24.41667	299
24.42500	297
24.43333	296
24.44167	295
24.45000	294
24.45833	292
24.46667	291
24.47500	290
24.48333	289
24.49167	288
24.50000	287
24.50833	286
24.51667	285
24.52500	285
24.53333	284
24.54167	283
24.55000	282
24.55833	282
24.56667	282
24.57500	281
24.58333	281
24.59167	281
24.60000	281
24.60833	280
24.61667	280
24.62500	280
24.63333	280
24.64167	280
24.65000	280
24.65833	281
24.66667	281
24.67500	281
24.68333	282
24.69167	282
24.70000	283
24.70833	283
24.71667	283
24.72500	283
24.73333	284
24.74167	284
24.75000	284
24.75833	285
24.76667	285
24.77500	285
24.78333	286
24.79167	286
24.80000	287
24.80833	287
24.81667	287
24.82500	288
24.83333	288
24.84167	288
24.85000	288
24.85833	287
24.86667	287
24.87500	287
24.88333	288
24.89167	288
24.90000	288
24.90833	288
24.91667	288
24.92500	288
24.93333	287
24.94167	287
24.95000	286
24.95833	286
24.96667	286
24.97500	286
24.98333	286
24.99167	286
25.00000	286
25.00833	285
25.01667	285
25.02500	284
25.03333	284
25.04167	284
25.05000	283
25.05833	283
25.06667	283
25.07500	283
25.08333	283
25.09167	283
25.10000	283
25.10833	282
25.11667	281
25.12500	281
25.13333	281
25.14167	281
25.15000	280
25.15833	280
25.16667	280
25.17500	279
25.18333	279
25.19167	278
25.20000	278
25.20833	277
25.21667	277
25.22500	276
25.23333	275
25.24167	274
25.25000	273
25.25833	273
25.26667	272
25.27500	272
25.28333	271
25.29167	271
25.30000	271
25.30833	271
25.31667	270
25.32500	270
25.33333	269
25.34167	268
25.35000	268
25.35833	268
25.36667	267
25.37500	267
25.38333	266
25.39167	266
25.40000	266
25.40833	266
25.41667	265
25.42500	265
25.43333	265
25.44167	265
25.45000	265
25.45833	265
25.46667	266
25.47500	266
25.48333	266
25.49167	266
25.50000	266
25.50833	266
25.51667	267
25.52500	267
25.53333	267
25.54167	266
25.55000	266
25.55833	266
25.56667	266
25.57500	266
25.58333	265
25.59167	265
25.60000	265
25.60833	265
25.61667	264
25.62500	264
25.63333	264
25.64167	263
25.65000	263
25.65833	262
25.66667	262
25.67500	261
25.68333	261
25.69167	261
25.70000	261
25.70833	260
25.71667	260
25.72500	260
25.73333	260
25.74167	259
25.75000	259
25.75833	259
25.76667	258
25.77500	258
25.78333	258
25.79167	257
25.80000	257
25.80833	256
25.81667	255
25.82500	254
25.83333	254
25.84167	254
25.85000	253
25.85833	253
25.86667	252
25.87500	252
25.88333	252
25.89167	252
25.90000	251
25.90833	250
25.91667	250
25.92500	249
25.93333	249
25.94167	248
25.95000	248
25.95833	247
25.96667	247
25.97500	247
25.98333	247
25.99167	247
26.00000	246
26.00833	246
26.01667	246
26.02500	246
26.03333	246
26.04167	246
26.05000	246
26.05833	247
26.06667	248
26.07500	248
26.08333	249
26.09167	249
26.10000	250
26.10833	251
26.11667	253
26.12500	254
26.13333	255
26.14167	257
26.15000	258
26.15833	261
26.16667	263
26.17500	265
26.18333	268
26.19167	270
26.20000	273
26.20833	276
26.21667	280
26.22500	284
26.23333	287
26.24167	291
26.25000	295
26.25833	299
26.26667	304
26.27500	309
26.28333	314
26.29167	318
26.30000	323
26.30833	328
26.31667	333
26.32500	338
26.33333	343
26.34167	349
26.35000	354
26.35833	360
26.36667	365
26.37500	371
26.38333	377
26.39167	384
26.40000	389
26.40833	395
26.41667	401
26.42500	406
26.43333	411
26.44167	417
26.45000	422
26.45833	427
26.46667	431
26.47500	436
26.48333	439
26.49167	443
26.50000	446
26.50833	450
26.51667	453
26.52500	455
26.53333	457
26.54167	459
26.55000	460
26.55833	462
26.56667	462
26.57500	462
26.58333	462
26.59167	462
26.60000	462
26.60833	461
26.61667	459
26.62500	457
26.63333	455
26.64167	453
26.65000	450
26.65833	448
26.66667	445
26.67500	442
26.68333	439
26.69167	436
26.70000	432
26.70833	428
26.71667	425
26.72500	421
26.73333	417
26.74167	413
26.75000	409
26.75833	405
26.76667	401
26.77500	397
26.78333	393
26.79167	390
26.80000	386
26.80833	382
26.81667	378
26.82500	374
26.83333	371
26.84167	367
26.85000	363
26.85833	359
26.86667	355
26.87500	352
26.88333	348
26.89167	345
26.90000	342
26.90833	339
26.91667	336
26.92500	333
26.93333	329
26.94167	326
26.95000	323
26.95833	320
26.96667	317
26.97500	314
26.98333	310
26.99167	307
27.00000	304
27.00833	301
27.01667	298
27.02500	295
27.03333	292
27.04167	289
27.05000	286
27.05833	283
27.06667	279
27.07500	276
27.08333	273
27.09167	269
27.10000	266
27.10833	263
27.11667	260
27.12500	256
27.13333	253
27.14167	250
27.15000	246
27.15833	243
27.16667	240
27.17500	236
27.18333	233
27.19167	229
27.20000	226
27.20833	222
27.21667	219
27.22500	216
27.23333	212
27.24167	208
27.25000	205
27.25833	201
27.26667	198
27.27500	195
27.28333	192
27.29167	189
27.30000	186
27.30833	183
27.31667	180
27.32500	177
27.33333	175
27.34167	172
27.35000	169
27.35833	167
27.36667	164
27.37500	161
27.38333	158
27.39167	155
27.40000	153
27.40833	150
27.41667	148
27.42500	145
27.43333	143
27.44167	141
27.45000	139
27.45833	136
27.46667	134
27.47500	132
27.48333	130
27.49167	128
27.50000	126
27.50833	124
27.51667	122
27.52500	120
27.53333	118
27.54167	116
27.55000	114
27.55833	112
27.56667	110
27.57500	108
27.58333	106
27.59167	105
27.60000	103
27.60833	102
27.61667	100
27.62500	99
27.63333	98
27.64167	97
27.65000	96
27.65833	94
27.66667	93
27.67500	91
27.68333	90
27.69167	89
27.70000	88
27.70833	86
27.71667	85
27.72500	84
27.73333	82
27.74167	81
27.75000	80
27.75833	79
27.76667	78
27.77500	77
27.78333	76
27.79167	74
27.80000	73
27.80833	72
27.81667	71
27.82500	70
27.83333	69
27.84167	68
27.85000	66
27.85833	65
27.86667	63
27.87500	62
27.88333	61
27.89167	60
27.90000	59
27.90833	58
27.91667	57
27.92500	56
27.93333	55
27.94167	54
27.95000	53
27.95833	53
27.96667	53
27.97500	52
27.98333	51
27.99167	50
28.00000	49

