R.Time (min)	Intensity
0.00000	-32
0.00833	-32
0.01667	-0
0.02500	-1
0.03333	-2
0.04167	-3
0.05000	-4
0.05833	-5
0.06667	-6
0.07500	-6
0.08333	-7
0.09167	-7
0.10000	-8
0.10833	-8
0.11667	-9
0.12500	-9
0.13333	-10
0.14167	-10
0.15000	-11
0.15833	-11
0.16667	-12
0.17500	-13
0.18333	-14
0.19167	-15
0.20000	-15
0.20833	-16
0.21667	-17
0.22500	-17
0.23333	-18
0.24167	-19
0.25000	-19
0.25833	-20
0.26667	-20
0.27500	-21
0.28333	-21
0.29167	-22
0.30000	-22
0.30833	-22
0.31667	-22
0.32500	-23
0.33333	-24
0.34167	-24
0.35000	-25
0.35833	-25
0.36667	-26
0.37500	-26
0.38333	-27
0.39167	-27
0.40000	-28
0.40833	-28
0.41667	-29
0.42500	-30
0.43333	-31
0.44167	-31
0.45000	-32
0.45833	-33
0.46667	-33
0.47500	-34
0.48333	-34
0.49167	-35
0.50000	-36
0.50833	-36
0.51667	-37
0.52500	-37
0.53333	-37
0.54167	-37
0.55000	-38
0.55833	-38
0.56667	-39
0.57500	-40
0.58333	-40
0.59167	-41
0.60000	-42
0.60833	-42
0.61667	-43
0.62500	-43
0.63333	-44
0.64167	-45
0.65000	-45
0.65833	-46
0.66667	-46
0.67500	-46
0.68333	-47
0.69167	-47
0.70000	-47
0.70833	-47
0.71667	-48
0.72500	-49
0.73333	-49
0.74167	-50
0.75000	-50
0.75833	-51
0.76667	-51
0.77500	-51
0.78333	-51
0.79167	-51
0.80000	-51
0.80833	-51
0.81667	-52
0.82500	-52
0.83333	-53
0.84167	-54
0.85000	-54
0.85833	-55
0.86667	-55
0.87500	-56
0.88333	-57
0.89167	-58
0.90000	-58
0.90833	-58
0.91667	-59
0.92500	-59
0.93333	-59
0.94167	-59
0.95000	-60
0.95833	-60
0.96667	-61
0.97500	-61
0.98333	-62
0.99167	-62
1.00000	-63
1.00833	-63
1.01667	-63
1.02500	-64
1.03333	-64
1.04167	-65
1.05000	-66
1.05833	-66
1.06667	-66
1.07500	-67
1.08333	-67
1.09167	-67
1.10000	-68
1.10833	-69
1.11667	-69
1.12500	-69
1.13333	-70
1.14167	-70
1.15000	-71
1.15833	-72
1.16667	-72
1.17500	-72
1.18333	-73
1.19167	-73
1.20000	-73
1.20833	-74
1.21667	-75
1.22500	-75
1.23333	-76
1.24167	-76
1.25000	-76
1.25833	-76
1.26667	-77
1.27500	-77
1.28333	-77
1.29167	-77
1.30000	-78
1.30833	-79
1.31667	-79
1.32500	-79
1.33333	-79
1.34167	-80
1.35000	-80
1.35833	-81
1.36667	-82
1.37500	-82
1.38333	-82
1.39167	-83
1.40000	-83
1.40833	-83
1.41667	-83
1.42500	-83
1.43333	-83
1.44167	-83
1.45000	-83
1.45833	-84
1.46667	-84
1.47500	-85
1.48333	-85
1.49167	-85
1.50000	-85
1.50833	-86
1.51667	-86
1.52500	-87
1.53333	-87
1.54167	-87
1.55000	-88
1.55833	-88
1.56667	-89
1.57500	-89
1.58333	-90
1.59167	-90
1.60000	-90
1.60833	-90
1.61667	-90
1.62500	-91
1.63333	-91
1.64167	-91
1.65000	-91
1.65833	-91
1.66667	-91
1.67500	-91
1.68333	-91
1.69167	-91
1.70000	-92
1.70833	-92
1.71667	-92
1.72500	-93
1.73333	-93
1.74167	-93
1.75000	-93
1.75833	-94
1.76667	-94
1.77500	-95
1.78333	-95
1.79167	-96
1.80000	-95
1.80833	-95
1.81667	-95
1.82500	-96
1.83333	-96
1.84167	-96
1.85000	-97
1.85833	-97
1.86667	-98
1.87500	-98
1.88333	-98
1.89167	-98
1.90000	-98
1.90833	-98
1.91667	-98
1.92500	-98
1.93333	-98
1.94167	-98
1.95000	-98
1.95833	-98
1.96667	-99
1.97500	-99
1.98333	-99
1.99167	-99
2.00000	-99
2.00833	-100
2.01667	-100
2.02500	-100
2.03333	-100
2.04167	-101
2.05000	-100
2.05833	-100
2.06667	-100
2.07500	-100
2.08333	-100
2.09167	-100
2.10000	-100
2.10833	-101
2.11667	-101
2.12500	-101
2.13333	-101
2.14167	-101
2.15000	-101
2.15833	-101
2.16667	-101
2.17500	-101
2.18333	-101
2.19167	-101
2.20000	-101
2.20833	-101
2.21667	-101
2.22500	-101
2.23333	-101
2.24167	-100
2.25000	-100
2.25833	-99
2.26667	-99
2.27500	-99
2.28333	-99
2.29167	-98
2.30000	-98
2.30833	-97
2.31667	-96
2.32500	-95
2.33333	-93
2.34167	-92
2.35000	-91
2.35833	-90
2.36667	-89
2.37500	-88
2.38333	-86
2.39167	-85
2.40000	-83
2.40833	-81
2.41667	-79
2.42500	-77
2.43333	-75
2.44167	-73
2.45000	-70
2.45833	-68
2.46667	-65
2.47500	-63
2.48333	-60
2.49167	-57
2.50000	-53
2.50833	-49
2.51667	-45
2.52500	-40
2.53333	-36
2.54167	-31
2.55000	-27
2.55833	-21
2.56667	-16
2.57500	-10
2.58333	-4
2.59167	3
2.60000	10
2.60833	18
2.61667	25
2.62500	33
2.63333	41
2.64167	50
2.65000	59
2.65833	69
2.66667	80
2.67500	91
2.68333	102
2.69167	114
2.70000	127
2.70833	140
2.71667	154
2.72500	169
2.73333	184
2.74167	200
2.75000	218
2.75833	236
2.76667	255
2.77500	275
2.78333	296
2.79167	318
2.80000	342
2.80833	366
2.81667	391
2.82500	419
2.83333	447
2.84167	477
2.85000	509
2.85833	542
2.86667	576
2.87500	613
2.88333	651
2.89167	691
2.90000	734
2.90833	778
2.91667	824
2.92500	872
2.93333	922
2.94167	975
2.95000	1030
2.95833	1088
2.96667	1148
2.97500	1210
2.98333	1274
2.99167	1341
3.00000	1410
3.00833	1482
3.01667	1556
3.02500	1632
3.03333	1711
3.04167	1791
3.05000	1874
3.05833	1959
3.06667	2046
3.07500	2134
3.08333	2224
3.09167	2315
3.10000	2408
3.10833	2501
3.11667	2595
3.12500	2690
3.13333	2785
3.14167	2880
3.15000	2975
3.15833	3069
3.16667	3162
3.17500	3254
3.18333	3345
3.19167	3434
3.20000	3521
3.20833	3605
3.21667	3687
3.22500	3766
3.23333	3842
3.24167	3913
3.25000	3981
3.25833	4045
3.26667	4104
3.27500	4158
3.28333	4207
3.29167	4251
3.30000	4290
3.30833	4323
3.31667	4351
3.32500	4372
3.33333	4388
3.34167	4398
3.35000	4402
3.35833	4400
3.36667	4392
3.37500	4378
3.38333	4358
3.39167	4331
3.40000	4300
3.40833	4263
3.41667	4221
3.42500	4173
3.43333	4120
3.44167	4063
3.45000	4002
3.45833	3936
3.46667	3865
3.47500	3792
3.48333	3714
3.49167	3634
3.50000	3551
3.50833	3464
3.51667	3376
3.52500	3287
3.53333	3195
3.54167	3103
3.55000	3009
3.55833	2915
3.56667	2820
3.57500	2725
3.58333	2630
3.59167	2536
3.60000	2441
3.60833	2348
3.61667	2256
3.62500	2165
3.63333	2076
3.64167	1988
3.65000	1902
3.65833	1818
3.66667	1735
3.67500	1654
3.68333	1576
3.69167	1500
3.70000	1427
3.70833	1356
3.71667	1287
3.72500	1221
3.73333	1157
3.74167	1095
3.75000	1036
3.75833	980
3.76667	925
3.77500	873
3.78333	824
3.79167	777
3.80000	732
3.80833	690
3.81667	650
3.82500	611
3.83333	574
3.84167	539
3.85000	506
3.85833	475
3.86667	446
3.87500	419
3.88333	394
3.89167	370
3.90000	347
3.90833	326
3.91667	307
3.92500	288
3.93333	271
3.94167	254
3.95000	239
3.95833	224
3.96667	211
3.97500	198
3.98333	187
3.99167	176
4.00000	165
4.00833	155
4.01667	146
4.02500	137
4.03333	129
4.04167	121
4.05000	114
4.05833	107
4.06667	101
4.07500	95
4.08333	88
4.09167	82
4.10000	76
4.10833	71
4.11667	66
4.12500	60
4.13333	55
4.14167	50
4.15000	46
4.15833	41
4.16667	37
4.17500	32
4.18333	28
4.19167	23
4.20000	19
4.20833	14
4.21667	10
4.22500	6
4.23333	2
4.24167	-3
4.25000	-7
4.25833	-11
4.26667	-15
4.27500	-19
4.28333	-23
4.29167	-27
4.30000	-31
4.30833	-34
4.31667	-38
4.32500	-42
4.33333	-46
4.34167	-49
4.35000	-52
4.35833	-55
4.36667	-58
4.37500	-60
4.38333	-63
4.39167	-65
4.40000	-68
4.40833	-70
4.41667	-73
4.42500	-75
4.43333	-78
4.44167	-80
4.45000	-82
4.45833	-85
4.46667	-87
4.47500	-88
4.48333	-90
4.49167	-92
4.50000	-93
4.50833	-95
4.51667	-96
4.52500	-98
4.53333	-99
4.54167	-100
4.55000	-102
4.55833	-102
4.56667	-103
4.57500	-103
4.58333	-104
4.59167	-104
4.60000	-105
4.60833	-105
4.61667	-106
4.62500	-106
4.63333	-106
4.64167	-106
4.65000	-106
4.65833	-105
4.66667	-105
4.67500	-105
4.68333	-104
4.69167	-104
4.70000	-103
4.70833	-103
4.71667	-103
4.72500	-102
4.73333	-102
4.74167	-102
4.75000	-101
4.75833	-101
4.76667	-100
4.77500	-99
4.78333	-99
4.79167	-99
4.80000	-98
4.80833	-97
4.81667	-97
4.82500	-97
4.83333	-97
4.84167	-96
4.85000	-96
4.85833	-96
4.86667	-95
4.87500	-94
4.88333	-94
4.89167	-93
4.90000	-92
4.90833	-92
4.91667	-91
4.92500	-91
4.93333	-90
4.94167	-90
4.95000	-89
4.95833	-88
4.96667	-88
4.97500	-88
4.98333	-88
4.99167	-87
5.00000	-87
5.00833	-86
5.01667	-86
5.02500	-85
5.03333	-85
5.04167	-84
5.05000	-84
5.05833	-84
5.06667	-84
5.07500	-84
5.08333	-84
5.09167	-84
5.10000	-85
5.10833	-85
5.11667	-85
5.12500	-86
5.13333	-86
5.14167	-87
5.15000	-87
5.15833	-87
5.16667	-87
5.17500	-87
5.18333	-88
5.19167	-88
5.20000	-89
5.20833	-89
5.21667	-90
5.22500	-91
5.23333	-91
5.24167	-92
5.25000	-92
5.25833	-92
5.26667	-92
5.27500	-92
5.28333	-92
5.29167	-92
5.30000	-92
5.30833	-92
5.31667	-92
5.32500	-93
5.33333	-93
5.34167	-93
5.35000	-94
5.35833	-95
5.36667	-96
5.37500	-97
5.38333	-98
5.39167	-99
5.40000	-100
5.40833	-101
5.41667	-102
5.42500	-103
5.43333	-104
5.44167	-104
5.45000	-105
5.45833	-106
5.46667	-107
5.47500	-108
5.48333	-108
5.49167	-109
5.50000	-109
5.50833	-109
5.51667	-110
5.52500	-110
5.53333	-110
5.54167	-111
5.55000	-111
5.55833	-111
5.56667	-111
5.57500	-112
5.58333	-112
5.59167	-113
5.60000	-114
5.60833	-114
5.61667	-114
5.62500	-115
5.63333	-115
5.64167	-115
5.65000	-116
5.65833	-117
5.66667	-118
5.67500	-120
5.68333	-121
5.69167	-122
5.70000	-122
5.70833	-123
5.71667	-123
5.72500	-124
5.73333	-124
5.74167	-124
5.75000	-125
5.75833	-125
5.76667	-126
5.77500	-126
5.78333	-127
5.79167	-127
5.80000	-127
5.80833	-127
5.81667	-128
5.82500	-128
5.83333	-128
5.84167	-129
5.85000	-128
5.85833	-128
5.86667	-128
5.87500	-128
5.88333	-128
5.89167	-127
5.90000	-127
5.90833	-127
5.91667	-128
5.92500	-127
5.93333	-127
5.94167	-128
5.95000	-128
5.95833	-129
5.96667	-130
5.97500	-130
5.98333	-130
5.99167	-131
6.00000	-131
6.00833	-132
6.01667	-132
6.02500	-133
6.03333	-133
6.04167	-133
6.05000	-133
6.05833	-133
6.06667	-133
6.07500	-133
6.08333	-134
6.09167	-134
6.10000	-134
6.10833	-134
6.11667	-133
6.12500	-133
6.13333	-133
6.14167	-133
6.15000	-132
6.15833	-132
6.16667	-132
6.17500	-133
6.18333	-133
6.19167	-132
6.20000	-132
6.20833	-131
6.21667	-131
6.22500	-131
6.23333	-131
6.24167	-131
6.25000	-131
6.25833	-132
6.26667	-132
6.27500	-132
6.28333	-132
6.29167	-132
6.30000	-132
6.30833	-133
6.31667	-133
6.32500	-133
6.33333	-133
6.34167	-134
6.35000	-134
6.35833	-134
6.36667	-134
6.37500	-134
6.38333	-135
6.39167	-135
6.40000	-135
6.40833	-135
6.41667	-136
6.42500	-136
6.43333	-136
6.44167	-135
6.45000	-135
6.45833	-134
6.46667	-134
6.47500	-134
6.48333	-134
6.49167	-133
6.50000	-133
6.50833	-133
6.51667	-134
6.52500	-134
6.53333	-134
6.54167	-134
6.55000	-134
6.55833	-134
6.56667	-134
6.57500	-134
6.58333	-134
6.59167	-135
6.60000	-135
6.60833	-135
6.61667	-135
6.62500	-136
6.63333	-136
6.64167	-136
6.65000	-137
6.65833	-137
6.66667	-137
6.67500	-137
6.68333	-138
6.69167	-138
6.70000	-138
6.70833	-139
6.71667	-139
6.72500	-139
6.73333	-139
6.74167	-140
6.75000	-140
6.75833	-140
6.76667	-140
6.77500	-141
6.78333	-141
6.79167	-141
6.80000	-141
6.80833	-141
6.81667	-141
6.82500	-141
6.83333	-141
6.84167	-141
6.85000	-141
6.85833	-141
6.86667	-141
6.87500	-141
6.88333	-140
6.89167	-140
6.90000	-140
6.90833	-139
6.91667	-139
6.92500	-139
6.93333	-139
6.94167	-139
6.95000	-139
6.95833	-139
6.96667	-139
6.97500	-139
6.98333	-140
6.99167	-140
7.00000	-141
7.00833	-141
7.01667	-142
7.02500	-142
7.03333	-143
7.04167	-144
7.05000	-144
7.05833	-144
7.06667	-145
7.07500	-145
7.08333	-145
7.09167	-146
7.10000	-146
7.10833	-147
7.11667	-147
7.12500	-148
7.13333	-148
7.14167	-147
7.15000	-147
7.15833	-147
7.16667	-148
7.17500	-149
7.18333	-149
7.19167	-149
7.20000	-149
7.20833	-149
7.21667	-149
7.22500	-149
7.23333	-150
7.24167	-150
7.25000	-150
7.25833	-150
7.26667	-149
7.27500	-149
7.28333	-149
7.29167	-148
7.30000	-147
7.30833	-146
7.31667	-145
7.32500	-143
7.33333	-141
7.34167	-138
7.35000	-134
7.35833	-129
7.36667	-122
7.37500	-114
7.38333	-103
7.39167	-91
7.40000	-75
7.40833	-58
7.41667	-38
7.42500	-17
7.43333	6
7.44167	29
7.45000	53
7.45833	77
7.46667	99
7.47500	119
7.48333	137
7.49167	152
7.50000	163
7.50833	171
7.51667	174
7.52500	174
7.53333	170
7.54167	163
7.55000	152
7.55833	139
7.56667	124
7.57500	108
7.58333	91
7.59167	73
7.60000	55
7.60833	37
7.61667	19
7.62500	3
7.63333	-12
7.64167	-27
7.65000	-40
7.65833	-52
7.66667	-62
7.67500	-72
7.68333	-81
7.69167	-88
7.70000	-95
7.70833	-101
7.71667	-107
7.72500	-111
7.73333	-115
7.74167	-119
7.75000	-123
7.75833	-126
7.76667	-129
7.77500	-132
7.78333	-134
7.79167	-136
7.80000	-138
7.80833	-140
7.81667	-141
7.82500	-143
7.83333	-144
7.84167	-145
7.85000	-145
7.85833	-146
7.86667	-147
7.87500	-147
7.88333	-147
7.89167	-148
7.90000	-149
7.90833	-149
7.91667	-149
7.92500	-150
7.93333	-150
7.94167	-150
7.95000	-150
7.95833	-150
7.96667	-150
7.97500	-150
7.98333	-150
7.99167	-150
8.00000	-149
8.00833	-149
8.01667	-149
8.02500	-149
8.03333	-149
8.04167	-150
8.05000	-150
8.05833	-150
8.06667	-151
8.07500	-151
8.08333	-151
8.09167	-151
8.10000	-152
8.10833	-152
8.11667	-152
8.12500	-152
8.13333	-153
8.14167	-153
8.15000	-154
8.15833	-154
8.16667	-155
8.17500	-155
8.18333	-156
8.19167	-156
8.20000	-156
8.20833	-156
8.21667	-156
8.22500	-156
8.23333	-156
8.24167	-156
8.25000	-156
8.25833	-156
8.26667	-156
8.27500	-156
8.28333	-157
8.29167	-157
8.30000	-157
8.30833	-157
8.31667	-158
8.32500	-158
8.33333	-158
8.34167	-159
8.35000	-160
8.35833	-160
8.36667	-161
8.37500	-162
8.38333	-162
8.39167	-162
8.40000	-162
8.40833	-162
8.41667	-162
8.42500	-162
8.43333	-163
8.44167	-164
8.45000	-164
8.45833	-164
8.46667	-164
8.47500	-164
8.48333	-164
8.49167	-164
8.50000	-164
8.50833	-164
8.51667	-164
8.52500	-164
8.53333	-165
8.54167	-165
8.55000	-165
8.55833	-165
8.56667	-165
8.57500	-165
8.58333	-165
8.59167	-165
8.60000	-165
8.60833	-165
8.61667	-165
8.62500	-166
8.63333	-165
8.64167	-165
8.65000	-165
8.65833	-165
8.66667	-165
8.67500	-165
8.68333	-165
8.69167	-165
8.70000	-165
8.70833	-165
8.71667	-165
8.72500	-165
8.73333	-165
8.74167	-165
8.75000	-165
8.75833	-165
8.76667	-165
8.77500	-165
8.78333	-165
8.79167	-165
8.80000	-165
8.80833	-165
8.81667	-165
8.82500	-165
8.83333	-165
8.84167	-165
8.85000	-165
8.85833	-165
8.86667	-165
8.87500	-165
8.88333	-165
8.89167	-165
8.90000	-165
8.90833	-165
8.91667	-165
8.92500	-165
8.93333	-166
8.94167	-166
8.95000	-166
8.95833	-165
8.96667	-165
8.97500	-165
8.98333	-165
8.99167	-165
9.00000	-165
9.00833	-164
9.01667	-164
9.02500	-164
9.03333	-164
9.04167	-164
9.05000	-163
9.05833	-163
9.06667	-162
9.07500	-162
9.08333	-162
9.09167	-161
9.10000	-160
9.10833	-159
9.11667	-159
9.12500	-158
9.13333	-158
9.14167	-157
9.15000	-157
9.15833	-156
9.16667	-156
9.17500	-155
9.18333	-154
9.19167	-153
9.20000	-152
9.20833	-151
9.21667	-151
9.22500	-150
9.23333	-149
9.24167	-148
9.25000	-147
9.25833	-146
9.26667	-145
9.27500	-144
9.28333	-143
9.29167	-141
9.30000	-140
9.30833	-139
9.31667	-138
9.32500	-137
9.33333	-135
9.34167	-134
9.35000	-133
9.35833	-132
9.36667	-131
9.37500	-129
9.38333	-127
9.39167	-125
9.40000	-123
9.40833	-122
9.41667	-120
9.42500	-118
9.43333	-117
9.44167	-116
9.45000	-115
9.45833	-114
9.46667	-112
9.47500	-111
9.48333	-110
9.49167	-108
9.50000	-107
9.50833	-106
9.51667	-105
9.52500	-104
9.53333	-103
9.54167	-101
9.55000	-100
9.55833	-99
9.56667	-98
9.57500	-97
9.58333	-96
9.59167	-95
9.60000	-94
9.60833	-94
9.61667	-93
9.62500	-92
9.63333	-92
9.64167	-91
9.65000	-91
9.65833	-90
9.66667	-90
9.67500	-89
9.68333	-89
9.69167	-90
9.70000	-90
9.70833	-90
9.71667	-90
9.72500	-90
9.73333	-91
9.74167	-91
9.75000	-92
9.75833	-93
9.76667	-94
9.77500	-95
9.78333	-95
9.79167	-96
9.80000	-96
9.80833	-97
9.81667	-98
9.82500	-99
9.83333	-100
9.84167	-101
9.85000	-102
9.85833	-103
9.86667	-104
9.87500	-105
9.88333	-107
9.89167	-108
9.90000	-110
9.90833	-111
9.91667	-112
9.92500	-113
9.93333	-114
9.94167	-115
9.95000	-116
9.95833	-118
9.96667	-119
9.97500	-120
9.98333	-121
9.99167	-123
10.00000	-124
10.00833	-126
10.01667	-127
10.02500	-129
10.03333	-130
10.04167	-131
10.05000	-132
10.05833	-134
10.06667	-135
10.07500	-137
10.08333	-138
10.09167	-139
10.10000	-141
10.10833	-142
10.11667	-143
10.12500	-143
10.13333	-144
10.14167	-146
10.15000	-146
10.15833	-147
10.16667	-148
10.17500	-149
10.18333	-150
10.19167	-151
10.20000	-152
10.20833	-153
10.21667	-154
10.22500	-155
10.23333	-156
10.24167	-156
10.25000	-157
10.25833	-158
10.26667	-158
10.27500	-159
10.28333	-160
10.29167	-160
10.30000	-161
10.30833	-161
10.31667	-161
10.32500	-162
10.33333	-162
10.34167	-162
10.35000	-162
10.35833	-163
10.36667	-163
10.37500	-163
10.38333	-163
10.39167	-163
10.40000	-163
10.40833	-164
10.41667	-164
10.42500	-165
10.43333	-165
10.44167	-164
10.45000	-164
10.45833	-163
10.46667	-163
10.47500	-162
10.48333	-161
10.49167	-160
10.50000	-159
10.50833	-159
10.51667	-158
10.52500	-157
10.53333	-155
10.54167	-154
10.55000	-152
10.55833	-149
10.56667	-147
10.57500	-145
10.58333	-144
10.59167	-142
10.60000	-140
10.60833	-138
10.61667	-136
10.62500	-135
10.63333	-134
10.64167	-133
10.65000	-132
10.65833	-132
10.66667	-132
10.67500	-133
10.68333	-134
10.69167	-135
10.70000	-136
10.70833	-137
10.71667	-139
10.72500	-140
10.73333	-142
10.74167	-145
10.75000	-147
10.75833	-149
10.76667	-151
10.77500	-153
10.78333	-155
10.79167	-157
10.80000	-158
10.80833	-159
10.81667	-161
10.82500	-162
10.83333	-164
10.84167	-165
10.85000	-166
10.85833	-167
10.86667	-168
10.87500	-168
10.88333	-169
10.89167	-169
10.90000	-170
10.90833	-171
10.91667	-172
10.92500	-172
10.93333	-173
10.94167	-173
10.95000	-174
10.95833	-174
10.96667	-174
10.97500	-174
10.98333	-175
10.99167	-175
11.00000	-175
11.00833	-176
11.01667	-176
11.02500	-176
11.03333	-176
11.04167	-176
11.05000	-176
11.05833	-176
11.06667	-177
11.07500	-176
11.08333	-176
11.09167	-176
11.10000	-176
11.10833	-176
11.11667	-176
11.12500	-176
11.13333	-176
11.14167	-176
11.15000	-176
11.15833	-177
11.16667	-176
11.17500	-176
11.18333	-176
11.19167	-176
11.20000	-176
11.20833	-176
11.21667	-176
11.22500	-176
11.23333	-176
11.24167	-176
11.25000	-177
11.25833	-177
11.26667	-177
11.27500	-176
11.28333	-175
11.29167	-175
11.30000	-175
11.30833	-175
11.31667	-175
11.32500	-175
11.33333	-175
11.34167	-175
11.35000	-175
11.35833	-175
11.36667	-175
11.37500	-175
11.38333	-175
11.39167	-175
11.40000	-175
11.40833	-175
11.41667	-175
11.42500	-175
11.43333	-175
11.44167	-174
11.45000	-174
11.45833	-175
11.46667	-175
11.47500	-175
11.48333	-175
11.49167	-175
11.50000	-175
11.50833	-175
11.51667	-175
11.52500	-175
11.53333	-175
11.54167	-175
11.55000	-175
11.55833	-175
11.56667	-175
11.57500	-175
11.58333	-175
11.59167	-175
11.60000	-175
11.60833	-175
11.61667	-175
11.62500	-175
11.63333	-175
11.64167	-175
11.65000	-175
11.65833	-175
11.66667	-176
11.67500	-176
11.68333	-175
11.69167	-175
11.70000	-175
11.70833	-175
11.71667	-176
11.72500	-176
11.73333	-176
11.74167	-176
11.75000	-176
11.75833	-176
11.76667	-176
11.77500	-176
11.78333	-176
11.79167	-176
11.80000	-175
11.80833	-176
11.81667	-175
11.82500	-175
11.83333	-175
11.84167	-176
11.85000	-176
11.85833	-176
11.86667	-176
11.87500	-175
11.88333	-175
11.89167	-175
11.90000	-175
11.90833	-175
11.91667	-175
11.92500	-174
11.93333	-175
11.94167	-175
11.95000	-175
11.95833	-175
11.96667	-175
11.97500	-175
11.98333	-174
11.99167	-174
12.00000	-174
12.00833	-174
12.01667	-174
12.02500	-174
12.03333	-174
12.04167	-173
12.05000	-173
12.05833	-173
12.06667	-172
12.07500	-172
12.08333	-172
12.09167	-172
12.10000	-171
12.10833	-171
12.11667	-170
12.12500	-171
12.13333	-171
12.14167	-171
12.15000	-171
12.15833	-171
12.16667	-171
12.17500	-172
12.18333	-171
12.19167	-171
12.20000	-171
12.20833	-172
12.21667	-172
12.22500	-172
12.23333	-172
12.24167	-172
12.25000	-172
12.25833	-172
12.26667	-171
12.27500	-171
12.28333	-171
12.29167	-171
12.30000	-170
12.30833	-170
12.31667	-170
12.32500	-170
12.33333	-170
12.34167	-170
12.35000	-170
12.35833	-170
12.36667	-170
12.37500	-170
12.38333	-170
12.39167	-170
12.40000	-170
12.40833	-170
12.41667	-170
12.42500	-169
12.43333	-169
12.44167	-169
12.45000	-169
12.45833	-169
12.46667	-169
12.47500	-169
12.48333	-169
12.49167	-169
12.50000	-169
12.50833	-168
12.51667	-168
12.52500	-168
12.53333	-167
12.54167	-167
12.55000	-167
12.55833	-166
12.56667	-166
12.57500	-166
12.58333	-165
12.59167	-165
12.60000	-165
12.60833	-165
12.61667	-165
12.62500	-164
12.63333	-164
12.64167	-163
12.65000	-163
12.65833	-163
12.66667	-162
12.67500	-162
12.68333	-162
12.69167	-161
12.70000	-161
12.70833	-161
12.71667	-161
12.72500	-161
12.73333	-161
12.74167	-161
12.75000	-161
12.75833	-160
12.76667	-160
12.77500	-160
12.78333	-159
12.79167	-159
12.80000	-159
12.80833	-158
12.81667	-158
12.82500	-158
12.83333	-157
12.84167	-157
12.85000	-156
12.85833	-156
12.86667	-156
12.87500	-156
12.88333	-156
12.89167	-156
12.90000	-156
12.90833	-156
12.91667	-155
12.92500	-155
12.93333	-155
12.94167	-155
12.95000	-155
12.95833	-155
12.96667	-155
12.97500	-155
12.98333	-155
12.99167	-155
13.00000	-154
13.00833	-154
13.01667	-154
13.02500	-153
13.03333	-152
13.04167	-152
13.05000	-152
13.05833	-151
13.06667	-151
13.07500	-151
13.08333	-151
13.09167	-151
13.10000	-151
13.10833	-151
13.11667	-151
13.12500	-151
13.13333	-151
13.14167	-150
13.15000	-150
13.15833	-149
13.16667	-149
13.17500	-149
13.18333	-148
13.19167	-148
13.20000	-147
13.20833	-147
13.21667	-147
13.22500	-146
13.23333	-146
13.24167	-145
13.25000	-145
13.25833	-144
13.26667	-144
13.27500	-143
13.28333	-142
13.29167	-142
13.30000	-141
13.30833	-140
13.31667	-139
13.32500	-138
13.33333	-136
13.34167	-135
13.35000	-134
13.35833	-132
13.36667	-131
13.37500	-129
13.38333	-127
13.39167	-125
13.40000	-122
13.40833	-119
13.41667	-116
13.42500	-113
13.43333	-110
13.44167	-107
13.45000	-103
13.45833	-100
13.46667	-96
13.47500	-93
13.48333	-90
13.49167	-87
13.50000	-84
13.50833	-81
13.51667	-79
13.52500	-77
13.53333	-76
13.54167	-75
13.55000	-74
13.55833	-72
13.56667	-71
13.57500	-71
13.58333	-71
13.59167	-71
13.60000	-72
13.60833	-73
13.61667	-74
13.62500	-75
13.63333	-75
13.64167	-76
13.65000	-78
13.65833	-79
13.66667	-81
13.67500	-82
13.68333	-83
13.69167	-85
13.70000	-86
13.70833	-87
13.71667	-88
13.72500	-88
13.73333	-89
13.74167	-89
13.75000	-90
13.75833	-90
13.76667	-90
13.77500	-90
13.78333	-89
13.79167	-89
13.80000	-88
13.80833	-87
13.81667	-87
13.82500	-85
13.83333	-84
13.84167	-83
13.85000	-82
13.85833	-81
13.86667	-80
13.87500	-78
13.88333	-77
13.89167	-75
13.90000	-73
13.90833	-71
13.91667	-69
13.92500	-68
13.93333	-66
13.94167	-64
13.95000	-63
13.95833	-61
13.96667	-59
13.97500	-57
13.98333	-56
13.99167	-54
14.00000	-52
14.00833	-50
14.01667	-47
14.02500	-45
14.03333	-43
14.04167	-40
14.05000	-38
14.05833	-36
14.06667	-34
14.07500	-32
14.08333	-30
14.09167	-28
14.10000	-25
14.10833	-23
14.11667	-21
14.12500	-18
14.13333	-16
14.14167	-14
14.15000	-12
14.15833	-9
14.16667	-6
14.17500	-4
14.18333	-2
14.19167	-1
14.20000	1
14.20833	3
14.21667	5
14.22500	7
14.23333	9
14.24167	11
14.25000	13
14.25833	15
14.26667	17
14.27500	20
14.28333	22
14.29167	24
14.30000	25
14.30833	27
14.31667	29
14.32500	30
14.33333	31
14.34167	33
14.35000	35
14.35833	37
14.36667	38
14.37500	40
14.38333	41
14.39167	43
14.40000	44
14.40833	45
14.41667	46
14.42500	48
14.43333	49
14.44167	50
14.45000	51
14.45833	53
14.46667	54
14.47500	55
14.48333	56
14.49167	57
14.50000	58
14.50833	59
14.51667	59
14.52500	60
14.53333	61
14.54167	61
14.55000	61
14.55833	62
14.56667	62
14.57500	63
14.58333	64
14.59167	65
14.60000	66
14.60833	66
14.61667	67
14.62500	68
14.63333	68
14.64167	68
14.65000	68
14.65833	68
14.66667	68
14.67500	68
14.68333	68
14.69167	68
14.70000	68
14.70833	68
14.71667	68
14.72500	68
14.73333	68
14.74167	68
14.75000	68
14.75833	68
14.76667	67
14.77500	67
14.78333	66
14.79167	66
14.80000	66
14.80833	66
14.81667	65
14.82500	65
14.83333	64
14.84167	63
14.85000	62
14.85833	62
14.86667	61
14.87500	60
14.88333	60
14.89167	59
14.90000	59
14.90833	58
14.91667	57
14.92500	56
14.93333	56
14.94167	55
14.95000	54
14.95833	54
14.96667	53
14.97500	52
14.98333	51
14.99167	50
15.00000	49
15.00833	48
15.01667	47
15.02500	46
15.03333	46
15.04167	45
15.05000	44
15.05833	42
15.06667	41
15.07500	39
15.08333	38
15.09167	37
15.10000	36
15.10833	35
15.11667	35
15.12500	34
15.13333	32
15.14167	31
15.15000	30
15.15833	29
15.16667	28
15.17500	26
15.18333	25
15.19167	24
15.20000	22
15.20833	21
15.21667	19
15.22500	18
15.23333	17
15.24167	15
15.25000	14
15.25833	13
15.26667	11
15.27500	10
15.28333	8
15.29167	6
15.30000	4
15.30833	3
15.31667	1
15.32500	-1
15.33333	-3
15.34167	-5
15.35000	-7
15.35833	-8
15.36667	-10
15.37500	-11
15.38333	-12
15.39167	-14
15.40000	-16
15.40833	-18
15.41667	-20
15.42500	-22
15.43333	-24
15.44167	-26
15.45000	-28
15.45833	-30
15.46667	-32
15.47500	-35
15.48333	-37
15.49167	-39
15.50000	-41
15.50833	-42
15.51667	-44
15.52500	-46
15.53333	-49
15.54167	-50
15.55000	-52
15.55833	-54
15.56667	-56
15.57500	-58
15.58333	-60
15.59167	-62
15.60000	-64
15.60833	-66
15.61667	-68
15.62500	-70
15.63333	-72
15.64167	-73
15.65000	-75
15.65833	-77
15.66667	-78
15.67500	-80
15.68333	-81
15.69167	-83
15.70000	-85
15.70833	-87
15.71667	-89
15.72500	-91
15.73333	-93
15.74167	-95
15.75000	-97
15.75833	-98
15.76667	-100
15.77500	-101
15.78333	-103
15.79167	-104
15.80000	-106
15.80833	-107
15.81667	-108
15.82500	-109
15.83333	-110
15.84167	-111
15.85000	-112
15.85833	-113
15.86667	-114
15.87500	-115
15.88333	-115
15.89167	-117
15.90000	-118
15.90833	-119
15.91667	-120
15.92500	-121
15.93333	-122
15.94167	-123
15.95000	-123
15.95833	-124
15.96667	-125
15.97500	-125
15.98333	-126
15.99167	-126
16.00000	-126
16.00833	-126
16.01667	-126
16.02500	-127
16.03333	-127
16.04167	-128
16.05000	-129
16.05833	-129
16.06667	-130
16.07500	-131
16.08333	-131
16.09167	-131
16.10000	-132
16.10833	-132
16.11667	-132
16.12500	-132
16.13333	-132
16.14167	-132
16.15000	-132
16.15833	-132
16.16667	-132
16.17500	-132
16.18333	-132
16.19167	-132
16.20000	-132
16.20833	-133
16.21667	-133
16.22500	-133
16.23333	-133
16.24167	-133
16.25000	-134
16.25833	-135
16.26667	-135
16.27500	-135
16.28333	-135
16.29167	-135
16.30000	-135
16.30833	-135
16.31667	-135
16.32500	-135
16.33333	-135
16.34167	-135
16.35000	-135
16.35833	-134
16.36667	-134
16.37500	-134
16.38333	-134
16.39167	-133
16.40000	-133
16.40833	-133
16.41667	-133
16.42500	-133
16.43333	-133
16.44167	-133
16.45000	-133
16.45833	-133
16.46667	-133
16.47500	-133
16.48333	-132
16.49167	-132
16.50000	-132
16.50833	-131
16.51667	-132
16.52500	-131
16.53333	-131
16.54167	-131
16.55000	-131
16.55833	-131
16.56667	-131
16.57500	-131
16.58333	-130
16.59167	-130
16.60000	-129
16.60833	-129
16.61667	-128
16.62500	-127
16.63333	-127
16.64167	-126
16.65000	-126
16.65833	-125
16.66667	-125
16.67500	-124
16.68333	-124
16.69167	-124
16.70000	-123
16.70833	-123
16.71667	-123
16.72500	-122
16.73333	-122
16.74167	-121
16.75000	-121
16.75833	-120
16.76667	-120
16.77500	-119
16.78333	-119
16.79167	-118
16.80000	-118
16.80833	-117
16.81667	-116
16.82500	-115
16.83333	-114
16.84167	-113
16.85000	-112
16.85833	-111
16.86667	-110
16.87500	-110
16.88333	-109
16.89167	-109
16.90000	-108
16.90833	-108
16.91667	-107
16.92500	-106
16.93333	-105
16.94167	-104
16.95000	-104
16.95833	-103
16.96667	-103
16.97500	-103
16.98333	-103
16.99167	-103
17.00000	-103
17.00833	-103
17.01667	-103
17.02500	-103
17.03333	-103
17.04167	-103
17.05000	-103
17.05833	-103
17.06667	-103
17.07500	-102
17.08333	-102
17.09167	-102
17.10000	-102
17.10833	-102
17.11667	-102
17.12500	-102
17.13333	-102
17.14167	-102
17.15000	-102
17.15833	-102
17.16667	-101
17.17500	-102
17.18333	-101
17.19167	-101
17.20000	-101
17.20833	-101
17.21667	-100
17.22500	-100
17.23333	-99
17.24167	-99
17.25000	-98
17.25833	-98
17.26667	-98
17.27500	-98
17.28333	-98
17.29167	-97
17.30000	-97
17.30833	-96
17.31667	-96
17.32500	-95
17.33333	-94
17.34167	-94
17.35000	-94
17.35833	-94
17.36667	-94
17.37500	-93
17.38333	-92
17.39167	-92
17.40000	-91
17.40833	-91
17.41667	-90
17.42500	-90
17.43333	-90
17.44167	-89
17.45000	-89
17.45833	-89
17.46667	-88
17.47500	-88
17.48333	-88
17.49167	-88
17.50000	-88
17.50833	-87
17.51667	-87
17.52500	-86
17.53333	-85
17.54167	-85
17.55000	-85
17.55833	-85
17.56667	-85
17.57500	-84
17.58333	-84
17.59167	-83
17.60000	-82
17.60833	-82
17.61667	-81
17.62500	-81
17.63333	-81
17.64167	-81
17.65000	-80
17.65833	-80
17.66667	-79
17.67500	-78
17.68333	-78
17.69167	-77
17.70000	-77
17.70833	-76
17.71667	-76
17.72500	-76
17.73333	-75
17.74167	-75
17.75000	-75
17.75833	-75
17.76667	-74
17.77500	-74
17.78333	-73
17.79167	-73
17.80000	-72
17.80833	-72
17.81667	-71
17.82500	-71
17.83333	-71
17.84167	-71
17.85000	-70
17.85833	-70
17.86667	-69
17.87500	-69
17.88333	-68
17.89167	-67
17.90000	-66
17.90833	-65
17.91667	-64
17.92500	-64
17.93333	-63
17.94167	-62
17.95000	-62
17.95833	-61
17.96667	-60
17.97500	-59
17.98333	-58
17.99167	-57
18.00000	-56
18.00833	-55
18.01667	-54
18.02500	-53
18.03333	-52
18.04167	-51
18.05000	-50
18.05833	-49
18.06667	-48
18.07500	-47
18.08333	-46
18.09167	-45
18.10000	-44
18.10833	-44
18.11667	-43
18.12500	-43
18.13333	-42
18.14167	-42
18.15000	-42
18.15833	-41
18.16667	-40
18.17500	-39
18.18333	-38
18.19167	-38
18.20000	-37
18.20833	-37
18.21667	-37
18.22500	-37
18.23333	-37
18.24167	-37
18.25000	-37
18.25833	-36
18.26667	-36
18.27500	-36
18.28333	-35
18.29167	-35
18.30000	-34
18.30833	-34
18.31667	-33
18.32500	-33
18.33333	-33
18.34167	-33
18.35000	-32
18.35833	-32
18.36667	-31
18.37500	-30
18.38333	-30
18.39167	-30
18.40000	-29
18.40833	-29
18.41667	-28
18.42500	-28
18.43333	-27
18.44167	-27
18.45000	-26
18.45833	-25
18.46667	-24
18.47500	-24
18.48333	-24
18.49167	-23
18.50000	-23
18.50833	-22
18.51667	-21
18.52500	-21
18.53333	-21
18.54167	-20
18.55000	-19
18.55833	-19
18.56667	-18
18.57500	-18
18.58333	-17
18.59167	-17
18.60000	-16
18.60833	-15
18.61667	-15
18.62500	-14
18.63333	-13
18.64167	-12
18.65000	-11
18.65833	-10
18.66667	-9
18.67500	-9
18.68333	-8
18.69167	-8
18.70000	-7
18.70833	-6
18.71667	-6
18.72500	-6
18.73333	-5
18.74167	-4
18.75000	-3
18.75833	-2
18.76667	-1
18.77500	-1
18.78333	-0
18.79167	1
18.80000	2
18.80833	2
18.81667	3
18.82500	4
18.83333	6
18.84167	6
18.85000	7
18.85833	8
18.86667	8
18.87500	9
18.88333	9
18.89167	10
18.90000	11
18.90833	11
18.91667	12
18.92500	13
18.93333	14
18.94167	15
18.95000	16
18.95833	17
18.96667	18
18.97500	18
18.98333	19
18.99167	20
19.00000	21
19.00833	21
19.01667	22
19.02500	23
19.03333	24
19.04167	25
19.05000	26
19.05833	27
19.06667	28
19.07500	29
19.08333	30
19.09167	31
19.10000	31
19.10833	32
19.11667	33
19.12500	34
19.13333	35
19.14167	35
19.15000	36
19.15833	37
19.16667	38
19.17500	38
19.18333	39
19.19167	40
19.20000	40
19.20833	41
19.21667	41
19.22500	42
19.23333	43
19.24167	45
19.25000	45
19.25833	46
19.26667	47
19.27500	48
19.28333	49
19.29167	50
19.30000	50
19.30833	51
19.31667	52
19.32500	53
19.33333	54
19.34167	54
19.35000	55
19.35833	56
19.36667	57
19.37500	58
19.38333	58
19.39167	60
19.40000	61
19.40833	62
19.41667	62
19.42500	63
19.43333	63
19.44167	64
19.45000	66
19.45833	67
19.46667	68
19.47500	69
19.48333	70
19.49167	71
19.50000	71
19.50833	72
19.51667	73
19.52500	73
19.53333	74
19.54167	75
19.55000	76
19.55833	77
19.56667	77
19.57500	78
19.58333	79
19.59167	80
19.60000	81
19.60833	81
19.61667	82
19.62500	83
19.63333	84
19.64167	84
19.65000	85
19.65833	85
19.66667	86
19.67500	86
19.68333	87
19.69167	88
19.70000	89
19.70833	90
19.71667	91
19.72500	92
19.73333	93
19.74167	93
19.75000	94
19.75833	95
19.76667	96
19.77500	97
19.78333	97
19.79167	98
19.80000	99
19.80833	99
19.81667	100
19.82500	101
19.83333	102
19.84167	102
19.85000	103
19.85833	104
19.86667	104
19.87500	105
19.88333	106
19.89167	107
19.90000	109
19.90833	110
19.91667	111
19.92500	112
19.93333	113
19.94167	114
19.95000	115
19.95833	117
19.96667	117
19.97500	118
19.98333	118
19.99167	119
20.00000	119
20.00833	120
20.01667	121
20.02500	122
20.03333	123
20.04167	124
20.05000	125
20.05833	125
20.06667	126
20.07500	127
20.08333	128
20.09167	129
20.10000	131
20.10833	132
20.11667	133
20.12500	133
20.13333	134
20.14167	135
20.15000	136
20.15833	137
20.16667	138
20.17500	139
20.18333	139
20.19167	140
20.20000	141
20.20833	142
20.21667	143
20.22500	143
20.23333	145
20.24167	146
20.25000	147
20.25833	148
20.26667	149
20.27500	149
20.28333	150
20.29167	151
20.30000	152
20.30833	153
20.31667	154
20.32500	155
20.33333	156
20.34167	157
20.35000	157
20.35833	158
20.36667	158
20.37500	159
20.38333	159
20.39167	160
20.40000	161
20.40833	162
20.41667	164
20.42500	164
20.43333	165
20.44167	166
20.45000	167
20.45833	168
20.46667	169
20.47500	169
20.48333	170
20.49167	171
20.50000	171
20.50833	172
20.51667	173
20.52500	174
20.53333	175
20.54167	176
20.55000	177
20.55833	178
20.56667	179
20.57500	179
20.58333	180
20.59167	180
20.60000	181
20.60833	182
20.61667	184
20.62500	185
20.63333	187
20.64167	188
20.65000	189
20.65833	190
20.66667	191
20.67500	192
20.68333	193
20.69167	194
20.70000	195
20.70833	196
20.71667	197
20.72500	199
20.73333	200
20.74167	201
20.75000	202
20.75833	203
20.76667	205
20.77500	206
20.78333	207
20.79167	208
20.80000	209
20.80833	210
20.81667	211
20.82500	212
20.83333	213
20.84167	214
20.85000	215
20.85833	216
20.86667	217
20.87500	219
20.88333	220
20.89167	221
20.90000	222
20.90833	223
20.91667	225
20.92500	226
20.93333	227
20.94167	228
20.95000	229
20.95833	231
20.96667	232
20.97500	233
20.98333	234
20.99167	235
21.00000	236
21.00833	237
21.01667	238
21.02500	239
21.03333	240
21.04167	240
21.05000	241
21.05833	243
21.06667	244
21.07500	245
21.08333	246
21.09167	247
21.10000	248
21.10833	249
21.11667	250
21.12500	251
21.13333	252
21.14167	252
21.15000	253
21.15833	254
21.16667	255
21.17500	256
21.18333	257
21.19167	258
21.20000	259
21.20833	260
21.21667	261
21.22500	261
21.23333	262
21.24167	263
21.25000	264
21.25833	264
21.26667	265
21.27500	267
21.28333	268
21.29167	269
21.30000	270
21.30833	271
21.31667	272
21.32500	273
21.33333	275
21.34167	276
21.35000	276
21.35833	277
21.36667	278
21.37500	279
21.38333	280
21.39167	281
21.40000	282
21.40833	284
21.41667	285
21.42500	285
21.43333	286
21.44167	286
21.45000	287
21.45833	287
21.46667	288
21.47500	289
21.48333	290
21.49167	291
21.50000	292
21.50833	293
21.51667	294
21.52500	296
21.53333	297
21.54167	297
21.55000	298
21.55833	299
21.56667	300
21.57500	301
21.58333	302
21.59167	303
21.60000	304
21.60833	304
21.61667	305
21.62500	306
21.63333	306
21.64167	306
21.65000	307
21.65833	308
21.66667	308
21.67500	309
21.68333	309
21.69167	311
21.70000	311
21.70833	312
21.71667	312
21.72500	313
21.73333	314
21.74167	315
21.75000	315
21.75833	316
21.76667	316
21.77500	317
21.78333	317
21.79167	317
21.80000	317
21.80833	317
21.81667	318
21.82500	318
21.83333	318
21.84167	318
21.85000	319
21.85833	319
21.86667	320
21.87500	320
21.88333	321
21.89167	321
21.90000	322
21.90833	322
21.91667	322
21.92500	323
21.93333	323
21.94167	324
21.95000	324
21.95833	325
21.96667	325
21.97500	325
21.98333	326
21.99167	326
22.00000	327
22.00833	327
22.01667	327
22.02500	327
22.03333	328
22.04167	328
22.05000	329
22.05833	329
22.06667	329
22.07500	330
22.08333	330
22.09167	330
22.10000	331
22.10833	331
22.11667	330
22.12500	331
22.13333	331
22.14167	331
22.15000	332
22.15833	332
22.16667	331
22.17500	331
22.18333	331
22.19167	331
22.20000	331
22.20833	331
22.21667	332
22.22500	332
22.23333	332
22.24167	332
22.25000	332
22.25833	332
22.26667	332
22.27500	332
22.28333	332
22.29167	332
22.30000	333
22.30833	332
22.31667	332
22.32500	332
22.33333	331
22.34167	331
22.35000	331
22.35833	330
22.36667	329
22.37500	329
22.38333	328
22.39167	328
22.40000	328
22.40833	327
22.41667	326
22.42500	326
22.43333	325
22.44167	324
22.45000	323
22.45833	322
22.46667	321
22.47500	319
22.48333	318
22.49167	316
22.50000	315
22.50833	313
22.51667	312
22.52500	310
22.53333	308
22.54167	305
22.55000	303
22.55833	301
22.56667	299
22.57500	297
22.58333	295
22.59167	292
22.60000	289
22.60833	287
22.61667	284
22.62500	281
22.63333	279
22.64167	276
22.65000	274
22.65833	271
22.66667	269
22.67500	266
22.68333	264
22.69167	261
22.70000	259
22.70833	257
22.71667	255
22.72500	253
22.73333	251
22.74167	249
22.75000	247
22.75833	245
22.76667	243
22.77500	241
22.78333	240
22.79167	239
22.80000	238
22.80833	237
22.81667	236
22.82500	236
22.83333	236
22.84167	237
22.85000	237
22.85833	237
22.86667	238
22.87500	239
22.88333	240
22.89167	241
22.90000	242
22.90833	243
22.91667	245
22.92500	246
22.93333	248
22.94167	251
22.95000	253
22.95833	256
22.96667	259
22.97500	262
22.98333	265
22.99167	267
23.00000	270
23.00833	273
23.01667	276
23.02500	279
23.03333	281
23.04167	284
23.05000	286
23.05833	289
23.06667	291
23.07500	294
23.08333	296
23.09167	298
23.10000	300
23.10833	302
23.11667	305
23.12500	307
23.13333	309
23.14167	310
23.15000	312
23.15833	314
23.16667	315
23.17500	317
23.18333	318
23.19167	319
23.20000	320
23.20833	321
23.21667	322
23.22500	323
23.23333	325
23.24167	326
23.25000	328
23.25833	329
23.26667	330
23.27500	331
23.28333	332
23.29167	332
23.30000	332
23.30833	333
23.31667	333
23.32500	334
23.33333	335
23.34167	335
23.35000	335
23.35833	336
23.36667	336
23.37500	336
23.38333	336
23.39167	336
23.40000	336
23.40833	336
23.41667	337
23.42500	337
23.43333	337
23.44167	337
23.45000	338
23.45833	338
23.46667	338
23.47500	338
23.48333	338
23.49167	337
23.50000	337
23.50833	337
23.51667	336
23.52500	336
23.53333	336
23.54167	335
23.55000	335
23.55833	335
23.56667	335
23.57500	335
23.58333	335
23.59167	335
23.60000	334
23.60833	334
23.61667	334
23.62500	333
23.63333	333
23.64167	332
23.65000	332
23.65833	331
23.66667	331
23.67500	330
23.68333	329
23.69167	329
23.70000	328
23.70833	328
23.71667	327
23.72500	326
23.73333	326
23.74167	326
23.75000	325
23.75833	325
23.76667	325
23.77500	324
23.78333	324
23.79167	323
23.80000	322
23.80833	322
23.81667	321
23.82500	321
23.83333	320
23.84167	319
23.85000	319
23.85833	318
23.86667	317
23.87500	317
23.88333	316
23.89167	315
23.90000	315
23.90833	314
23.91667	313
23.92500	313
23.93333	312
23.94167	312
23.95000	311
23.95833	310
23.96667	310
23.97500	310
23.98333	309
23.99167	308
24.00000	307
24.00833	307
24.01667	306
24.02500	306
24.03333	305
24.04167	304
24.05000	304
24.05833	303
24.06667	302
24.07500	301
24.08333	300
24.09167	299
24.10000	299
24.10833	298
24.11667	296
24.12500	295
24.13333	294
24.14167	293
24.15000	292
24.15833	291
24.16667	290
24.17500	289
24.18333	288
24.19167	287
24.20000	285
24.20833	284
24.21667	282
24.22500	281
24.23333	280
24.24167	279
24.25000	278
24.25833	277
24.26667	276
24.27500	274
24.28333	273
24.29167	271
24.30000	270
24.30833	268
24.31667	267
24.32500	265
24.33333	264
24.34167	262
24.35000	261
24.35833	259
24.36667	257
24.37500	256
24.38333	254
24.39167	253
24.40000	252
24.40833	251
24.41667	250
24.42500	248
24.43333	246
24.44167	245
24.45000	244
24.45833	243
24.46667	242
24.47500	241
24.48333	240
24.49167	239
24.50000	239
24.50833	238
24.51667	237
24.52500	236
24.53333	235
24.54167	235
24.55000	234
24.55833	234
24.56667	234
24.57500	234
24.58333	234
24.59167	234
24.60000	233
24.60833	233
24.61667	233
24.62500	233
24.63333	233
24.64167	233
24.65000	234
24.65833	234
24.66667	235
24.67500	235
24.68333	235
24.69167	236
24.70000	237
24.70833	237
24.71667	238
24.72500	238
24.73333	239
24.74167	239
24.75000	239
24.75833	240
24.76667	240
24.77500	241
24.78333	241
24.79167	241
24.80000	242
24.80833	242
24.81667	243
24.82500	244
24.83333	244
24.84167	245
24.85000	245
24.85833	246
24.86667	247
24.87500	248
24.88333	249
24.89167	250
24.90000	250
24.90833	251
24.91667	251
24.92500	252
24.93333	252
24.94167	252
24.95000	252
24.95833	252
24.96667	253
24.97500	253
24.98333	254
24.99167	254
25.00000	255
25.00833	255
25.01667	255
25.02500	256
25.03333	256
25.04167	256
25.05000	256
25.05833	257
25.06667	257
25.07500	257
25.08333	258
25.09167	258
25.10000	258
25.10833	258
25.11667	257
25.12500	257
25.13333	257
25.14167	257
25.15000	257
25.15833	257
25.16667	257
25.17500	256
25.18333	256
25.19167	256
25.20000	255
25.20833	255
25.21667	254
25.22500	254
25.23333	253
25.24167	252
25.25000	252
25.25833	252
25.26667	252
25.27500	251
25.28333	250
25.29167	250
25.30000	249
25.30833	248
25.31667	247
25.32500	246
25.33333	245
25.34167	244
25.35000	243
25.35833	242
25.36667	241
25.37500	241
25.38333	240
25.39167	239
25.40000	238
25.40833	237
25.41667	236
25.42500	236
25.43333	235
25.44167	234
25.45000	234
25.45833	233
25.46667	231
25.47500	230
25.48333	230
25.49167	229
25.50000	228
25.50833	228
25.51667	228
25.52500	227
25.53333	227
25.54167	226
25.55000	226
25.55833	225
25.56667	224
25.57500	224
25.58333	223
25.59167	222
25.60000	221
25.60833	221
25.61667	220
25.62500	220
25.63333	219
25.64167	219
25.65000	219
25.65833	219
25.66667	219
25.67500	219
25.68333	218
25.69167	218
25.70000	218
25.70833	218
25.71667	217
25.72500	217
25.73333	216
25.74167	216
25.75000	216
25.75833	215
25.76667	215
25.77500	215
25.78333	215
25.79167	215
25.80000	215
25.80833	215
25.81667	215
25.82500	214
25.83333	214
25.84167	213
25.85000	213
25.85833	213
25.86667	213
25.87500	213
25.88333	213
25.89167	213
25.90000	213
25.90833	214
25.91667	214
25.92500	213
25.93333	214
25.94167	214
25.95000	214
25.95833	213
25.96667	213
25.97500	213
25.98333	213
25.99167	213
26.00000	213
26.00833	213
26.01667	213
26.02500	213
26.03333	213
26.04167	213
26.05000	213
26.05833	213
26.06667	213
26.07500	213
26.08333	213
26.09167	213
26.10000	213
26.10833	214
26.11667	214
26.12500	214
26.13333	215
26.14167	215
26.15000	216
26.15833	216
26.16667	216
26.17500	216
26.18333	216
26.19167	217
26.20000	217
26.20833	217
26.21667	217
26.22500	217
26.23333	218
26.24167	218
26.25000	219
26.25833	219
26.26667	219
26.27500	220
26.28333	220
26.29167	221
26.30000	221
26.30833	222
26.31667	223
26.32500	224
26.33333	225
26.34167	225
26.35000	226
26.35833	227
26.36667	227
26.37500	227
26.38333	228
26.39167	228
26.40000	228
26.40833	229
26.41667	229
26.42500	229
26.43333	229
26.44167	229
26.45000	229
26.45833	229
26.46667	228
26.47500	228
26.48333	227
26.49167	227
26.50000	226
26.50833	226
26.51667	225
26.52500	224
26.53333	223
26.54167	222
26.55000	220
26.55833	219
26.56667	217
26.57500	215
26.58333	213
26.59167	210
26.60000	208
26.60833	206
26.61667	204
26.62500	202
26.63333	199
26.64167	197
26.65000	194
26.65833	191
26.66667	189
26.67500	186
26.68333	183
26.69167	180
26.70000	177
26.70833	174
26.71667	170
26.72500	167
26.73333	164
26.74167	161
26.75000	158
26.75833	155
26.76667	152
26.77500	149
26.78333	146
26.79167	143
26.80000	140
26.80833	137
26.81667	135
26.82500	132
26.83333	130
26.84167	127
26.85000	125
26.85833	122
26.86667	120
26.87500	118
26.88333	115
26.89167	113
26.90000	111
26.90833	109
26.91667	107
26.92500	105
26.93333	103
26.94167	101
26.95000	99
26.95833	97
26.96667	95
26.97500	94
26.98333	92
26.99167	91
27.00000	89
27.00833	87
27.01667	85
27.02500	84
27.03333	82
27.04167	81
27.05000	79
27.05833	77
27.06667	76
27.07500	75
27.08333	73
27.09167	72
27.10000	71
27.10833	70
27.11667	69
27.12500	68
27.13333	67
27.14167	67
27.15000	65
27.15833	64
27.16667	63
27.17500	62
27.18333	61
27.19167	60
27.20000	60
27.20833	59
27.21667	59
27.22500	58
27.23333	57
27.24167	56
27.25000	55
27.25833	54
27.26667	52
27.27500	51
27.28333	50
27.29167	49
27.30000	48
27.30833	47
27.31667	47
27.32500	47
27.33333	46
27.34167	45
27.35000	45
27.35833	44
27.36667	44
27.37500	43
27.38333	43
27.39167	43
27.40000	42
27.40833	42
27.41667	42
27.42500	41
27.43333	40
27.44167	40
27.45000	39
27.45833	39
27.46667	38
27.47500	38
27.48333	37
27.49167	37
27.50000	36
27.50833	36
27.51667	36
27.52500	35
27.53333	34
27.54167	33
27.55000	33
27.55833	33
27.56667	32
27.57500	31
27.58333	31
27.59167	30
27.60000	30
27.60833	29
27.61667	28
27.62500	28
27.63333	27
27.64167	26
27.65000	26
27.65833	25
27.66667	24
27.67500	24
27.68333	24
27.69167	23
27.70000	22
27.70833	22
27.71667	21
27.72500	21
27.73333	21
27.74167	20
27.75000	20
27.75833	19
27.76667	18
27.77500	18
27.78333	17
27.79167	17
27.80000	16
27.80833	16
27.81667	15
27.82500	14
27.83333	14
27.84167	13
27.85000	13
27.85833	12
27.86667	12
27.87500	12
27.88333	11
27.89167	11
27.90000	10
27.90833	9
27.91667	9
27.92500	8
27.93333	7
27.94167	7
27.95000	6
27.95833	6
27.96667	5
27.97500	5
27.98333	5
27.99167	5
28.00000	5

