R.Time (min)	Intensity
0.00000	-44
0.00833	-44
0.01667	-0
0.02500	-1
0.03333	-1
0.04167	-2
0.05000	-2
0.05833	-3
0.06667	-3
0.07500	-3
0.08333	-3
0.09167	-3
0.10000	-4
0.10833	-4
0.11667	-5
0.12500	-5
0.13333	-5
0.14167	-6
0.15000	-6
0.15833	-6
0.16667	-7
0.17500	-8
0.18333	-8
0.19167	-9
0.20000	-10
0.20833	-11
0.21667	-12
0.22500	-13
0.23333	-14
0.24167	-15
0.25000	-15
0.25833	-16
0.26667	-16
0.27500	-17
0.28333	-18
0.29167	-19
0.30000	-20
0.30833	-21
0.31667	-22
0.32500	-22
0.33333	-23
0.34167	-24
0.35000	-24
0.35833	-25
0.36667	-25
0.37500	-25
0.38333	-25
0.39167	-26
0.40000	-26
0.40833	-27
0.41667	-28
0.42500	-28
0.43333	-29
0.44167	-29
0.45000	-29
0.45833	-30
0.46667	-31
0.47500	-31
0.48333	-32
0.49167	-33
0.50000	-34
0.50833	-36
0.51667	-37
0.52500	-38
0.53333	-40
0.54167	-41
0.55000	-42
0.55833	-43
0.56667	-44
0.57500	-45
0.58333	-45
0.59167	-46
0.60000	-46
0.60833	-47
0.61667	-47
0.62500	-47
0.63333	-47
0.64167	-48
0.65000	-48
0.65833	-48
0.66667	-49
0.67500	-48
0.68333	-49
0.69167	-49
0.70000	-49
0.70833	-49
0.71667	-49
0.72500	-50
0.73333	-51
0.74167	-51
0.75000	-51
0.75833	-52
0.76667	-52
0.77500	-53
0.78333	-53
0.79167	-54
0.80000	-54
0.80833	-55
0.81667	-55
0.82500	-55
0.83333	-56
0.84167	-57
0.85000	-58
0.85833	-58
0.86667	-59
0.87500	-60
0.88333	-60
0.89167	-61
0.90000	-61
0.90833	-62
0.91667	-62
0.92500	-63
0.93333	-63
0.94167	-64
0.95000	-64
0.95833	-64
0.96667	-65
0.97500	-65
0.98333	-66
0.99167	-67
1.00000	-68
1.00833	-68
1.01667	-69
1.02500	-69
1.03333	-70
1.04167	-70
1.05000	-71
1.05833	-71
1.06667	-71
1.07500	-72
1.08333	-73
1.09167	-73
1.10000	-73
1.10833	-74
1.11667	-74
1.12500	-74
1.13333	-74
1.14167	-74
1.15000	-74
1.15833	-74
1.16667	-75
1.17500	-76
1.18333	-76
1.19167	-77
1.20000	-77
1.20833	-78
1.21667	-78
1.22500	-78
1.23333	-79
1.24167	-79
1.25000	-80
1.25833	-80
1.26667	-80
1.27500	-80
1.28333	-81
1.29167	-81
1.30000	-82
1.30833	-82
1.31667	-83
1.32500	-83
1.33333	-83
1.34167	-83
1.35000	-84
1.35833	-84
1.36667	-85
1.37500	-85
1.38333	-86
1.39167	-86
1.40000	-87
1.40833	-87
1.41667	-88
1.42500	-89
1.43333	-89
1.44167	-90
1.45000	-90
1.45833	-90
1.46667	-91
1.47500	-91
1.48333	-91
1.49167	-92
1.50000	-92
1.50833	-92
1.51667	-92
1.52500	-92
1.53333	-92
1.54167	-93
1.55000	-93
1.55833	-93
1.56667	-94
1.57500	-94
1.58333	-94
1.59167	-94
1.60000	-94
1.60833	-95
1.61667	-95
1.62500	-96
1.63333	-97
1.64167	-97
1.65000	-97
1.65833	-97
1.66667	-97
1.67500	-97
1.68333	-97
1.69167	-98
1.70000	-98
1.70833	-98
1.71667	-98
1.72500	-98
1.73333	-98
1.74167	-99
1.75000	-99
1.75833	-99
1.76667	-100
1.77500	-100
1.78333	-100
1.79167	-100
1.80000	-100
1.80833	-100
1.81667	-100
1.82500	-101
1.83333	-101
1.84167	-102
1.85000	-102
1.85833	-102
1.86667	-103
1.87500	-103
1.88333	-104
1.89167	-105
1.90000	-105
1.90833	-106
1.91667	-106
1.92500	-106
1.93333	-106
1.94167	-107
1.95000	-107
1.95833	-107
1.96667	-108
1.97500	-108
1.98333	-108
1.99167	-109
2.00000	-109
2.00833	-109
2.01667	-109
2.02500	-109
2.03333	-109
2.04167	-109
2.05000	-109
2.05833	-109
2.06667	-109
2.07500	-109
2.08333	-109
2.09167	-109
2.10000	-109
2.10833	-108
2.11667	-108
2.12500	-108
2.13333	-107
2.14167	-107
2.15000	-106
2.15833	-106
2.16667	-105
2.17500	-104
2.18333	-103
2.19167	-101
2.20000	-101
2.20833	-100
2.21667	-98
2.22500	-97
2.23333	-95
2.24167	-93
2.25000	-91
2.25833	-89
2.26667	-88
2.27500	-86
2.28333	-83
2.29167	-81
2.30000	-79
2.30833	-76
2.31667	-74
2.32500	-71
2.33333	-68
2.34167	-65
2.35000	-62
2.35833	-58
2.36667	-55
2.37500	-51
2.38333	-46
2.39167	-42
2.40000	-37
2.40833	-32
2.41667	-26
2.42500	-21
2.43333	-15
2.44167	-9
2.45000	-3
2.45833	4
2.46667	12
2.47500	20
2.48333	29
2.49167	38
2.50000	47
2.50833	58
2.51667	68
2.52500	79
2.53333	91
2.54167	104
2.55000	117
2.55833	131
2.56667	146
2.57500	161
2.58333	178
2.59167	195
2.60000	213
2.60833	233
2.61667	253
2.62500	275
2.63333	298
2.64167	322
2.65000	347
2.65833	374
2.66667	402
2.67500	431
2.68333	462
2.69167	494
2.70000	528
2.70833	564
2.71667	602
2.72500	642
2.73333	683
2.74167	727
2.75000	773
2.75833	821
2.76667	872
2.77500	926
2.78333	982
2.79167	1042
2.80000	1104
2.80833	1169
2.81667	1238
2.82500	1310
2.83333	1385
2.84167	1464
2.85000	1548
2.85833	1635
2.86667	1728
2.87500	1824
2.88333	1926
2.89167	2031
2.90000	2141
2.90833	2256
2.91667	2376
2.92500	2501
2.93333	2631
2.94167	2766
2.95000	2906
2.95833	3052
2.96667	3203
2.97500	3359
2.98333	3520
2.99167	3686
3.00000	3857
3.00833	4033
3.01667	4213
3.02500	4397
3.03333	4586
3.04167	4778
3.05000	4973
3.05833	5171
3.06667	5371
3.07500	5573
3.08333	5778
3.09167	5983
3.10000	6188
3.10833	6393
3.11667	6598
3.12500	6801
3.13333	7002
3.14167	7200
3.15000	7395
3.15833	7586
3.16667	7772
3.17500	7952
3.18333	8126
3.19167	8293
3.20000	8453
3.20833	8604
3.21667	8746
3.22500	8879
3.23333	9002
3.24167	9114
3.25000	9214
3.25833	9304
3.26667	9382
3.27500	9448
3.28333	9501
3.29167	9542
3.30000	9570
3.30833	9585
3.31667	9587
3.32500	9577
3.33333	9554
3.34167	9517
3.35000	9468
3.35833	9407
3.36667	9334
3.37500	9249
3.38333	9153
3.39167	9046
3.40000	8929
3.40833	8801
3.41667	8665
3.42500	8519
3.43333	8366
3.44167	8205
3.45000	8038
3.45833	7864
3.46667	7684
3.47500	7499
3.48333	7310
3.49167	7116
3.50000	6920
3.50833	6721
3.51667	6521
3.52500	6319
3.53333	6116
3.54167	5913
3.55000	5710
3.55833	5509
3.56667	5309
3.57500	5110
3.58333	4914
3.59167	4720
3.60000	4530
3.60833	4343
3.61667	4159
3.62500	3979
3.63333	3804
3.64167	3633
3.65000	3466
3.65833	3305
3.66667	3148
3.67500	2997
3.68333	2849
3.69167	2707
3.70000	2569
3.70833	2438
3.71667	2311
3.72500	2189
3.73333	2072
3.74167	1960
3.75000	1854
3.75833	1752
3.76667	1654
3.77500	1562
3.78333	1473
3.79167	1390
3.80000	1310
3.80833	1234
3.81667	1162
3.82500	1094
3.83333	1029
3.84167	968
3.85000	911
3.85833	856
3.86667	805
3.87500	756
3.88333	711
3.89167	668
3.90000	627
3.90833	589
3.91667	554
3.92500	521
3.93333	489
3.94167	460
3.95000	432
3.95833	406
3.96667	382
3.97500	358
3.98333	337
3.99167	316
4.00000	297
4.00833	279
4.01667	263
4.02500	246
4.03333	231
4.04167	217
4.05000	203
4.05833	190
4.06667	177
4.07500	165
4.08333	154
4.09167	143
4.10000	133
4.10833	123
4.11667	114
4.12500	106
4.13333	97
4.14167	89
4.15000	82
4.15833	74
4.16667	67
4.17500	60
4.18333	53
4.19167	46
4.20000	40
4.20833	34
4.21667	28
4.22500	22
4.23333	16
4.24167	11
4.25000	6
4.25833	0
4.26667	-5
4.27500	-9
4.28333	-14
4.29167	-19
4.30000	-23
4.30833	-27
4.31667	-31
4.32500	-35
4.33333	-39
4.34167	-43
4.35000	-47
4.35833	-51
4.36667	-54
4.37500	-57
4.38333	-60
4.39167	-63
4.40000	-66
4.40833	-69
4.41667	-72
4.42500	-75
4.43333	-78
4.44167	-80
4.45000	-83
4.45833	-85
4.46667	-87
4.47500	-89
4.48333	-91
4.49167	-93
4.50000	-94
4.50833	-96
4.51667	-98
4.52500	-99
4.53333	-101
4.54167	-103
4.55000	-104
4.55833	-104
4.56667	-105
4.57500	-106
4.58333	-106
4.59167	-107
4.60000	-107
4.60833	-108
4.61667	-108
4.62500	-108
4.63333	-108
4.64167	-108
4.65000	-108
4.65833	-107
4.66667	-106
4.67500	-106
4.68333	-105
4.69167	-105
4.70000	-104
4.70833	-103
4.71667	-103
4.72500	-102
4.73333	-102
4.74167	-101
4.75000	-101
4.75833	-100
4.76667	-100
4.77500	-99
4.78333	-99
4.79167	-98
4.80000	-98
4.80833	-97
4.81667	-97
4.82500	-97
4.83333	-97
4.84167	-96
4.85000	-96
4.85833	-96
4.86667	-95
4.87500	-95
4.88333	-95
4.89167	-95
4.90000	-95
4.90833	-95
4.91667	-95
4.92500	-94
4.93333	-95
4.94167	-94
4.95000	-94
4.95833	-94
4.96667	-93
4.97500	-93
4.98333	-93
4.99167	-92
5.00000	-92
5.00833	-91
5.01667	-91
5.02500	-91
5.03333	-91
5.04167	-91
5.05000	-91
5.05833	-91
5.06667	-91
5.07500	-91
5.08333	-91
5.09167	-91
5.10000	-91
5.10833	-91
5.11667	-91
5.12500	-91
5.13333	-92
5.14167	-92
5.15000	-92
5.15833	-92
5.16667	-92
5.17500	-93
5.18333	-93
5.19167	-93
5.20000	-94
5.20833	-94
5.21667	-95
5.22500	-96
5.23333	-96
5.24167	-97
5.25000	-97
5.25833	-98
5.26667	-99
5.27500	-99
5.28333	-100
5.29167	-100
5.30000	-100
5.30833	-101
5.31667	-101
5.32500	-102
5.33333	-102
5.34167	-103
5.35000	-104
5.35833	-104
5.36667	-105
5.37500	-105
5.38333	-106
5.39167	-106
5.40000	-106
5.40833	-106
5.41667	-107
5.42500	-107
5.43333	-108
5.44167	-109
5.45000	-110
5.45833	-111
5.46667	-111
5.47500	-112
5.48333	-112
5.49167	-112
5.50000	-112
5.50833	-113
5.51667	-113
5.52500	-114
5.53333	-115
5.54167	-115
5.55000	-115
5.55833	-116
5.56667	-116
5.57500	-116
5.58333	-117
5.59167	-117
5.60000	-118
5.60833	-119
5.61667	-119
5.62500	-120
5.63333	-120
5.64167	-120
5.65000	-121
5.65833	-121
5.66667	-121
5.67500	-122
5.68333	-122
5.69167	-122
5.70000	-123
5.70833	-124
5.71667	-124
5.72500	-125
5.73333	-125
5.74167	-125
5.75000	-126
5.75833	-126
5.76667	-126
5.77500	-126
5.78333	-127
5.79167	-127
5.80000	-128
5.80833	-128
5.81667	-128
5.82500	-128
5.83333	-129
5.84167	-129
5.85000	-129
5.85833	-130
5.86667	-130
5.87500	-130
5.88333	-130
5.89167	-130
5.90000	-131
5.90833	-131
5.91667	-131
5.92500	-132
5.93333	-132
5.94167	-132
5.95000	-133
5.95833	-133
5.96667	-134
5.97500	-134
5.98333	-134
5.99167	-135
6.00000	-135
6.00833	-135
6.01667	-135
6.02500	-135
6.03333	-135
6.04167	-136
6.05000	-136
6.05833	-135
6.06667	-135
6.07500	-135
6.08333	-135
6.09167	-135
6.10000	-135
6.10833	-135
6.11667	-135
6.12500	-136
6.13333	-136
6.14167	-135
6.15000	-135
6.15833	-135
6.16667	-135
6.17500	-135
6.18333	-135
6.19167	-135
6.20000	-135
6.20833	-135
6.21667	-135
6.22500	-135
6.23333	-135
6.24167	-134
6.25000	-134
6.25833	-135
6.26667	-134
6.27500	-134
6.28333	-134
6.29167	-134
6.30000	-134
6.30833	-134
6.31667	-134
6.32500	-134
6.33333	-134
6.34167	-134
6.35000	-134
6.35833	-134
6.36667	-134
6.37500	-134
6.38333	-134
6.39167	-134
6.40000	-134
6.40833	-134
6.41667	-134
6.42500	-135
6.43333	-135
6.44167	-135
6.45000	-135
6.45833	-135
6.46667	-136
6.47500	-135
6.48333	-135
6.49167	-135
6.50000	-135
6.50833	-136
6.51667	-136
6.52500	-136
6.53333	-136
6.54167	-136
6.55000	-137
6.55833	-137
6.56667	-137
6.57500	-137
6.58333	-137
6.59167	-137
6.60000	-137
6.60833	-138
6.61667	-138
6.62500	-138
6.63333	-138
6.64167	-138
6.65000	-138
6.65833	-138
6.66667	-138
6.67500	-138
6.68333	-138
6.69167	-138
6.70000	-138
6.70833	-138
6.71667	-138
6.72500	-138
6.73333	-139
6.74167	-139
6.75000	-139
6.75833	-139
6.76667	-139
6.77500	-140
6.78333	-140
6.79167	-140
6.80000	-140
6.80833	-140
6.81667	-140
6.82500	-140
6.83333	-139
6.84167	-139
6.85000	-139
6.85833	-139
6.86667	-140
6.87500	-139
6.88333	-139
6.89167	-138
6.90000	-138
6.90833	-137
6.91667	-137
6.92500	-136
6.93333	-136
6.94167	-136
6.95000	-136
6.95833	-137
6.96667	-137
6.97500	-136
6.98333	-136
6.99167	-136
7.00000	-136
7.00833	-136
7.01667	-137
7.02500	-137
7.03333	-137
7.04167	-137
7.05000	-138
7.05833	-138
7.06667	-138
7.07500	-139
7.08333	-139
7.09167	-139
7.10000	-139
7.10833	-139
7.11667	-140
7.12500	-141
7.13333	-141
7.14167	-141
7.15000	-141
7.15833	-142
7.16667	-142
7.17500	-142
7.18333	-142
7.19167	-142
7.20000	-142
7.20833	-142
7.21667	-142
7.22500	-142
7.23333	-142
7.24167	-142
7.25000	-142
7.25833	-143
7.26667	-143
7.27500	-142
7.28333	-142
7.29167	-142
7.30000	-141
7.30833	-140
7.31667	-139
7.32500	-138
7.33333	-136
7.34167	-133
7.35000	-129
7.35833	-124
7.36667	-117
7.37500	-109
7.38333	-98
7.39167	-86
7.40000	-72
7.40833	-54
7.41667	-35
7.42500	-14
7.43333	9
7.44167	33
7.45000	56
7.45833	80
7.46667	102
7.47500	123
7.48333	141
7.49167	156
7.50000	168
7.50833	176
7.51667	180
7.52500	179
7.53333	175
7.54167	168
7.55000	158
7.55833	145
7.56667	131
7.57500	115
7.58333	98
7.59167	80
7.60000	62
7.60833	45
7.61667	28
7.62500	11
7.63333	-4
7.64167	-17
7.65000	-30
7.65833	-42
7.66667	-53
7.67500	-63
7.68333	-73
7.69167	-81
7.70000	-88
7.70833	-95
7.71667	-100
7.72500	-105
7.73333	-110
7.74167	-114
7.75000	-118
7.75833	-121
7.76667	-124
7.77500	-127
7.78333	-129
7.79167	-131
7.80000	-133
7.80833	-134
7.81667	-136
7.82500	-138
7.83333	-139
7.84167	-140
7.85000	-142
7.85833	-143
7.86667	-144
7.87500	-145
7.88333	-146
7.89167	-148
7.90000	-149
7.90833	-150
7.91667	-150
7.92500	-151
7.93333	-151
7.94167	-152
7.95000	-153
7.95833	-153
7.96667	-154
7.97500	-154
7.98333	-155
7.99167	-155
8.00000	-155
8.00833	-156
8.01667	-156
8.02500	-156
8.03333	-157
8.04167	-157
8.05000	-157
8.05833	-157
8.06667	-158
8.07500	-158
8.08333	-158
8.09167	-159
8.10000	-160
8.10833	-160
8.11667	-160
8.12500	-161
8.13333	-160
8.14167	-160
8.15000	-161
8.15833	-161
8.16667	-161
8.17500	-162
8.18333	-162
8.19167	-162
8.20000	-163
8.20833	-163
8.21667	-163
8.22500	-163
8.23333	-164
8.24167	-164
8.25000	-165
8.25833	-165
8.26667	-165
8.27500	-166
8.28333	-166
8.29167	-166
8.30000	-166
8.30833	-166
8.31667	-166
8.32500	-166
8.33333	-167
8.34167	-167
8.35000	-167
8.35833	-168
8.36667	-168
8.37500	-168
8.38333	-168
8.39167	-169
8.40000	-169
8.40833	-169
8.41667	-169
8.42500	-169
8.43333	-169
8.44167	-169
8.45000	-170
8.45833	-170
8.46667	-171
8.47500	-172
8.48333	-172
8.49167	-172
8.50000	-173
8.50833	-174
8.51667	-174
8.52500	-174
8.53333	-174
8.54167	-174
8.55000	-175
8.55833	-175
8.56667	-175
8.57500	-175
8.58333	-175
8.59167	-175
8.60000	-176
8.60833	-176
8.61667	-177
8.62500	-177
8.63333	-178
8.64167	-178
8.65000	-178
8.65833	-178
8.66667	-178
8.67500	-178
8.68333	-178
8.69167	-178
8.70000	-178
8.70833	-178
8.71667	-178
8.72500	-178
8.73333	-178
8.74167	-178
8.75000	-178
8.75833	-178
8.76667	-178
8.77500	-177
8.78333	-178
8.79167	-177
8.80000	-177
8.80833	-177
8.81667	-178
8.82500	-178
8.83333	-177
8.84167	-177
8.85000	-177
8.85833	-177
8.86667	-177
8.87500	-177
8.88333	-176
8.89167	-176
8.90000	-176
8.90833	-176
8.91667	-176
8.92500	-176
8.93333	-176
8.94167	-176
8.95000	-175
8.95833	-175
8.96667	-175
8.97500	-175
8.98333	-175
8.99167	-174
9.00000	-174
9.00833	-174
9.01667	-173
9.02500	-173
9.03333	-173
9.04167	-172
9.05000	-171
9.05833	-171
9.06667	-170
9.07500	-170
9.08333	-169
9.09167	-169
9.10000	-168
9.10833	-168
9.11667	-168
9.12500	-167
9.13333	-167
9.14167	-166
9.15000	-165
9.15833	-164
9.16667	-163
9.17500	-162
9.18333	-161
9.19167	-160
9.20000	-160
9.20833	-159
9.21667	-158
9.22500	-157
9.23333	-156
9.24167	-154
9.25000	-153
9.25833	-152
9.26667	-151
9.27500	-149
9.28333	-148
9.29167	-146
9.30000	-144
9.30833	-143
9.31667	-142
9.32500	-141
9.33333	-139
9.34167	-138
9.35000	-136
9.35833	-134
9.36667	-133
9.37500	-131
9.38333	-129
9.39167	-128
9.40000	-127
9.40833	-125
9.41667	-124
9.42500	-122
9.43333	-121
9.44167	-119
9.45000	-118
9.45833	-117
9.46667	-115
9.47500	-114
9.48333	-112
9.49167	-111
9.50000	-110
9.50833	-108
9.51667	-107
9.52500	-105
9.53333	-104
9.54167	-104
9.55000	-103
9.55833	-103
9.56667	-102
9.57500	-101
9.58333	-100
9.59167	-99
9.60000	-99
9.60833	-98
9.61667	-97
9.62500	-97
9.63333	-96
9.64167	-96
9.65000	-95
9.65833	-95
9.66667	-95
9.67500	-95
9.68333	-94
9.69167	-94
9.70000	-94
9.70833	-94
9.71667	-95
9.72500	-95
9.73333	-95
9.74167	-96
9.75000	-96
9.75833	-97
9.76667	-97
9.77500	-98
9.78333	-99
9.79167	-100
9.80000	-101
9.80833	-103
9.81667	-104
9.82500	-106
9.83333	-107
9.84167	-109
9.85000	-111
9.85833	-113
9.86667	-114
9.87500	-116
9.88333	-117
9.89167	-119
9.90000	-120
9.90833	-122
9.91667	-123
9.92500	-124
9.93333	-125
9.94167	-126
9.95000	-128
9.95833	-129
9.96667	-131
9.97500	-132
9.98333	-133
9.99167	-134
10.00000	-135
10.00833	-137
10.01667	-138
10.02500	-139
10.03333	-139
10.04167	-140
10.05000	-141
10.05833	-142
10.06667	-143
10.07500	-144
10.08333	-146
10.09167	-147
10.10000	-149
10.10833	-150
10.11667	-151
10.12500	-152
10.13333	-153
10.14167	-154
10.15000	-155
10.15833	-156
10.16667	-157
10.17500	-157
10.18333	-158
10.19167	-159
10.20000	-160
10.20833	-161
10.21667	-161
10.22500	-162
10.23333	-163
10.24167	-164
10.25000	-165
10.25833	-166
10.26667	-167
10.27500	-168
10.28333	-169
10.29167	-169
10.30000	-170
10.30833	-170
10.31667	-171
10.32500	-171
10.33333	-172
10.34167	-172
10.35000	-172
10.35833	-172
10.36667	-173
10.37500	-173
10.38333	-173
10.39167	-174
10.40000	-174
10.40833	-174
10.41667	-173
10.42500	-174
10.43333	-174
10.44167	-174
10.45000	-173
10.45833	-173
10.46667	-172
10.47500	-172
10.48333	-171
10.49167	-170
10.50000	-169
10.50833	-168
10.51667	-166
10.52500	-165
10.53333	-163
10.54167	-161
10.55000	-160
10.55833	-158
10.56667	-155
10.57500	-153
10.58333	-151
10.59167	-149
10.60000	-147
10.60833	-146
10.61667	-145
10.62500	-143
10.63333	-142
10.64167	-142
10.65000	-141
10.65833	-141
10.66667	-141
10.67500	-141
10.68333	-142
10.69167	-143
10.70000	-144
10.70833	-146
10.71667	-148
10.72500	-149
10.73333	-151
10.74167	-153
10.75000	-155
10.75833	-157
10.76667	-159
10.77500	-161
10.78333	-162
10.79167	-164
10.80000	-165
10.80833	-167
10.81667	-168
10.82500	-170
10.83333	-171
10.84167	-173
10.85000	-174
10.85833	-174
10.86667	-175
10.87500	-176
10.88333	-176
10.89167	-177
10.90000	-177
10.90833	-177
10.91667	-178
10.92500	-178
10.93333	-178
10.94167	-178
10.95000	-178
10.95833	-178
10.96667	-179
10.97500	-179
10.98333	-179
10.99167	-179
11.00000	-179
11.00833	-179
11.01667	-179
11.02500	-179
11.03333	-179
11.04167	-179
11.05000	-178
11.05833	-178
11.06667	-178
11.07500	-178
11.08333	-178
11.09167	-178
11.10000	-179
11.10833	-179
11.11667	-179
11.12500	-179
11.13333	-180
11.14167	-180
11.15000	-180
11.15833	-180
11.16667	-180
11.17500	-180
11.18333	-180
11.19167	-181
11.20000	-181
11.20833	-181
11.21667	-181
11.22500	-181
11.23333	-181
11.24167	-181
11.25000	-181
11.25833	-181
11.26667	-181
11.27500	-181
11.28333	-181
11.29167	-181
11.30000	-181
11.30833	-181
11.31667	-181
11.32500	-182
11.33333	-182
11.34167	-182
11.35000	-182
11.35833	-182
11.36667	-181
11.37500	-181
11.38333	-182
11.39167	-182
11.40000	-182
11.40833	-183
11.41667	-183
11.42500	-182
11.43333	-182
11.44167	-183
11.45000	-183
11.45833	-183
11.46667	-183
11.47500	-183
11.48333	-183
11.49167	-183
11.50000	-183
11.50833	-183
11.51667	-182
11.52500	-182
11.53333	-182
11.54167	-182
11.55000	-182
11.55833	-182
11.56667	-181
11.57500	-181
11.58333	-181
11.59167	-181
11.60000	-181
11.60833	-181
11.61667	-181
11.62500	-180
11.63333	-181
11.64167	-181
11.65000	-180
11.65833	-180
11.66667	-180
11.67500	-180
11.68333	-180
11.69167	-179
11.70000	-179
11.70833	-179
11.71667	-179
11.72500	-179
11.73333	-179
11.74167	-178
11.75000	-178
11.75833	-178
11.76667	-178
11.77500	-178
11.78333	-178
11.79167	-178
11.80000	-178
11.80833	-178
11.81667	-177
11.82500	-177
11.83333	-178
11.84167	-178
11.85000	-178
11.85833	-178
11.86667	-178
11.87500	-177
11.88333	-177
11.89167	-177
11.90000	-177
11.90833	-177
11.91667	-177
11.92500	-177
11.93333	-176
11.94167	-176
11.95000	-176
11.95833	-176
11.96667	-177
11.97500	-177
11.98333	-177
11.99167	-177
12.00000	-177
12.00833	-176
12.01667	-176
12.02500	-176
12.03333	-175
12.04167	-175
12.05000	-175
12.05833	-175
12.06667	-175
12.07500	-175
12.08333	-175
12.09167	-175
12.10000	-175
12.10833	-175
12.11667	-175
12.12500	-175
12.13333	-175
12.14167	-175
12.15000	-175
12.15833	-175
12.16667	-175
12.17500	-175
12.18333	-174
12.19167	-174
12.20000	-173
12.20833	-173
12.21667	-173
12.22500	-173
12.23333	-173
12.24167	-173
12.25000	-173
12.25833	-173
12.26667	-173
12.27500	-173
12.28333	-173
12.29167	-172
12.30000	-172
12.30833	-172
12.31667	-172
12.32500	-171
12.33333	-171
12.34167	-171
12.35000	-171
12.35833	-171
12.36667	-171
12.37500	-171
12.38333	-171
12.39167	-171
12.40000	-171
12.40833	-171
12.41667	-170
12.42500	-170
12.43333	-171
12.44167	-171
12.45000	-171
12.45833	-171
12.46667	-171
12.47500	-171
12.48333	-171
12.49167	-171
12.50000	-171
12.50833	-170
12.51667	-170
12.52500	-170
12.53333	-170
12.54167	-170
12.55000	-170
12.55833	-170
12.56667	-170
12.57500	-170
12.58333	-170
12.59167	-170
12.60000	-169
12.60833	-169
12.61667	-168
12.62500	-168
12.63333	-167
12.64167	-167
12.65000	-167
12.65833	-167
12.66667	-167
12.67500	-167
12.68333	-167
12.69167	-167
12.70000	-167
12.70833	-167
12.71667	-167
12.72500	-166
12.73333	-166
12.74167	-166
12.75000	-165
12.75833	-165
12.76667	-165
12.77500	-165
12.78333	-165
12.79167	-164
12.80000	-164
12.80833	-163
12.81667	-163
12.82500	-162
12.83333	-162
12.84167	-162
12.85000	-162
12.85833	-162
12.86667	-162
12.87500	-162
12.88333	-162
12.89167	-162
12.90000	-161
12.90833	-161
12.91667	-161
12.92500	-160
12.93333	-160
12.94167	-160
12.95000	-160
12.95833	-159
12.96667	-159
12.97500	-158
12.98333	-158
12.99167	-158
13.00000	-158
13.00833	-157
13.01667	-157
13.02500	-157
13.03333	-156
13.04167	-156
13.05000	-156
13.05833	-156
13.06667	-156
13.07500	-156
13.08333	-156
13.09167	-156
13.10000	-156
13.10833	-156
13.11667	-156
13.12500	-156
13.13333	-156
13.14167	-156
13.15000	-155
13.15833	-155
13.16667	-154
13.17500	-154
13.18333	-154
13.19167	-154
13.20000	-154
13.20833	-153
13.21667	-153
13.22500	-152
13.23333	-152
13.24167	-152
13.25000	-152
13.25833	-151
13.26667	-151
13.27500	-150
13.28333	-149
13.29167	-148
13.30000	-148
13.30833	-147
13.31667	-146
13.32500	-144
13.33333	-143
13.34167	-142
13.35000	-141
13.35833	-140
13.36667	-138
13.37500	-136
13.38333	-134
13.39167	-132
13.40000	-130
13.40833	-127
13.41667	-124
13.42500	-121
13.43333	-117
13.44167	-114
13.45000	-111
13.45833	-108
13.46667	-105
13.47500	-102
13.48333	-98
13.49167	-95
13.50000	-92
13.50833	-89
13.51667	-87
13.52500	-85
13.53333	-82
13.54167	-81
13.55000	-79
13.55833	-79
13.56667	-78
13.57500	-78
13.58333	-78
13.59167	-78
13.60000	-78
13.60833	-79
13.61667	-80
13.62500	-81
13.63333	-82
13.64167	-83
13.65000	-85
13.65833	-86
13.66667	-88
13.67500	-89
13.68333	-91
13.69167	-92
13.70000	-92
13.70833	-93
13.71667	-94
13.72500	-95
13.73333	-95
13.74167	-96
13.75000	-96
13.75833	-96
13.76667	-97
13.77500	-97
13.78333	-97
13.79167	-96
13.80000	-96
13.80833	-94
13.81667	-93
13.82500	-92
13.83333	-92
13.84167	-91
13.85000	-90
13.85833	-89
13.86667	-88
13.87500	-87
13.88333	-86
13.89167	-85
13.90000	-83
13.90833	-82
13.91667	-80
13.92500	-79
13.93333	-77
13.94167	-75
13.95000	-73
13.95833	-71
13.96667	-69
13.97500	-67
13.98333	-65
13.99167	-64
14.00000	-62
14.00833	-60
14.01667	-58
14.02500	-56
14.03333	-54
14.04167	-53
14.05000	-51
14.05833	-49
14.06667	-47
14.07500	-45
14.08333	-43
14.09167	-41
14.10000	-38
14.10833	-35
14.11667	-33
14.12500	-31
14.13333	-28
14.14167	-26
14.15000	-24
14.15833	-22
14.16667	-20
14.17500	-17
14.18333	-16
14.19167	-14
14.20000	-12
14.20833	-10
14.21667	-8
14.22500	-6
14.23333	-4
14.24167	-1
14.25000	1
14.25833	3
14.26667	5
14.27500	7
14.28333	9
14.29167	11
14.30000	13
14.30833	14
14.31667	16
14.32500	17
14.33333	19
14.34167	20
14.35000	22
14.35833	23
14.36667	25
14.37500	26
14.38333	27
14.39167	29
14.40000	30
14.40833	32
14.41667	33
14.42500	34
14.43333	35
14.44167	36
14.45000	37
14.45833	39
14.46667	40
14.47500	41
14.48333	42
14.49167	42
14.50000	43
14.50833	43
14.51667	44
14.52500	45
14.53333	45
14.54167	45
14.55000	46
14.55833	47
14.56667	47
14.57500	47
14.58333	48
14.59167	48
14.60000	48
14.60833	48
14.61667	48
14.62500	48
14.63333	48
14.64167	47
14.65000	47
14.65833	47
14.66667	47
14.67500	47
14.68333	47
14.69167	47
14.70000	46
14.70833	46
14.71667	45
14.72500	45
14.73333	44
14.74167	44
14.75000	44
14.75833	44
14.76667	44
14.77500	43
14.78333	43
14.79167	42
14.80000	42
14.80833	41
14.81667	40
14.82500	40
14.83333	40
14.84167	40
14.85000	40
14.85833	40
14.86667	40
14.87500	39
14.88333	39
14.89167	39
14.90000	38
14.90833	37
14.91667	37
14.92500	36
14.93333	35
14.94167	35
14.95000	34
14.95833	33
14.96667	33
14.97500	32
14.98333	32
14.99167	31
15.00000	31
15.00833	30
15.01667	29
15.02500	28
15.03333	27
15.04167	26
15.05000	25
15.05833	25
15.06667	24
15.07500	23
15.08333	23
15.09167	22
15.10000	21
15.10833	20
15.11667	19
15.12500	18
15.13333	17
15.14167	16
15.15000	15
15.15833	14
15.16667	13
15.17500	12
15.18333	11
15.19167	10
15.20000	9
15.20833	8
15.21667	7
15.22500	6
15.23333	5
15.24167	4
15.25000	3
15.25833	1
15.26667	0
15.27500	-1
15.28333	-3
15.29167	-4
15.30000	-6
15.30833	-7
15.31667	-9
15.32500	-11
15.33333	-12
15.34167	-14
15.35000	-16
15.35833	-17
15.36667	-19
15.37500	-20
15.38333	-22
15.39167	-24
15.40000	-26
15.40833	-28
15.41667	-30
15.42500	-31
15.43333	-33
15.44167	-34
15.45000	-36
15.45833	-38
15.46667	-40
15.47500	-42
15.48333	-44
15.49167	-46
15.50000	-48
15.50833	-49
15.51667	-51
15.52500	-53
15.53333	-55
15.54167	-57
15.55000	-59
15.55833	-61
15.56667	-63
15.57500	-65
15.58333	-67
15.59167	-68
15.60000	-70
15.60833	-72
15.61667	-74
15.62500	-76
15.63333	-77
15.64167	-79
15.65000	-81
15.65833	-83
15.66667	-84
15.67500	-86
15.68333	-88
15.69167	-89
15.70000	-90
15.70833	-92
15.71667	-93
15.72500	-95
15.73333	-96
15.74167	-98
15.75000	-99
15.75833	-100
15.76667	-102
15.77500	-103
15.78333	-104
15.79167	-106
15.80000	-107
15.80833	-109
15.81667	-110
15.82500	-111
15.83333	-111
15.84167	-112
15.85000	-113
15.85833	-114
15.86667	-115
15.87500	-116
15.88333	-117
15.89167	-118
15.90000	-119
15.90833	-120
15.91667	-121
15.92500	-122
15.93333	-123
15.94167	-124
15.95000	-125
15.95833	-125
15.96667	-126
15.97500	-126
15.98333	-127
15.99167	-127
16.00000	-128
16.00833	-128
16.01667	-128
16.02500	-129
16.03333	-129
16.04167	-130
16.05000	-131
16.05833	-131
16.06667	-131
16.07500	-131
16.08333	-132
16.09167	-132
16.10000	-132
16.10833	-132
16.11667	-132
16.12500	-132
16.13333	-133
16.14167	-133
16.15000	-133
16.15833	-133
16.16667	-133
16.17500	-133
16.18333	-133
16.19167	-133
16.20000	-133
16.20833	-133
16.21667	-133
16.22500	-133
16.23333	-134
16.24167	-133
16.25000	-133
16.25833	-132
16.26667	-132
16.27500	-131
16.28333	-131
16.29167	-131
16.30000	-130
16.30833	-130
16.31667	-130
16.32500	-129
16.33333	-129
16.34167	-128
16.35000	-128
16.35833	-127
16.36667	-127
16.37500	-126
16.38333	-126
16.39167	-125
16.40000	-125
16.40833	-125
16.41667	-126
16.42500	-126
16.43333	-125
16.44167	-125
16.45000	-125
16.45833	-125
16.46667	-125
16.47500	-124
16.48333	-124
16.49167	-123
16.50000	-123
16.50833	-122
16.51667	-122
16.52500	-121
16.53333	-121
16.54167	-121
16.55000	-121
16.55833	-121
16.56667	-120
16.57500	-120
16.58333	-120
16.59167	-120
16.60000	-119
16.60833	-119
16.61667	-119
16.62500	-119
16.63333	-119
16.64167	-119
16.65000	-119
16.65833	-119
16.66667	-118
16.67500	-118
16.68333	-118
16.69167	-118
16.70000	-117
16.70833	-117
16.71667	-116
16.72500	-116
16.73333	-115
16.74167	-114
16.75000	-114
16.75833	-113
16.76667	-113
16.77500	-112
16.78333	-112
16.79167	-111
16.80000	-110
16.80833	-109
16.81667	-109
16.82500	-108
16.83333	-107
16.84167	-107
16.85000	-106
16.85833	-106
16.86667	-105
16.87500	-105
16.88333	-104
16.89167	-103
16.90000	-102
16.90833	-101
16.91667	-100
16.92500	-100
16.93333	-99
16.94167	-98
16.95000	-98
16.95833	-97
16.96667	-97
16.97500	-97
16.98333	-96
16.99167	-95
17.00000	-94
17.00833	-94
17.01667	-93
17.02500	-92
17.03333	-92
17.04167	-91
17.05000	-91
17.05833	-90
17.06667	-90
17.07500	-90
17.08333	-90
17.09167	-90
17.10000	-90
17.10833	-90
17.11667	-90
17.12500	-90
17.13333	-90
17.14167	-90
17.15000	-90
17.15833	-89
17.16667	-88
17.17500	-88
17.18333	-88
17.19167	-87
17.20000	-87
17.20833	-87
17.21667	-87
17.22500	-87
17.23333	-87
17.24167	-86
17.25000	-86
17.25833	-86
17.26667	-86
17.27500	-86
17.28333	-86
17.29167	-85
17.30000	-85
17.30833	-85
17.31667	-85
17.32500	-85
17.33333	-85
17.34167	-85
17.35000	-85
17.35833	-85
17.36667	-85
17.37500	-84
17.38333	-84
17.39167	-84
17.40000	-83
17.40833	-83
17.41667	-82
17.42500	-82
17.43333	-81
17.44167	-81
17.45000	-80
17.45833	-80
17.46667	-80
17.47500	-79
17.48333	-79
17.49167	-78
17.50000	-78
17.50833	-77
17.51667	-77
17.52500	-76
17.53333	-76
17.54167	-75
17.55000	-75
17.55833	-75
17.56667	-75
17.57500	-75
17.58333	-74
17.59167	-74
17.60000	-73
17.60833	-73
17.61667	-72
17.62500	-71
17.63333	-70
17.64167	-70
17.65000	-69
17.65833	-68
17.66667	-67
17.67500	-66
17.68333	-66
17.69167	-65
17.70000	-65
17.70833	-64
17.71667	-64
17.72500	-64
17.73333	-63
17.74167	-63
17.75000	-62
17.75833	-62
17.76667	-61
17.77500	-61
17.78333	-60
17.79167	-60
17.80000	-60
17.80833	-60
17.81667	-60
17.82500	-59
17.83333	-59
17.84167	-58
17.85000	-58
17.85833	-57
17.86667	-57
17.87500	-56
17.88333	-56
17.89167	-55
17.90000	-55
17.90833	-54
17.91667	-54
17.92500	-54
17.93333	-53
17.94167	-53
17.95000	-52
17.95833	-51
17.96667	-50
17.97500	-50
17.98333	-49
17.99167	-48
18.00000	-47
18.00833	-46
18.01667	-46
18.02500	-45
18.03333	-45
18.04167	-44
18.05000	-43
18.05833	-43
18.06667	-42
18.07500	-41
18.08333	-40
18.09167	-39
18.10000	-38
18.10833	-37
18.11667	-36
18.12500	-35
18.13333	-34
18.14167	-34
18.15000	-33
18.15833	-32
18.16667	-31
18.17500	-30
18.18333	-30
18.19167	-30
18.20000	-30
18.20833	-29
18.21667	-29
18.22500	-28
18.23333	-28
18.24167	-27
18.25000	-26
18.25833	-26
18.26667	-25
18.27500	-25
18.28333	-25
18.29167	-24
18.30000	-24
18.30833	-23
18.31667	-23
18.32500	-22
18.33333	-22
18.34167	-22
18.35000	-22
18.35833	-21
18.36667	-21
18.37500	-20
18.38333	-20
18.39167	-19
18.40000	-18
18.40833	-18
18.41667	-18
18.42500	-18
18.43333	-17
18.44167	-16
18.45000	-16
18.45833	-15
18.46667	-15
18.47500	-14
18.48333	-14
18.49167	-13
18.50000	-12
18.50833	-12
18.51667	-11
18.52500	-11
18.53333	-11
18.54167	-10
18.55000	-10
18.55833	-9
18.56667	-9
18.57500	-9
18.58333	-8
18.59167	-8
18.60000	-7
18.60833	-6
18.61667	-5
18.62500	-4
18.63333	-4
18.64167	-3
18.65000	-2
18.65833	-1
18.66667	-1
18.67500	-0
18.68333	-0
18.69167	0
18.70000	1
18.70833	2
18.71667	3
18.72500	5
18.73333	6
18.74167	7
18.75000	8
18.75833	9
18.76667	9
18.77500	10
18.78333	11
18.79167	12
18.80000	12
18.80833	13
18.81667	14
18.82500	14
18.83333	15
18.84167	15
18.85000	16
18.85833	17
18.86667	18
18.87500	19
18.88333	20
18.89167	21
18.90000	22
18.90833	23
18.91667	24
18.92500	25
18.93333	26
18.94167	26
18.95000	27
18.95833	28
18.96667	29
18.97500	30
18.98333	31
18.99167	32
19.00000	33
19.00833	33
19.01667	34
19.02500	35
19.03333	35
19.04167	36
19.05000	37
19.05833	37
19.06667	38
19.07500	39
19.08333	40
19.09167	41
19.10000	42
19.10833	43
19.11667	43
19.12500	43
19.13333	44
19.14167	44
19.15000	45
19.15833	45
19.16667	46
19.17500	46
19.18333	47
19.19167	47
19.20000	48
19.20833	48
19.21667	49
19.22500	50
19.23333	50
19.24167	51
19.25000	51
19.25833	51
19.26667	52
19.27500	53
19.28333	54
19.29167	55
19.30000	56
19.30833	57
19.31667	58
19.32500	58
19.33333	59
19.34167	60
19.35000	61
19.35833	62
19.36667	63
19.37500	64
19.38333	64
19.39167	65
19.40000	66
19.40833	66
19.41667	67
19.42500	68
19.43333	69
19.44167	69
19.45000	70
19.45833	72
19.46667	73
19.47500	74
19.48333	74
19.49167	75
19.50000	76
19.50833	77
19.51667	77
19.52500	78
19.53333	79
19.54167	81
19.55000	82
19.55833	83
19.56667	83
19.57500	84
19.58333	86
19.59167	86
19.60000	88
19.60833	88
19.61667	89
19.62500	90
19.63333	90
19.64167	91
19.65000	91
19.65833	92
19.66667	92
19.67500	93
19.68333	94
19.69167	94
19.70000	95
19.70833	96
19.71667	97
19.72500	98
19.73333	99
19.74167	100
19.75000	101
19.75833	102
19.76667	103
19.77500	104
19.78333	105
19.79167	106
19.80000	107
19.80833	107
19.81667	109
19.82500	109
19.83333	110
19.84167	111
19.85000	112
19.85833	112
19.86667	113
19.87500	115
19.88333	116
19.89167	117
19.90000	117
19.90833	118
19.91667	119
19.92500	120
19.93333	121
19.94167	122
19.95000	123
19.95833	124
19.96667	125
19.97500	126
19.98333	127
19.99167	129
20.00000	130
20.00833	131
20.01667	132
20.02500	132
20.03333	133
20.04167	133
20.05000	134
20.05833	135
20.06667	136
20.07500	137
20.08333	137
20.09167	138
20.10000	139
20.10833	139
20.11667	140
20.12500	141
20.13333	141
20.14167	142
20.15000	142
20.15833	143
20.16667	144
20.17500	145
20.18333	145
20.19167	146
20.20000	146
20.20833	147
20.21667	148
20.22500	149
20.23333	150
20.24167	151
20.25000	152
20.25833	153
20.26667	154
20.27500	156
20.28333	157
20.29167	158
20.30000	159
20.30833	160
20.31667	161
20.32500	163
20.33333	164
20.34167	165
20.35000	166
20.35833	167
20.36667	168
20.37500	169
20.38333	170
20.39167	172
20.40000	173
20.40833	174
20.41667	176
20.42500	176
20.43333	177
20.44167	178
20.45000	179
20.45833	181
20.46667	182
20.47500	183
20.48333	184
20.49167	185
20.50000	185
20.50833	186
20.51667	187
20.52500	188
20.53333	189
20.54167	190
20.55000	191
20.55833	191
20.56667	192
20.57500	193
20.58333	194
20.59167	195
20.60000	196
20.60833	197
20.61667	198
20.62500	199
20.63333	200
20.64167	201
20.65000	202
20.65833	203
20.66667	204
20.67500	205
20.68333	206
20.69167	207
20.70000	208
20.70833	208
20.71667	209
20.72500	211
20.73333	212
20.74167	213
20.75000	213
20.75833	214
20.76667	215
20.77500	216
20.78333	217
20.79167	218
20.80000	219
20.80833	220
20.81667	221
20.82500	222
20.83333	223
20.84167	224
20.85000	225
20.85833	227
20.86667	228
20.87500	229
20.88333	230
20.89167	231
20.90000	233
20.90833	234
20.91667	235
20.92500	236
20.93333	237
20.94167	238
20.95000	239
20.95833	240
20.96667	241
20.97500	242
20.98333	243
20.99167	244
21.00000	246
21.00833	247
21.01667	248
21.02500	249
21.03333	251
21.04167	252
21.05000	253
21.05833	254
21.06667	255
21.07500	256
21.08333	256
21.09167	257
21.10000	258
21.10833	259
21.11667	260
21.12500	262
21.13333	263
21.14167	263
21.15000	264
21.15833	266
21.16667	267
21.17500	268
21.18333	269
21.19167	270
21.20000	271
21.20833	272
21.21667	273
21.22500	275
21.23333	276
21.24167	277
21.25000	278
21.25833	279
21.26667	279
21.27500	280
21.28333	281
21.29167	282
21.30000	284
21.30833	285
21.31667	285
21.32500	286
21.33333	287
21.34167	288
21.35000	289
21.35833	289
21.36667	290
21.37500	291
21.38333	292
21.39167	293
21.40000	294
21.40833	294
21.41667	295
21.42500	296
21.43333	297
21.44167	298
21.45000	299
21.45833	300
21.46667	300
21.47500	301
21.48333	302
21.49167	303
21.50000	303
21.50833	304
21.51667	305
21.52500	306
21.53333	306
21.54167	307
21.55000	308
21.55833	309
21.56667	310
21.57500	311
21.58333	312
21.59167	313
21.60000	314
21.60833	314
21.61667	315
21.62500	316
21.63333	317
21.64167	318
21.65000	319
21.65833	320
21.66667	320
21.67500	321
21.68333	321
21.69167	321
21.70000	322
21.70833	322
21.71667	323
21.72500	324
21.73333	325
21.74167	325
21.75000	326
21.75833	327
21.76667	328
21.77500	329
21.78333	330
21.79167	331
21.80000	331
21.80833	332
21.81667	332
21.82500	333
21.83333	333
21.84167	333
21.85000	333
21.85833	334
21.86667	334
21.87500	335
21.88333	335
21.89167	336
21.90000	336
21.90833	336
21.91667	336
21.92500	337
21.93333	337
21.94167	338
21.95000	338
21.95833	339
21.96667	339
21.97500	339
21.98333	340
21.99167	340
22.00000	340
22.00833	341
22.01667	341
22.02500	341
22.03333	341
22.04167	341
22.05000	342
22.05833	342
22.06667	342
22.07500	342
22.08333	342
22.09167	342
22.10000	342
22.10833	343
22.11667	343
22.12500	343
22.13333	343
22.14167	343
22.15000	343
22.15833	343
22.16667	343
22.17500	343
22.18333	343
22.19167	343
22.20000	343
22.20833	343
22.21667	343
22.22500	343
22.23333	343
22.24167	342
22.25000	342
22.25833	342
22.26667	342
22.27500	343
22.28333	342
22.29167	342
22.30000	342
22.30833	341
22.31667	341
22.32500	340
22.33333	340
22.34167	340
22.35000	339
22.35833	338
22.36667	337
22.37500	337
22.38333	336
22.39167	335
22.40000	335
22.40833	334
22.41667	333
22.42500	333
22.43333	332
22.44167	331
22.45000	329
22.45833	328
22.46667	327
22.47500	326
22.48333	324
22.49167	322
22.50000	321
22.50833	319
22.51667	317
22.52500	315
22.53333	314
22.54167	312
22.55000	310
22.55833	308
22.56667	306
22.57500	303
22.58333	301
22.59167	298
22.60000	296
22.60833	293
22.61667	290
22.62500	288
22.63333	285
22.64167	282
22.65000	279
22.65833	276
22.66667	273
22.67500	270
22.68333	268
22.69167	265
22.70000	262
22.70833	260
22.71667	258
22.72500	256
22.73333	254
22.74167	252
22.75000	250
22.75833	248
22.76667	247
22.77500	245
22.78333	244
22.79167	242
22.80000	241
22.80833	240
22.81667	240
22.82500	239
22.83333	239
22.84167	240
22.85000	240
22.85833	241
22.86667	242
22.87500	243
22.88333	245
22.89167	246
22.90000	248
22.90833	249
22.91667	251
22.92500	253
22.93333	255
22.94167	258
22.95000	261
22.95833	263
22.96667	266
22.97500	269
22.98333	272
22.99167	274
23.00000	277
23.00833	280
23.01667	283
23.02500	285
23.03333	288
23.04167	291
23.05000	294
23.05833	297
23.06667	299
23.07500	302
23.08333	305
23.09167	307
23.10000	309
23.10833	312
23.11667	314
23.12500	316
23.13333	318
23.14167	320
23.15000	322
23.15833	324
23.16667	326
23.17500	327
23.18333	328
23.19167	330
23.20000	331
23.20833	332
23.21667	333
23.22500	334
23.23333	335
23.24167	336
23.25000	336
23.25833	337
23.26667	337
23.27500	338
23.28333	338
23.29167	339
23.30000	339
23.30833	339
23.31667	339
23.32500	339
23.33333	339
23.34167	340
23.35000	340
23.35833	340
23.36667	339
23.37500	339
23.38333	338
23.39167	338
23.40000	338
23.40833	337
23.41667	337
23.42500	337
23.43333	336
23.44167	336
23.45000	336
23.45833	336
23.46667	336
23.47500	335
23.48333	335
23.49167	334
23.50000	334
23.50833	334
23.51667	333
23.52500	332
23.53333	332
23.54167	332
23.55000	332
23.55833	331
23.56667	331
23.57500	331
23.58333	330
23.59167	330
23.60000	329
23.60833	328
23.61667	328
23.62500	327
23.63333	327
23.64167	327
23.65000	327
23.65833	326
23.66667	326
23.67500	325
23.68333	325
23.69167	324
23.70000	324
23.70833	323
23.71667	323
23.72500	323
23.73333	322
23.74167	321
23.75000	321
23.75833	321
23.76667	320
23.77500	320
23.78333	319
23.79167	319
23.80000	318
23.80833	317
23.81667	316
23.82500	315
23.83333	315
23.84167	314
23.85000	314
23.85833	313
23.86667	312
23.87500	312
23.88333	311
23.89167	311
23.90000	310
23.90833	310
23.91667	309
23.92500	308
23.93333	307
23.94167	307
23.95000	306
23.95833	304
23.96667	304
23.97500	303
23.98333	302
23.99167	300
24.00000	299
24.00833	298
24.01667	297
24.02500	297
24.03333	296
24.04167	295
24.05000	294
24.05833	293
24.06667	292
24.07500	291
24.08333	290
24.09167	289
24.10000	288
24.10833	287
24.11667	286
24.12500	284
24.13333	283
24.14167	282
24.15000	281
24.15833	280
24.16667	279
24.17500	278
24.18333	277
24.19167	276
24.20000	275
24.20833	274
24.21667	272
24.22500	271
24.23333	270
24.24167	268
24.25000	267
24.25833	265
24.26667	264
24.27500	263
24.28333	262
24.29167	260
24.30000	259
24.30833	258
24.31667	256
24.32500	255
24.33333	254
24.34167	253
24.35000	251
24.35833	250
24.36667	249
24.37500	247
24.38333	245
24.39167	243
24.40000	242
24.40833	241
24.41667	239
24.42500	238
24.43333	237
24.44167	236
24.45000	235
24.45833	234
24.46667	233
24.47500	232
24.48333	231
24.49167	231
24.50000	230
24.50833	230
24.51667	230
24.52500	229
24.53333	229
24.54167	229
24.55000	229
24.55833	229
24.56667	229
24.57500	229
24.58333	229
24.59167	229
24.60000	228
24.60833	228
24.61667	228
24.62500	229
24.63333	229
24.64167	230
24.65000	230
24.65833	230
24.66667	231
24.67500	231
24.68333	232
24.69167	233
24.70000	233
24.70833	234
24.71667	235
24.72500	235
24.73333	235
24.74167	235
24.75000	236
24.75833	237
24.76667	237
24.77500	237
24.78333	238
24.79167	238
24.80000	238
24.80833	239
24.81667	239
24.82500	240
24.83333	240
24.84167	240
24.85000	241
24.85833	241
24.86667	242
24.87500	242
24.88333	242
24.89167	243
24.90000	244
24.90833	244
24.91667	245
24.92500	245
24.93333	245
24.94167	246
24.95000	246
24.95833	246
24.96667	247
24.97500	247
24.98333	247
24.99167	247
25.00000	247
25.00833	247
25.01667	247
25.02500	247
25.03333	248
25.04167	248
25.05000	248
25.05833	248
25.06667	248
25.07500	248
25.08333	248
25.09167	248
25.10000	248
25.10833	248
25.11667	248
25.12500	248
25.13333	247
25.14167	247
25.15000	248
25.15833	248
25.16667	247
25.17500	247
25.18333	247
25.19167	246
25.20000	246
25.20833	246
25.21667	246
25.22500	246
25.23333	246
25.24167	245
25.25000	245
25.25833	244
25.26667	243
25.27500	242
25.28333	241
25.29167	241
25.30000	240
25.30833	239
25.31667	239
25.32500	239
25.33333	238
25.34167	237
25.35000	236
25.35833	236
25.36667	235
25.37500	234
25.38333	233
25.39167	233
25.40000	231
25.40833	230
25.41667	229
25.42500	228
25.43333	228
25.44167	227
25.45000	226
25.45833	225
25.46667	224
25.47500	224
25.48333	223
25.49167	223
25.50000	223
25.50833	222
25.51667	221
25.52500	220
25.53333	219
25.54167	219
25.55000	218
25.55833	218
25.56667	217
25.57500	217
25.58333	216
25.59167	216
25.60000	215
25.60833	214
25.61667	213
25.62500	213
25.63333	213
25.64167	212
25.65000	212
25.65833	212
25.66667	212
25.67500	212
25.68333	211
25.69167	211
25.70000	212
25.70833	212
25.71667	212
25.72500	212
25.73333	211
25.74167	211
25.75000	210
25.75833	209
25.76667	209
25.77500	209
25.78333	208
25.79167	208
25.80000	208
25.80833	208
25.81667	209
25.82500	209
25.83333	209
25.84167	209
25.85000	209
25.85833	209
25.86667	209
25.87500	209
25.88333	209
25.89167	209
25.90000	210
25.90833	210
25.91667	210
25.92500	210
25.93333	210
25.94167	210
25.95000	210
25.95833	211
25.96667	211
25.97500	211
25.98333	211
25.99167	211
26.00000	211
26.00833	211
26.01667	211
26.02500	211
26.03333	211
26.04167	212
26.05000	212
26.05833	212
26.06667	212
26.07500	212
26.08333	212
26.09167	212
26.10000	213
26.10833	213
26.11667	213
26.12500	213
26.13333	213
26.14167	214
26.15000	214
26.15833	213
26.16667	213
26.17500	214
26.18333	214
26.19167	214
26.20000	214
26.20833	214
26.21667	214
26.22500	215
26.23333	215
26.24167	215
26.25000	215
26.25833	216
26.26667	217
26.27500	217
26.28333	218
26.29167	218
26.30000	219
26.30833	219
26.31667	219
26.32500	220
26.33333	220
26.34167	220
26.35000	221
26.35833	221
26.36667	222
26.37500	223
26.38333	224
26.39167	225
26.40000	225
26.40833	225
26.41667	226
26.42500	226
26.43333	226
26.44167	226
26.45000	226
26.45833	226
26.46667	225
26.47500	225
26.48333	225
26.49167	224
26.50000	223
26.50833	222
26.51667	221
26.52500	221
26.53333	219
26.54167	218
26.55000	217
26.55833	215
26.56667	213
26.57500	212
26.58333	210
26.59167	208
26.60000	206
26.60833	203
26.61667	201
26.62500	199
26.63333	196
26.64167	194
26.65000	191
26.65833	189
26.66667	186
26.67500	183
26.68333	179
26.69167	176
26.70000	173
26.70833	170
26.71667	167
26.72500	164
26.73333	161
26.74167	158
26.75000	155
26.75833	152
26.76667	149
26.77500	146
26.78333	143
26.79167	139
26.80000	136
26.80833	133
26.81667	131
26.82500	128
26.83333	126
26.84167	123
26.85000	121
26.85833	119
26.86667	116
26.87500	114
26.88333	111
26.89167	109
26.90000	107
26.90833	104
26.91667	102
26.92500	100
26.93333	98
26.94167	96
26.95000	94
26.95833	92
26.96667	90
26.97500	89
26.98333	87
26.99167	85
27.00000	83
27.00833	81
27.01667	79
27.02500	78
27.03333	76
27.04167	75
27.05000	73
27.05833	72
27.06667	70
27.07500	69
27.08333	68
27.09167	67
27.10000	66
27.10833	65
27.11667	64
27.12500	62
27.13333	61
27.14167	60
27.15000	58
27.15833	58
27.16667	57
27.17500	57
27.18333	56
27.19167	55
27.20000	54
27.20833	53
27.21667	52
27.22500	51
27.23333	50
27.24167	50
27.25000	49
27.25833	49
27.26667	48
27.27500	47
27.28333	46
27.29167	45
27.30000	45
27.30833	44
27.31667	43
27.32500	43
27.33333	42
27.34167	41
27.35000	41
27.35833	41
27.36667	41
27.37500	40
27.38333	39
27.39167	38
27.40000	38
27.40833	38
27.41667	37
27.42500	37
27.43333	36
27.44167	36
27.45000	35
27.45833	34
27.46667	33
27.47500	32
27.48333	31
27.49167	31
27.50000	31
27.50833	30
27.51667	30
27.52500	29
27.53333	29
27.54167	28
27.55000	28
27.55833	28
27.56667	27
27.57500	27
27.58333	26
27.59167	26
27.60000	25
27.60833	25
27.61667	24
27.62500	24
27.63333	23
27.64167	22
27.65000	21
27.65833	20
27.66667	19
27.67500	19
27.68333	18
27.69167	18
27.70000	18
27.70833	17
27.71667	17
27.72500	17
27.73333	16
27.74167	15
27.75000	15
27.75833	15
27.76667	15
27.77500	14
27.78333	13
27.79167	13
27.80000	12
27.80833	12
27.81667	11
27.82500	11
27.83333	10
27.84167	10
27.85000	9
27.85833	9
27.86667	8
27.87500	8
27.88333	7
27.89167	7
27.90000	6
27.90833	6
27.91667	5
27.92500	5
27.93333	5
27.94167	4
27.95000	3
27.95833	2
27.96667	1
27.97500	1
27.98333	0
27.99167	0
28.00000	-0

