R.Time (min)	Intensity
0.00000	-43
0.00833	-43
0.01667	-0
0.02500	-1
0.03333	-2
0.04167	-2
0.05000	-3
0.05833	-4
0.06667	-4
0.07500	-5
0.08333	-6
0.09167	-6
0.10000	-7
0.10833	-8
0.11667	-8
0.12500	-9
0.13333	-9
0.14167	-10
0.15000	-11
0.15833	-12
0.16667	-13
0.17500	-14
0.18333	-15
0.19167	-15
0.20000	-16
0.20833	-17
0.21667	-18
0.22500	-19
0.23333	-19
0.24167	-20
0.25000	-20
0.25833	-21
0.26667	-22
0.27500	-22
0.28333	-23
0.29167	-24
0.30000	-25
0.30833	-25
0.31667	-26
0.32500	-26
0.33333	-27
0.34167	-28
0.35000	-29
0.35833	-29
0.36667	-30
0.37500	-31
0.38333	-31
0.39167	-31
0.40000	-32
0.40833	-33
0.41667	-33
0.42500	-34
0.43333	-35
0.44167	-35
0.45000	-36
0.45833	-37
0.46667	-37
0.47500	-38
0.48333	-39
0.49167	-39
0.50000	-40
0.50833	-41
0.51667	-41
0.52500	-42
0.53333	-42
0.54167	-42
0.55000	-43
0.55833	-44
0.56667	-44
0.57500	-45
0.58333	-45
0.59167	-46
0.60000	-47
0.60833	-48
0.61667	-48
0.62500	-49
0.63333	-50
0.64167	-50
0.65000	-51
0.65833	-51
0.66667	-51
0.67500	-51
0.68333	-52
0.69167	-52
0.70000	-53
0.70833	-53
0.71667	-54
0.72500	-54
0.73333	-55
0.74167	-55
0.75000	-56
0.75833	-57
0.76667	-57
0.77500	-58
0.78333	-58
0.79167	-59
0.80000	-60
0.80833	-61
0.81667	-61
0.82500	-62
0.83333	-63
0.84167	-64
0.85000	-64
0.85833	-65
0.86667	-65
0.87500	-66
0.88333	-67
0.89167	-68
0.90000	-68
0.90833	-69
0.91667	-70
0.92500	-70
0.93333	-71
0.94167	-71
0.95000	-72
0.95833	-73
0.96667	-73
0.97500	-74
0.98333	-74
0.99167	-75
1.00000	-76
1.00833	-77
1.01667	-78
1.02500	-78
1.03333	-78
1.04167	-79
1.05000	-79
1.05833	-80
1.06667	-81
1.07500	-81
1.08333	-82
1.09167	-83
1.10000	-84
1.10833	-85
1.11667	-85
1.12500	-86
1.13333	-86
1.14167	-87
1.15000	-88
1.15833	-88
1.16667	-89
1.17500	-90
1.18333	-90
1.19167	-91
1.20000	-91
1.20833	-92
1.21667	-92
1.22500	-92
1.23333	-93
1.24167	-93
1.25000	-93
1.25833	-93
1.26667	-94
1.27500	-94
1.28333	-94
1.29167	-94
1.30000	-95
1.30833	-95
1.31667	-95
1.32500	-95
1.33333	-95
1.34167	-95
1.35000	-95
1.35833	-96
1.36667	-96
1.37500	-96
1.38333	-97
1.39167	-97
1.40000	-97
1.40833	-97
1.41667	-97
1.42500	-98
1.43333	-98
1.44167	-98
1.45000	-98
1.45833	-98
1.46667	-98
1.47500	-98
1.48333	-99
1.49167	-99
1.50000	-99
1.50833	-99
1.51667	-100
1.52500	-100
1.53333	-101
1.54167	-101
1.55000	-101
1.55833	-102
1.56667	-102
1.57500	-102
1.58333	-102
1.59167	-102
1.60000	-102
1.60833	-103
1.61667	-103
1.62500	-104
1.63333	-104
1.64167	-105
1.65000	-105
1.65833	-106
1.66667	-106
1.67500	-106
1.68333	-107
1.69167	-107
1.70000	-106
1.70833	-107
1.71667	-107
1.72500	-108
1.73333	-108
1.74167	-108
1.75000	-108
1.75833	-109
1.76667	-109
1.77500	-109
1.78333	-109
1.79167	-110
1.80000	-110
1.80833	-109
1.81667	-109
1.82500	-109
1.83333	-109
1.84167	-109
1.85000	-109
1.85833	-109
1.86667	-109
1.87500	-109
1.88333	-109
1.89167	-109
1.90000	-109
1.90833	-109
1.91667	-108
1.92500	-108
1.93333	-108
1.94167	-108
1.95000	-108
1.95833	-108
1.96667	-108
1.97500	-108
1.98333	-108
1.99167	-108
2.00000	-108
2.00833	-108
2.01667	-108
2.02500	-108
2.03333	-108
2.04167	-107
2.05000	-107
2.05833	-107
2.06667	-107
2.07500	-106
2.08333	-106
2.09167	-106
2.10000	-107
2.10833	-106
2.11667	-106
2.12500	-106
2.13333	-106
2.14167	-105
2.15000	-105
2.15833	-104
2.16667	-103
2.17500	-103
2.18333	-102
2.19167	-101
2.20000	-101
2.20833	-101
2.21667	-100
2.22500	-99
2.23333	-98
2.24167	-97
2.25000	-96
2.25833	-95
2.26667	-94
2.27500	-93
2.28333	-91
2.29167	-89
2.30000	-87
2.30833	-85
2.31667	-83
2.32500	-80
2.33333	-78
2.34167	-75
2.35000	-72
2.35833	-69
2.36667	-65
2.37500	-60
2.38333	-56
2.39167	-52
2.40000	-47
2.40833	-43
2.41667	-37
2.42500	-32
2.43333	-27
2.44167	-21
2.45000	-15
2.45833	-8
2.46667	-2
2.47500	5
2.48333	13
2.49167	22
2.50000	31
2.50833	41
2.51667	51
2.52500	62
2.53333	72
2.54167	84
2.55000	97
2.55833	110
2.56667	124
2.57500	138
2.58333	153
2.59167	169
2.60000	186
2.60833	203
2.61667	222
2.62500	242
2.63333	263
2.64167	285
2.65000	308
2.65833	332
2.66667	357
2.67500	384
2.68333	412
2.69167	441
2.70000	472
2.70833	505
2.71667	539
2.72500	576
2.73333	614
2.74167	654
2.75000	696
2.75833	741
2.76667	788
2.77500	838
2.78333	890
2.79167	945
2.80000	1003
2.80833	1064
2.81667	1128
2.82500	1195
2.83333	1265
2.84167	1339
2.85000	1417
2.85833	1498
2.86667	1584
2.87500	1675
2.88333	1770
2.89167	1869
2.90000	1973
2.90833	2082
2.91667	2196
2.92500	2315
2.93333	2439
2.94167	2568
2.95000	2703
2.95833	2843
2.96667	2988
2.97500	3139
2.98333	3296
2.99167	3457
3.00000	3624
3.00833	3796
3.01667	3973
3.02500	4156
3.03333	4343
3.04167	4535
3.05000	4730
3.05833	4930
3.06667	5133
3.07500	5339
3.08333	5548
3.09167	5759
3.10000	5972
3.10833	6185
3.11667	6400
3.12500	6614
3.13333	6827
3.14167	7038
3.15000	7248
3.15833	7455
3.16667	7658
3.17500	7856
3.18333	8050
3.19167	8238
3.20000	8420
3.20833	8594
3.21667	8760
3.22500	8917
3.23333	9066
3.24167	9204
3.25000	9333
3.25833	9450
3.26667	9557
3.27500	9650
3.28333	9732
3.29167	9801
3.30000	9857
3.30833	9899
3.31667	9929
3.32500	9945
3.33333	9947
3.34167	9936
3.35000	9912
3.35833	9874
3.36667	9823
3.37500	9760
3.38333	9685
3.39167	9596
3.40000	9496
3.40833	9385
3.41667	9263
3.42500	9131
3.43333	8990
3.44167	8839
3.45000	8680
3.45833	8513
3.46667	8339
3.47500	8157
3.48333	7970
3.49167	7777
3.50000	7580
3.50833	7380
3.51667	7176
3.52500	6970
3.53333	6762
3.54167	6553
3.55000	6342
3.55833	6132
3.56667	5921
3.57500	5712
3.58333	5504
3.59167	5299
3.60000	5096
3.60833	4895
3.61667	4697
3.62500	4503
3.63333	4313
3.64167	4126
3.65000	3944
3.65833	3766
3.66667	3594
3.67500	3426
3.68333	3263
3.69167	3106
3.70000	2953
3.70833	2806
3.71667	2664
3.72500	2527
3.73333	2395
3.74167	2268
3.75000	2147
3.75833	2030
3.76667	1919
3.77500	1813
3.78333	1711
3.79167	1615
3.80000	1523
3.80833	1436
3.81667	1353
3.82500	1275
3.83333	1200
3.84167	1130
3.85000	1063
3.85833	1000
3.86667	941
3.87500	885
3.88333	832
3.89167	781
3.90000	734
3.90833	689
3.91667	647
3.92500	608
3.93333	571
3.94167	536
3.95000	503
3.95833	473
3.96667	444
3.97500	417
3.98333	391
3.99167	367
4.00000	344
4.00833	323
4.01667	302
4.02500	284
4.03333	266
4.04167	250
4.05000	234
4.05833	219
4.06667	205
4.07500	192
4.08333	179
4.09167	167
4.10000	155
4.10833	144
4.11667	134
4.12500	124
4.13333	114
4.14167	104
4.15000	95
4.15833	87
4.16667	78
4.17500	70
4.18333	62
4.19167	55
4.20000	47
4.20833	40
4.21667	33
4.22500	26
4.23333	19
4.24167	12
4.25000	6
4.25833	0
4.26667	-5
4.27500	-11
4.28333	-16
4.29167	-21
4.30000	-26
4.30833	-31
4.31667	-36
4.32500	-41
4.33333	-46
4.34167	-50
4.35000	-55
4.35833	-59
4.36667	-63
4.37500	-66
4.38333	-70
4.39167	-74
4.40000	-77
4.40833	-80
4.41667	-83
4.42500	-86
4.43333	-89
4.44167	-92
4.45000	-95
4.45833	-98
4.46667	-101
4.47500	-103
4.48333	-106
4.49167	-108
4.50000	-111
4.50833	-113
4.51667	-115
4.52500	-117
4.53333	-119
4.54167	-120
4.55000	-121
4.55833	-123
4.56667	-124
4.57500	-126
4.58333	-127
4.59167	-128
4.60000	-129
4.60833	-129
4.61667	-130
4.62500	-131
4.63333	-132
4.64167	-133
4.65000	-133
4.65833	-134
4.66667	-135
4.67500	-136
4.68333	-137
4.69167	-137
4.70000	-137
4.70833	-137
4.71667	-137
4.72500	-138
4.73333	-138
4.74167	-138
4.75000	-138
4.75833	-138
4.76667	-139
4.77500	-139
4.78333	-139
4.79167	-139
4.80000	-139
4.80833	-139
4.81667	-139
4.82500	-139
4.83333	-139
4.84167	-139
4.85000	-139
4.85833	-139
4.86667	-139
4.87500	-139
4.88333	-139
4.89167	-139
4.90000	-140
4.90833	-140
4.91667	-140
4.92500	-139
4.93333	-139
4.94167	-138
4.95000	-138
4.95833	-138
4.96667	-138
4.97500	-138
4.98333	-137
4.99167	-137
5.00000	-137
5.00833	-137
5.01667	-137
5.02500	-137
5.03333	-137
5.04167	-137
5.05000	-137
5.05833	-137
5.06667	-137
5.07500	-137
5.08333	-137
5.09167	-138
5.10000	-138
5.10833	-138
5.11667	-139
5.12500	-139
5.13333	-139
5.14167	-139
5.15000	-139
5.15833	-139
5.16667	-139
5.17500	-139
5.18333	-139
5.19167	-139
5.20000	-139
5.20833	-139
5.21667	-139
5.22500	-139
5.23333	-140
5.24167	-140
5.25000	-141
5.25833	-141
5.26667	-141
5.27500	-141
5.28333	-141
5.29167	-141
5.30000	-141
5.30833	-141
5.31667	-141
5.32500	-142
5.33333	-142
5.34167	-142
5.35000	-142
5.35833	-143
5.36667	-143
5.37500	-144
5.38333	-144
5.39167	-144
5.40000	-145
5.40833	-145
5.41667	-145
5.42500	-146
5.43333	-146
5.44167	-146
5.45000	-147
5.45833	-147
5.46667	-148
5.47500	-148
5.48333	-148
5.49167	-149
5.50000	-149
5.50833	-149
5.51667	-149
5.52500	-150
5.53333	-151
5.54167	-151
5.55000	-151
5.55833	-151
5.56667	-151
5.57500	-151
5.58333	-152
5.59167	-152
5.60000	-152
5.60833	-153
5.61667	-153
5.62500	-154
5.63333	-154
5.64167	-154
5.65000	-155
5.65833	-155
5.66667	-155
5.67500	-155
5.68333	-155
5.69167	-155
5.70000	-155
5.70833	-154
5.71667	-154
5.72500	-155
5.73333	-155
5.74167	-156
5.75000	-156
5.75833	-157
5.76667	-157
5.77500	-157
5.78333	-156
5.79167	-156
5.80000	-156
5.80833	-156
5.81667	-156
5.82500	-157
5.83333	-157
5.84167	-157
5.85000	-157
5.85833	-158
5.86667	-157
5.87500	-157
5.88333	-157
5.89167	-157
5.90000	-157
5.90833	-157
5.91667	-157
5.92500	-157
5.93333	-157
5.94167	-157
5.95000	-157
5.95833	-157
5.96667	-157
5.97500	-157
5.98333	-157
5.99167	-157
6.00000	-158
6.00833	-158
6.01667	-157
6.02500	-157
6.03333	-157
6.04167	-157
6.05000	-157
6.05833	-158
6.06667	-158
6.07500	-158
6.08333	-158
6.09167	-158
6.10000	-158
6.10833	-158
6.11667	-158
6.12500	-158
6.13333	-158
6.14167	-158
6.15000	-158
6.15833	-158
6.16667	-158
6.17500	-158
6.18333	-158
6.19167	-158
6.20000	-158
6.20833	-158
6.21667	-158
6.22500	-158
6.23333	-158
6.24167	-158
6.25000	-158
6.25833	-158
6.26667	-157
6.27500	-157
6.28333	-157
6.29167	-158
6.30000	-158
6.30833	-158
6.31667	-157
6.32500	-157
6.33333	-157
6.34167	-157
6.35000	-157
6.35833	-157
6.36667	-157
6.37500	-157
6.38333	-157
6.39167	-157
6.40000	-157
6.40833	-157
6.41667	-157
6.42500	-157
6.43333	-157
6.44167	-157
6.45000	-157
6.45833	-157
6.46667	-157
6.47500	-157
6.48333	-158
6.49167	-158
6.50000	-158
6.50833	-159
6.51667	-159
6.52500	-159
6.53333	-159
6.54167	-159
6.55000	-160
6.55833	-160
6.56667	-160
6.57500	-159
6.58333	-159
6.59167	-159
6.60000	-159
6.60833	-159
6.61667	-159
6.62500	-159
6.63333	-160
6.64167	-160
6.65000	-160
6.65833	-160
6.66667	-160
6.67500	-160
6.68333	-160
6.69167	-160
6.70000	-160
6.70833	-160
6.71667	-160
6.72500	-161
6.73333	-161
6.74167	-161
6.75000	-161
6.75833	-160
6.76667	-161
6.77500	-161
6.78333	-161
6.79167	-161
6.80000	-162
6.80833	-162
6.81667	-162
6.82500	-162
6.83333	-162
6.84167	-162
6.85000	-162
6.85833	-162
6.86667	-162
6.87500	-162
6.88333	-162
6.89167	-161
6.90000	-161
6.90833	-161
6.91667	-161
6.92500	-161
6.93333	-161
6.94167	-161
6.95000	-161
6.95833	-161
6.96667	-161
6.97500	-161
6.98333	-161
6.99167	-161
7.00000	-161
7.00833	-161
7.01667	-161
7.02500	-160
7.03333	-160
7.04167	-161
7.05000	-161
7.05833	-161
7.06667	-162
7.07500	-163
7.08333	-164
7.09167	-164
7.10000	-164
7.10833	-164
7.11667	-165
7.12500	-165
7.13333	-165
7.14167	-166
7.15000	-166
7.15833	-166
7.16667	-166
7.17500	-167
7.18333	-167
7.19167	-167
7.20000	-167
7.20833	-167
7.21667	-167
7.22500	-167
7.23333	-167
7.24167	-167
7.25000	-168
7.25833	-168
7.26667	-168
7.27500	-168
7.28333	-168
7.29167	-168
7.30000	-168
7.30833	-167
7.31667	-166
7.32500	-165
7.33333	-163
7.34167	-161
7.35000	-158
7.35833	-153
7.36667	-148
7.37500	-140
7.38333	-131
7.39167	-119
7.40000	-106
7.40833	-90
7.41667	-72
7.42500	-52
7.43333	-29
7.44167	-6
7.45000	17
7.45833	41
7.46667	65
7.47500	87
7.48333	107
7.49167	124
7.50000	138
7.50833	149
7.51667	155
7.52500	157
7.53333	155
7.54167	150
7.55000	141
7.55833	129
7.56667	115
7.57500	99
7.58333	82
7.59167	64
7.60000	46
7.60833	28
7.61667	10
7.62500	-6
7.63333	-22
7.64167	-37
7.65000	-51
7.65833	-64
7.66667	-75
7.67500	-86
7.68333	-95
7.69167	-104
7.70000	-112
7.70833	-119
7.71667	-125
7.72500	-130
7.73333	-135
7.74167	-139
7.75000	-143
7.75833	-146
7.76667	-149
7.77500	-152
7.78333	-155
7.79167	-157
7.80000	-159
7.80833	-161
7.81667	-163
7.82500	-164
7.83333	-166
7.84167	-167
7.85000	-168
7.85833	-170
7.86667	-170
7.87500	-171
7.88333	-172
7.89167	-173
7.90000	-174
7.90833	-174
7.91667	-175
7.92500	-175
7.93333	-176
7.94167	-177
7.95000	-178
7.95833	-179
7.96667	-179
7.97500	-180
7.98333	-180
7.99167	-180
8.00000	-181
8.00833	-181
8.01667	-182
8.02500	-182
8.03333	-183
8.04167	-183
8.05000	-184
8.05833	-185
8.06667	-186
8.07500	-186
8.08333	-186
8.09167	-187
8.10000	-187
8.10833	-188
8.11667	-188
8.12500	-189
8.13333	-189
8.14167	-190
8.15000	-191
8.15833	-191
8.16667	-192
8.17500	-193
8.18333	-193
8.19167	-194
8.20000	-195
8.20833	-195
8.21667	-196
8.22500	-196
8.23333	-196
8.24167	-197
8.25000	-197
8.25833	-198
8.26667	-198
8.27500	-199
8.28333	-199
8.29167	-199
8.30000	-200
8.30833	-200
8.31667	-200
8.32500	-201
8.33333	-201
8.34167	-202
8.35000	-202
8.35833	-202
8.36667	-202
8.37500	-203
8.38333	-203
8.39167	-203
8.40000	-204
8.40833	-204
8.41667	-204
8.42500	-205
8.43333	-205
8.44167	-205
8.45000	-205
8.45833	-206
8.46667	-206
8.47500	-206
8.48333	-207
8.49167	-207
8.50000	-207
8.50833	-208
8.51667	-208
8.52500	-209
8.53333	-209
8.54167	-209
8.55000	-209
8.55833	-209
8.56667	-209
8.57500	-210
8.58333	-210
8.59167	-210
8.60000	-210
8.60833	-210
8.61667	-211
8.62500	-211
8.63333	-212
8.64167	-212
8.65000	-213
8.65833	-213
8.66667	-214
8.67500	-214
8.68333	-215
8.69167	-215
8.70000	-215
8.70833	-214
8.71667	-214
8.72500	-214
8.73333	-214
8.74167	-214
8.75000	-214
8.75833	-214
8.76667	-214
8.77500	-215
8.78333	-215
8.79167	-215
8.80000	-215
8.80833	-215
8.81667	-215
8.82500	-215
8.83333	-216
8.84167	-216
8.85000	-215
8.85833	-215
8.86667	-215
8.87500	-215
8.88333	-215
8.89167	-215
8.90000	-215
8.90833	-215
8.91667	-214
8.92500	-214
8.93333	-213
8.94167	-213
8.95000	-213
8.95833	-213
8.96667	-212
8.97500	-212
8.98333	-212
8.99167	-213
9.00000	-213
9.00833	-213
9.01667	-213
9.02500	-213
9.03333	-212
9.04167	-212
9.05000	-211
9.05833	-211
9.06667	-211
9.07500	-210
9.08333	-209
9.09167	-208
9.10000	-208
9.10833	-207
9.11667	-207
9.12500	-206
9.13333	-206
9.14167	-205
9.15000	-205
9.15833	-204
9.16667	-203
9.17500	-202
9.18333	-201
9.19167	-201
9.20000	-200
9.20833	-199
9.21667	-198
9.22500	-198
9.23333	-196
9.24167	-195
9.25000	-194
9.25833	-193
9.26667	-191
9.27500	-190
9.28333	-188
9.29167	-187
9.30000	-185
9.30833	-183
9.31667	-182
9.32500	-181
9.33333	-179
9.34167	-178
9.35000	-176
9.35833	-175
9.36667	-173
9.37500	-172
9.38333	-170
9.39167	-169
9.40000	-167
9.40833	-165
9.41667	-163
9.42500	-161
9.43333	-159
9.44167	-158
9.45000	-156
9.45833	-155
9.46667	-153
9.47500	-152
9.48333	-150
9.49167	-149
9.50000	-147
9.50833	-145
9.51667	-144
9.52500	-142
9.53333	-140
9.54167	-138
9.55000	-137
9.55833	-135
9.56667	-134
9.57500	-133
9.58333	-133
9.59167	-132
9.60000	-131
9.60833	-130
9.61667	-129
9.62500	-128
9.63333	-127
9.64167	-127
9.65000	-127
9.65833	-126
9.66667	-126
9.67500	-126
9.68333	-125
9.69167	-124
9.70000	-124
9.70833	-124
9.71667	-124
9.72500	-124
9.73333	-124
9.74167	-124
9.75000	-125
9.75833	-125
9.76667	-126
9.77500	-127
9.78333	-128
9.79167	-129
9.80000	-129
9.80833	-130
9.81667	-131
9.82500	-132
9.83333	-133
9.84167	-135
9.85000	-136
9.85833	-137
9.86667	-139
9.87500	-140
9.88333	-141
9.89167	-141
9.90000	-142
9.90833	-144
9.91667	-146
9.92500	-147
9.93333	-148
9.94167	-149
9.95000	-150
9.95833	-151
9.96667	-153
9.97500	-154
9.98333	-156
9.99167	-157
10.00000	-158
10.00833	-159
10.01667	-161
10.02500	-163
10.03333	-164
10.04167	-165
10.05000	-166
10.05833	-167
10.06667	-168
10.07500	-169
10.08333	-170
10.09167	-171
10.10000	-172
10.10833	-173
10.11667	-175
10.12500	-176
10.13333	-177
10.14167	-178
10.15000	-179
10.15833	-179
10.16667	-179
10.17500	-180
10.18333	-180
10.19167	-181
10.20000	-181
10.20833	-182
10.21667	-183
10.22500	-184
10.23333	-185
10.24167	-186
10.25000	-187
10.25833	-187
10.26667	-188
10.27500	-189
10.28333	-189
10.29167	-190
10.30000	-191
10.30833	-191
10.31667	-192
10.32500	-192
10.33333	-193
10.34167	-193
10.35000	-193
10.35833	-193
10.36667	-193
10.37500	-193
10.38333	-194
10.39167	-194
10.40000	-194
10.40833	-194
10.41667	-194
10.42500	-194
10.43333	-194
10.44167	-195
10.45000	-195
10.45833	-195
10.46667	-195
10.47500	-194
10.48333	-194
10.49167	-193
10.50000	-192
10.50833	-192
10.51667	-190
10.52500	-189
10.53333	-187
10.54167	-185
10.55000	-183
10.55833	-181
10.56667	-179
10.57500	-177
10.58333	-176
10.59167	-174
10.60000	-172
10.60833	-170
10.61667	-168
10.62500	-167
10.63333	-165
10.64167	-163
10.65000	-162
10.65833	-161
10.66667	-161
10.67500	-162
10.68333	-163
10.69167	-164
10.70000	-165
10.70833	-166
10.71667	-168
10.72500	-169
10.73333	-170
10.74167	-172
10.75000	-174
10.75833	-176
10.76667	-178
10.77500	-180
10.78333	-182
10.79167	-183
10.80000	-185
10.80833	-187
10.81667	-189
10.82500	-190
10.83333	-191
10.84167	-192
10.85000	-193
10.85833	-194
10.86667	-195
10.87500	-196
10.88333	-196
10.89167	-197
10.90000	-197
10.90833	-197
10.91667	-198
10.92500	-198
10.93333	-199
10.94167	-199
10.95000	-199
10.95833	-200
10.96667	-200
10.97500	-200
10.98333	-201
10.99167	-201
11.00000	-201
11.00833	-201
11.01667	-201
11.02500	-201
11.03333	-201
11.04167	-202
11.05000	-202
11.05833	-202
11.06667	-202
11.07500	-201
11.08333	-202
11.09167	-202
11.10000	-202
11.10833	-202
11.11667	-201
11.12500	-201
11.13333	-201
11.14167	-200
11.15000	-200
11.15833	-200
11.16667	-200
11.17500	-201
11.18333	-201
11.19167	-201
11.20000	-201
11.20833	-201
11.21667	-201
11.22500	-201
11.23333	-201
11.24167	-201
11.25000	-200
11.25833	-200
11.26667	-200
11.27500	-201
11.28333	-201
11.29167	-201
11.30000	-201
11.30833	-201
11.31667	-200
11.32500	-200
11.33333	-200
11.34167	-199
11.35000	-199
11.35833	-199
11.36667	-199
11.37500	-199
11.38333	-198
11.39167	-198
11.40000	-198
11.40833	-198
11.41667	-198
11.42500	-198
11.43333	-198
11.44167	-198
11.45000	-197
11.45833	-197
11.46667	-197
11.47500	-197
11.48333	-196
11.49167	-196
11.50000	-196
11.50833	-197
11.51667	-197
11.52500	-197
11.53333	-196
11.54167	-196
11.55000	-196
11.55833	-196
11.56667	-196
11.57500	-196
11.58333	-196
11.59167	-196
11.60000	-195
11.60833	-195
11.61667	-195
11.62500	-194
11.63333	-194
11.64167	-194
11.65000	-194
11.65833	-194
11.66667	-194
11.67500	-193
11.68333	-193
11.69167	-193
11.70000	-193
11.70833	-193
11.71667	-193
11.72500	-193
11.73333	-192
11.74167	-192
11.75000	-192
11.75833	-192
11.76667	-191
11.77500	-191
11.78333	-191
11.79167	-191
11.80000	-191
11.80833	-191
11.81667	-191
11.82500	-191
11.83333	-191
11.84167	-190
11.85000	-190
11.85833	-190
11.86667	-190
11.87500	-190
11.88333	-190
11.89167	-190
11.90000	-189
11.90833	-189
11.91667	-190
11.92500	-190
11.93333	-190
11.94167	-190
11.95000	-190
11.95833	-190
11.96667	-190
11.97500	-190
11.98333	-190
11.99167	-190
12.00000	-190
12.00833	-190
12.01667	-189
12.02500	-189
12.03333	-189
12.04167	-189
12.05000	-189
12.05833	-189
12.06667	-189
12.07500	-189
12.08333	-189
12.09167	-189
12.10000	-188
12.10833	-188
12.11667	-188
12.12500	-187
12.13333	-187
12.14167	-187
12.15000	-187
12.15833	-187
12.16667	-186
12.17500	-186
12.18333	-186
12.19167	-186
12.20000	-186
12.20833	-186
12.21667	-185
12.22500	-185
12.23333	-185
12.24167	-185
12.25000	-184
12.25833	-184
12.26667	-183
12.27500	-183
12.28333	-183
12.29167	-183
12.30000	-183
12.30833	-182
12.31667	-182
12.32500	-182
12.33333	-182
12.34167	-182
12.35000	-182
12.35833	-182
12.36667	-182
12.37500	-181
12.38333	-180
12.39167	-180
12.40000	-179
12.40833	-179
12.41667	-178
12.42500	-178
12.43333	-178
12.44167	-178
12.45000	-178
12.45833	-178
12.46667	-178
12.47500	-178
12.48333	-178
12.49167	-178
12.50000	-178
12.50833	-178
12.51667	-177
12.52500	-177
12.53333	-177
12.54167	-177
12.55000	-176
12.55833	-176
12.56667	-176
12.57500	-175
12.58333	-175
12.59167	-175
12.60000	-175
12.60833	-175
12.61667	-175
12.62500	-175
12.63333	-174
12.64167	-174
12.65000	-174
12.65833	-174
12.66667	-173
12.67500	-173
12.68333	-173
12.69167	-173
12.70000	-173
12.70833	-173
12.71667	-172
12.72500	-172
12.73333	-172
12.74167	-172
12.75000	-172
12.75833	-171
12.76667	-171
12.77500	-171
12.78333	-170
12.79167	-170
12.80000	-169
12.80833	-169
12.81667	-168
12.82500	-168
12.83333	-168
12.84167	-168
12.85000	-168
12.85833	-168
12.86667	-168
12.87500	-168
12.88333	-168
12.89167	-168
12.90000	-167
12.90833	-167
12.91667	-167
12.92500	-166
12.93333	-166
12.94167	-165
12.95000	-165
12.95833	-164
12.96667	-164
12.97500	-164
12.98333	-164
12.99167	-164
13.00000	-163
13.00833	-163
13.01667	-162
13.02500	-162
13.03333	-162
13.04167	-161
13.05000	-161
13.05833	-161
13.06667	-161
13.07500	-161
13.08333	-160
13.09167	-160
13.10000	-160
13.10833	-160
13.11667	-159
13.12500	-159
13.13333	-158
13.14167	-158
13.15000	-158
13.15833	-158
13.16667	-158
13.17500	-158
13.18333	-157
13.19167	-156
13.20000	-155
13.20833	-155
13.21667	-155
13.22500	-155
13.23333	-154
13.24167	-154
13.25000	-153
13.25833	-152
13.26667	-152
13.27500	-150
13.28333	-149
13.29167	-148
13.30000	-147
13.30833	-145
13.31667	-144
13.32500	-143
13.33333	-141
13.34167	-140
13.35000	-138
13.35833	-136
13.36667	-134
13.37500	-131
13.38333	-128
13.39167	-125
13.40000	-123
13.40833	-120
13.41667	-117
13.42500	-114
13.43333	-110
13.44167	-106
13.45000	-103
13.45833	-99
13.46667	-96
13.47500	-92
13.48333	-88
13.49167	-84
13.50000	-80
13.50833	-76
13.51667	-73
13.52500	-70
13.53333	-67
13.54167	-64
13.55000	-62
13.55833	-60
13.56667	-59
13.57500	-57
13.58333	-56
13.59167	-55
13.60000	-55
13.60833	-54
13.61667	-54
13.62500	-54
13.63333	-55
13.64167	-55
13.65000	-56
13.65833	-56
13.66667	-57
13.67500	-57
13.68333	-58
13.69167	-58
13.70000	-58
13.70833	-57
13.71667	-57
13.72500	-56
13.73333	-56
13.74167	-55
13.75000	-54
13.75833	-53
13.76667	-52
13.77500	-51
13.78333	-50
13.79167	-48
13.80000	-46
13.80833	-44
13.81667	-42
13.82500	-40
13.83333	-38
13.84167	-35
13.85000	-33
13.85833	-30
13.86667	-28
13.87500	-25
13.88333	-23
13.89167	-20
13.90000	-17
13.90833	-14
13.91667	-11
13.92500	-8
13.93333	-5
13.94167	-2
13.95000	1
13.95833	4
13.96667	8
13.97500	12
13.98333	15
13.99167	19
14.00000	23
14.00833	26
14.01667	30
14.02500	34
14.03333	37
14.04167	41
14.05000	45
14.05833	49
14.06667	52
14.07500	55
14.08333	59
14.09167	62
14.10000	66
14.10833	70
14.11667	73
14.12500	77
14.13333	81
14.14167	85
14.15000	89
14.15833	93
14.16667	97
14.17500	100
14.18333	104
14.19167	108
14.20000	112
14.20833	116
14.21667	119
14.22500	123
14.23333	126
14.24167	129
14.25000	133
14.25833	136
14.26667	139
14.27500	143
14.28333	146
14.29167	149
14.30000	152
14.30833	155
14.31667	158
14.32500	161
14.33333	164
14.34167	167
14.35000	169
14.35833	172
14.36667	175
14.37500	177
14.38333	180
14.39167	182
14.40000	184
14.40833	186
14.41667	188
14.42500	190
14.43333	191
14.44167	193
14.45000	194
14.45833	196
14.46667	197
14.47500	198
14.48333	200
14.49167	201
14.50000	203
14.50833	204
14.51667	205
14.52500	205
14.53333	206
14.54167	207
14.55000	207
14.55833	208
14.56667	209
14.57500	209
14.58333	209
14.59167	209
14.60000	209
14.60833	209
14.61667	209
14.62500	209
14.63333	208
14.64167	207
14.65000	207
14.65833	206
14.66667	205
14.67500	204
14.68333	204
14.69167	203
14.70000	202
14.70833	200
14.71667	199
14.72500	198
14.73333	196
14.74167	195
14.75000	194
14.75833	192
14.76667	191
14.77500	189
14.78333	187
14.79167	186
14.80000	183
14.80833	181
14.81667	179
14.82500	177
14.83333	175
14.84167	173
14.85000	171
14.85833	169
14.86667	167
14.87500	165
14.88333	163
14.89167	161
14.90000	159
14.90833	157
14.91667	154
14.92500	152
14.93333	150
14.94167	148
14.95000	146
14.95833	144
14.96667	142
14.97500	140
14.98333	138
14.99167	135
15.00000	133
15.00833	130
15.01667	128
15.02500	126
15.03333	123
15.04167	121
15.05000	118
15.05833	116
15.06667	113
15.07500	111
15.08333	109
15.09167	106
15.10000	104
15.10833	101
15.11667	98
15.12500	95
15.13333	92
15.14167	89
15.15000	87
15.15833	85
15.16667	82
15.17500	79
15.18333	77
15.19167	74
15.20000	71
15.20833	69
15.21667	66
15.22500	63
15.23333	60
15.24167	57
15.25000	54
15.25833	51
15.26667	48
15.27500	46
15.28333	43
15.29167	40
15.30000	37
15.30833	35
15.31667	32
15.32500	30
15.33333	28
15.34167	25
15.35000	22
15.35833	19
15.36667	16
15.37500	13
15.38333	10
15.39167	7
15.40000	4
15.40833	1
15.41667	-2
15.42500	-4
15.43333	-7
15.44167	-10
15.45000	-13
15.45833	-15
15.46667	-18
15.47500	-20
15.48333	-23
15.49167	-27
15.50000	-29
15.50833	-32
15.51667	-35
15.52500	-38
15.53333	-40
15.54167	-43
15.55000	-45
15.55833	-48
15.56667	-51
15.57500	-53
15.58333	-56
15.59167	-58
15.60000	-60
15.60833	-63
15.61667	-65
15.62500	-67
15.63333	-69
15.64167	-71
15.65000	-74
15.65833	-76
15.66667	-78
15.67500	-80
15.68333	-82
15.69167	-84
15.70000	-86
15.70833	-88
15.71667	-90
15.72500	-92
15.73333	-94
15.74167	-96
15.75000	-98
15.75833	-100
15.76667	-101
15.77500	-103
15.78333	-104
15.79167	-105
15.80000	-107
15.80833	-108
15.81667	-110
15.82500	-111
15.83333	-113
15.84167	-114
15.85000	-115
15.85833	-116
15.86667	-117
15.87500	-119
15.88333	-120
15.89167	-121
15.90000	-122
15.90833	-122
15.91667	-123
15.92500	-124
15.93333	-125
15.94167	-125
15.95000	-126
15.95833	-127
15.96667	-128
15.97500	-129
15.98333	-130
15.99167	-130
16.00000	-131
16.00833	-131
16.01667	-131
16.02500	-132
16.03333	-132
16.04167	-132
16.05000	-133
16.05833	-133
16.06667	-134
16.07500	-134
16.08333	-135
16.09167	-135
16.10000	-135
16.10833	-136
16.11667	-136
16.12500	-136
16.13333	-136
16.14167	-136
16.15000	-136
16.15833	-136
16.16667	-136
16.17500	-136
16.18333	-136
16.19167	-135
16.20000	-135
16.20833	-135
16.21667	-135
16.22500	-135
16.23333	-135
16.24167	-135
16.25000	-135
16.25833	-135
16.26667	-135
16.27500	-135
16.28333	-135
16.29167	-134
16.30000	-134
16.30833	-134
16.31667	-134
16.32500	-134
16.33333	-134
16.34167	-134
16.35000	-134
16.35833	-134
16.36667	-134
16.37500	-133
16.38333	-133
16.39167	-133
16.40000	-133
16.40833	-133
16.41667	-133
16.42500	-133
16.43333	-133
16.44167	-133
16.45000	-133
16.45833	-132
16.46667	-132
16.47500	-132
16.48333	-131
16.49167	-131
16.50000	-130
16.50833	-130
16.51667	-130
16.52500	-130
16.53333	-130
16.54167	-130
16.55000	-129
16.55833	-129
16.56667	-128
16.57500	-127
16.58333	-127
16.59167	-127
16.60000	-126
16.60833	-126
16.61667	-125
16.62500	-125
16.63333	-124
16.64167	-123
16.65000	-122
16.65833	-122
16.66667	-122
16.67500	-121
16.68333	-121
16.69167	-121
16.70000	-120
16.70833	-120
16.71667	-119
16.72500	-119
16.73333	-118
16.74167	-118
16.75000	-117
16.75833	-117
16.76667	-116
16.77500	-115
16.78333	-115
16.79167	-114
16.80000	-113
16.80833	-112
16.81667	-111
16.82500	-110
16.83333	-110
16.84167	-109
16.85000	-109
16.85833	-108
16.86667	-107
16.87500	-107
16.88333	-106
16.89167	-105
16.90000	-103
16.90833	-103
16.91667	-102
16.92500	-101
16.93333	-100
16.94167	-100
16.95000	-99
16.95833	-98
16.96667	-97
16.97500	-97
16.98333	-96
16.99167	-96
17.00000	-96
17.00833	-96
17.01667	-96
17.02500	-96
17.03333	-95
17.04167	-96
17.05000	-96
17.05833	-96
17.06667	-95
17.07500	-95
17.08333	-95
17.09167	-94
17.10000	-94
17.10833	-94
17.11667	-94
17.12500	-93
17.13333	-93
17.14167	-92
17.15000	-92
17.15833	-92
17.16667	-92
17.17500	-91
17.18333	-90
17.19167	-90
17.20000	-90
17.20833	-90
17.21667	-90
17.22500	-90
17.23333	-90
17.24167	-89
17.25000	-89
17.25833	-89
17.26667	-88
17.27500	-88
17.28333	-87
17.29167	-87
17.30000	-86
17.30833	-86
17.31667	-85
17.32500	-85
17.33333	-84
17.34167	-84
17.35000	-84
17.35833	-84
17.36667	-84
17.37500	-83
17.38333	-83
17.39167	-83
17.40000	-82
17.40833	-82
17.41667	-81
17.42500	-81
17.43333	-80
17.44167	-80
17.45000	-79
17.45833	-78
17.46667	-78
17.47500	-77
17.48333	-77
17.49167	-76
17.50000	-76
17.50833	-75
17.51667	-75
17.52500	-74
17.53333	-74
17.54167	-74
17.55000	-73
17.55833	-73
17.56667	-73
17.57500	-72
17.58333	-71
17.59167	-71
17.60000	-70
17.60833	-70
17.61667	-70
17.62500	-69
17.63333	-69
17.64167	-69
17.65000	-68
17.65833	-68
17.66667	-68
17.67500	-67
17.68333	-67
17.69167	-66
17.70000	-65
17.70833	-64
17.71667	-64
17.72500	-64
17.73333	-63
17.74167	-62
17.75000	-62
17.75833	-62
17.76667	-62
17.77500	-61
17.78333	-61
17.79167	-61
17.80000	-61
17.80833	-61
17.81667	-60
17.82500	-60
17.83333	-60
17.84167	-59
17.85000	-58
17.85833	-58
17.86667	-57
17.87500	-57
17.88333	-56
17.89167	-56
17.90000	-56
17.90833	-55
17.91667	-55
17.92500	-54
17.93333	-53
17.94167	-52
17.95000	-51
17.95833	-51
17.96667	-50
17.97500	-50
17.98333	-49
17.99167	-48
18.00000	-47
18.00833	-47
18.01667	-46
18.02500	-46
18.03333	-45
18.04167	-44
18.05000	-43
18.05833	-42
18.06667	-41
18.07500	-40
18.08333	-39
18.09167	-38
18.10000	-37
18.10833	-37
18.11667	-36
18.12500	-35
18.13333	-34
18.14167	-34
18.15000	-33
18.15833	-32
18.16667	-31
18.17500	-31
18.18333	-30
18.19167	-29
18.20000	-28
18.20833	-28
18.21667	-27
18.22500	-26
18.23333	-27
18.24167	-27
18.25000	-26
18.25833	-26
18.26667	-26
18.27500	-26
18.28333	-25
18.29167	-25
18.30000	-25
18.30833	-24
18.31667	-24
18.32500	-23
18.33333	-23
18.34167	-22
18.35000	-22
18.35833	-22
18.36667	-21
18.37500	-21
18.38333	-21
18.39167	-21
18.40000	-20
18.40833	-20
18.41667	-19
18.42500	-19
18.43333	-18
18.44167	-17
18.45000	-17
18.45833	-16
18.46667	-15
18.47500	-15
18.48333	-14
18.49167	-13
18.50000	-13
18.50833	-12
18.51667	-11
18.52500	-10
18.53333	-10
18.54167	-9
18.55000	-9
18.55833	-9
18.56667	-8
18.57500	-8
18.58333	-7
18.59167	-6
18.60000	-6
18.60833	-5
18.61667	-5
18.62500	-4
18.63333	-3
18.64167	-2
18.65000	-2
18.65833	-1
18.66667	-1
18.67500	0
18.68333	1
18.69167	1
18.70000	2
18.70833	2
18.71667	3
18.72500	4
18.73333	5
18.74167	6
18.75000	7
18.75833	8
18.76667	8
18.77500	9
18.78333	10
18.79167	11
18.80000	12
18.80833	12
18.81667	13
18.82500	14
18.83333	14
18.84167	15
18.85000	16
18.85833	17
18.86667	18
18.87500	19
18.88333	20
18.89167	20
18.90000	21
18.90833	22
18.91667	23
18.92500	24
18.93333	24
18.94167	25
18.95000	25
18.95833	26
18.96667	27
18.97500	28
18.98333	29
18.99167	30
19.00000	31
19.00833	32
19.01667	33
19.02500	34
19.03333	35
19.04167	36
19.05000	37
19.05833	38
19.06667	39
19.07500	40
19.08333	41
19.09167	42
19.10000	42
19.10833	43
19.11667	44
19.12500	45
19.13333	46
19.14167	46
19.15000	47
19.15833	48
19.16667	49
19.17500	51
19.18333	52
19.19167	52
19.20000	53
19.20833	54
19.21667	55
19.22500	56
19.23333	56
19.24167	57
19.25000	58
19.25833	59
19.26667	60
19.27500	60
19.28333	61
19.29167	62
19.30000	63
19.30833	63
19.31667	64
19.32500	65
19.33333	66
19.34167	66
19.35000	67
19.35833	68
19.36667	69
19.37500	70
19.38333	70
19.39167	71
19.40000	72
19.40833	72
19.41667	73
19.42500	73
19.43333	74
19.44167	75
19.45000	75
19.45833	76
19.46667	77
19.47500	78
19.48333	79
19.49167	80
19.50000	80
19.50833	81
19.51667	81
19.52500	82
19.53333	82
19.54167	83
19.55000	84
19.55833	85
19.56667	86
19.57500	87
19.58333	88
19.59167	89
19.60000	90
19.60833	91
19.61667	92
19.62500	92
19.63333	94
19.64167	94
19.65000	95
19.65833	96
19.66667	97
19.67500	98
19.68333	99
19.69167	100
19.70000	101
19.70833	102
19.71667	103
19.72500	103
19.73333	104
19.74167	105
19.75000	105
19.75833	106
19.76667	107
19.77500	108
19.78333	109
19.79167	110
19.80000	110
19.80833	111
19.81667	112
19.82500	113
19.83333	114
19.84167	115
19.85000	116
19.85833	117
19.86667	117
19.87500	118
19.88333	119
19.89167	120
19.90000	121
19.90833	122
19.91667	123
19.92500	124
19.93333	125
19.94167	125
19.95000	126
19.95833	127
19.96667	128
19.97500	128
19.98333	129
19.99167	130
20.00000	131
20.00833	132
20.01667	133
20.02500	133
20.03333	134
20.04167	135
20.05000	136
20.05833	137
20.06667	138
20.07500	139
20.08333	140
20.09167	141
20.10000	142
20.10833	143
20.11667	144
20.12500	145
20.13333	146
20.14167	147
20.15000	148
20.15833	149
20.16667	149
20.17500	150
20.18333	151
20.19167	152
20.20000	153
20.20833	154
20.21667	155
20.22500	156
20.23333	157
20.24167	158
20.25000	159
20.25833	161
20.26667	161
20.27500	162
20.28333	163
20.29167	163
20.30000	164
20.30833	165
20.31667	166
20.32500	167
20.33333	169
20.34167	170
20.35000	171
20.35833	171
20.36667	172
20.37500	173
20.38333	174
20.39167	175
20.40000	176
20.40833	177
20.41667	178
20.42500	179
20.43333	180
20.44167	181
20.45000	181
20.45833	182
20.46667	183
20.47500	184
20.48333	185
20.49167	186
20.50000	188
20.50833	189
20.51667	190
20.52500	191
20.53333	192
20.54167	193
20.55000	193
20.55833	194
20.56667	195
20.57500	195
20.58333	196
20.59167	197
20.60000	198
20.60833	199
20.61667	200
20.62500	201
20.63333	202
20.64167	203
20.65000	203
20.65833	204
20.66667	205
20.67500	207
20.68333	208
20.69167	209
20.70000	210
20.70833	211
20.71667	212
20.72500	213
20.73333	214
20.74167	216
20.75000	217
20.75833	218
20.76667	219
20.77500	220
20.78333	220
20.79167	221
20.80000	222
20.80833	223
20.81667	225
20.82500	226
20.83333	227
20.84167	228
20.85000	229
20.85833	230
20.86667	231
20.87500	233
20.88333	234
20.89167	235
20.90000	236
20.90833	237
20.91667	239
20.92500	239
20.93333	240
20.94167	241
20.95000	242
20.95833	244
20.96667	245
20.97500	246
20.98333	247
20.99167	248
21.00000	249
21.00833	250
21.01667	251
21.02500	252
21.03333	253
21.04167	255
21.05000	256
21.05833	257
21.06667	258
21.07500	259
21.08333	260
21.09167	261
21.10000	262
21.10833	263
21.11667	264
21.12500	265
21.13333	266
21.14167	267
21.15000	268
21.15833	269
21.16667	270
21.17500	271
21.18333	272
21.19167	274
21.20000	275
21.20833	276
21.21667	277
21.22500	278
21.23333	279
21.24167	281
21.25000	282
21.25833	283
21.26667	284
21.27500	285
21.28333	286
21.29167	287
21.30000	288
21.30833	289
21.31667	290
21.32500	291
21.33333	292
21.34167	293
21.35000	294
21.35833	295
21.36667	296
21.37500	297
21.38333	298
21.39167	298
21.40000	299
21.40833	300
21.41667	300
21.42500	301
21.43333	302
21.44167	303
21.45000	304
21.45833	304
21.46667	305
21.47500	306
21.48333	307
21.49167	308
21.50000	308
21.50833	309
21.51667	310
21.52500	311
21.53333	312
21.54167	313
21.55000	314
21.55833	314
21.56667	315
21.57500	315
21.58333	316
21.59167	317
21.60000	318
21.60833	318
21.61667	319
21.62500	320
21.63333	320
21.64167	321
21.65000	322
21.65833	322
21.66667	323
21.67500	324
21.68333	325
21.69167	325
21.70000	326
21.70833	327
21.71667	327
21.72500	327
21.73333	327
21.74167	328
21.75000	328
21.75833	329
21.76667	330
21.77500	331
21.78333	331
21.79167	331
21.80000	331
21.80833	331
21.81667	332
21.82500	332
21.83333	332
21.84167	332
21.85000	332
21.85833	332
21.86667	332
21.87500	332
21.88333	333
21.89167	333
21.90000	334
21.90833	334
21.91667	334
21.92500	334
21.93333	335
21.94167	335
21.95000	335
21.95833	335
21.96667	335
21.97500	335
21.98333	335
21.99167	335
22.00000	335
22.00833	335
22.01667	334
22.02500	334
22.03333	334
22.04167	334
22.05000	334
22.05833	334
22.06667	334
22.07500	333
22.08333	333
22.09167	333
22.10000	333
22.10833	332
22.11667	332
22.12500	332
22.13333	332
22.14167	332
22.15000	332
22.15833	331
22.16667	331
22.17500	330
22.18333	330
22.19167	330
22.20000	330
22.20833	329
22.21667	329
22.22500	328
22.23333	328
22.24167	328
22.25000	327
22.25833	327
22.26667	326
22.27500	326
22.28333	325
22.29167	324
22.30000	323
22.30833	322
22.31667	322
22.32500	321
22.33333	320
22.34167	319
22.35000	318
22.35833	317
22.36667	317
22.37500	316
22.38333	315
22.39167	314
22.40000	313
22.40833	312
22.41667	312
22.42500	311
22.43333	310
22.44167	309
22.45000	307
22.45833	306
22.46667	305
22.47500	303
22.48333	302
22.49167	301
22.50000	299
22.50833	297
22.51667	295
22.52500	293
22.53333	291
22.54167	289
22.55000	287
22.55833	285
22.56667	283
22.57500	281
22.58333	278
22.59167	276
22.60000	273
22.60833	271
22.61667	268
22.62500	266
22.63333	263
22.64167	261
22.65000	258
22.65833	256
22.66667	254
22.67500	251
22.68333	248
22.69167	245
22.70000	243
22.70833	240
22.71667	237
22.72500	235
22.73333	233
22.74167	231
22.75000	230
22.75833	228
22.76667	227
22.77500	226
22.78333	224
22.79167	223
22.80000	222
22.80833	221
22.81667	221
22.82500	220
22.83333	220
22.84167	220
22.85000	221
22.85833	221
22.86667	222
22.87500	223
22.88333	224
22.89167	226
22.90000	227
22.90833	229
22.91667	230
22.92500	232
22.93333	234
22.94167	236
22.95000	238
22.95833	240
22.96667	243
22.97500	245
22.98333	248
22.99167	251
23.00000	253
23.00833	256
23.01667	259
23.02500	261
23.03333	264
23.04167	267
23.05000	270
23.05833	272
23.06667	275
23.07500	277
23.08333	280
23.09167	282
23.10000	284
23.10833	286
23.11667	289
23.12500	291
23.13333	292
23.14167	294
23.15000	296
23.15833	297
23.16667	299
23.17500	300
23.18333	302
23.19167	303
23.20000	304
23.20833	305
23.21667	306
23.22500	306
23.23333	307
23.24167	308
23.25000	308
23.25833	309
23.26667	310
23.27500	310
23.28333	311
23.29167	311
23.30000	311
23.30833	312
23.31667	312
23.32500	312
23.33333	313
23.34167	313
23.35000	313
23.35833	313
23.36667	312
23.37500	312
23.38333	312
23.39167	311
23.40000	311
23.40833	311
23.41667	310
23.42500	310
23.43333	310
23.44167	310
23.45000	309
23.45833	309
23.46667	309
23.47500	308
23.48333	308
23.49167	308
23.50000	307
23.50833	307
23.51667	307
23.52500	307
23.53333	307
23.54167	307
23.55000	307
23.55833	306
23.56667	305
23.57500	305
23.58333	304
23.59167	304
23.60000	303
23.60833	303
23.61667	303
23.62500	303
23.63333	303
23.64167	302
23.65000	302
23.65833	302
23.66667	301
23.67500	301
23.68333	300
23.69167	300
23.70000	300
23.70833	299
23.71667	299
23.72500	298
23.73333	298
23.74167	298
23.75000	297
23.75833	297
23.76667	296
23.77500	295
23.78333	294
23.79167	293
23.80000	293
23.80833	293
23.81667	292
23.82500	292
23.83333	291
23.84167	290
23.85000	290
23.85833	289
23.86667	289
23.87500	288
23.88333	287
23.89167	286
23.90000	285
23.90833	284
23.91667	284
23.92500	283
23.93333	282
23.94167	281
23.95000	281
23.95833	280
23.96667	279
23.97500	278
23.98333	277
23.99167	276
24.00000	275
24.00833	274
24.01667	273
24.02500	272
24.03333	271
24.04167	270
24.05000	269
24.05833	268
24.06667	267
24.07500	265
24.08333	264
24.09167	263
24.10000	262
24.10833	261
24.11667	259
24.12500	258
24.13333	257
24.14167	256
24.15000	256
24.15833	254
24.16667	253
24.17500	252
24.18333	250
24.19167	249
24.20000	247
24.20833	246
24.21667	244
24.22500	242
24.23333	241
24.24167	239
24.25000	238
24.25833	237
24.26667	235
24.27500	233
24.28333	232
24.29167	231
24.30000	230
24.30833	228
24.31667	227
24.32500	225
24.33333	224
24.34167	222
24.35000	221
24.35833	219
24.36667	217
24.37500	216
24.38333	214
24.39167	213
24.40000	212
24.40833	210
24.41667	209
24.42500	208
24.43333	207
24.44167	206
24.45000	205
24.45833	204
24.46667	203
24.47500	202
24.48333	201
24.49167	200
24.50000	199
24.50833	199
24.51667	198
24.52500	198
24.53333	197
24.54167	197
24.55000	196
24.55833	196
24.56667	195
24.57500	195
24.58333	195
24.59167	195
24.60000	195
24.60833	195
24.61667	195
24.62500	196
24.63333	196
24.64167	197
24.65000	197
24.65833	198
24.66667	198
24.67500	199
24.68333	199
24.69167	199
24.70000	200
24.70833	200
24.71667	201
24.72500	201
24.73333	201
24.74167	201
24.75000	202
24.75833	202
24.76667	202
24.77500	203
24.78333	204
24.79167	204
24.80000	205
24.80833	205
24.81667	206
24.82500	206
24.83333	207
24.84167	207
24.85000	207
24.85833	207
24.86667	208
24.87500	208
24.88333	208
24.89167	209
24.90000	209
24.90833	210
24.91667	210
24.92500	210
24.93333	211
24.94167	211
24.95000	211
24.95833	211
24.96667	211
24.97500	211
24.98333	211
24.99167	212
25.00000	212
25.00833	212
25.01667	212
25.02500	212
25.03333	213
25.04167	213
25.05000	213
25.05833	213
25.06667	213
25.07500	213
25.08333	213
25.09167	213
25.10000	212
25.10833	212
25.11667	212
25.12500	213
25.13333	213
25.14167	212
25.15000	212
25.15833	212
25.16667	211
25.17500	211
25.18333	212
25.19167	212
25.20000	211
25.20833	211
25.21667	211
25.22500	211
25.23333	210
25.24167	210
25.25000	209
25.25833	208
25.26667	208
25.27500	207
25.28333	206
25.29167	205
25.30000	204
25.30833	204
25.31667	203
25.32500	202
25.33333	202
25.34167	201
25.35000	200
25.35833	199
25.36667	199
25.37500	198
25.38333	197
25.39167	196
25.40000	195
25.40833	195
25.41667	194
25.42500	193
25.43333	193
25.44167	192
25.45000	191
25.45833	189
25.46667	189
25.47500	188
25.48333	188
25.49167	187
25.50000	186
25.50833	186
25.51667	185
25.52500	185
25.53333	184
25.54167	184
25.55000	183
25.55833	182
25.56667	182
25.57500	181
25.58333	181
25.59167	181
25.60000	180
25.60833	180
25.61667	180
25.62500	179
25.63333	179
25.64167	179
25.65000	179
25.65833	178
25.66667	178
25.67500	178
25.68333	178
25.69167	178
25.70000	177
25.70833	177
25.71667	177
25.72500	177
25.73333	177
25.74167	177
25.75000	177
25.75833	177
25.76667	177
25.77500	177
25.78333	177
25.79167	176
25.80000	176
25.80833	176
25.81667	176
25.82500	176
25.83333	176
25.84167	176
25.85000	176
25.85833	176
25.86667	176
25.87500	176
25.88333	176
25.89167	176
25.90000	176
25.90833	176
25.91667	176
25.92500	176
25.93333	176
25.94167	176
25.95000	175
25.95833	176
25.96667	176
25.97500	176
25.98333	176
25.99167	176
26.00000	175
26.00833	175
26.01667	175
26.02500	175
26.03333	174
26.04167	174
26.05000	174
26.05833	174
26.06667	174
26.07500	173
26.08333	173
26.09167	173
26.10000	173
26.10833	173
26.11667	173
26.12500	172
26.13333	172
26.14167	172
26.15000	172
26.15833	172
26.16667	173
26.17500	173
26.18333	173
26.19167	174
26.20000	174
26.20833	174
26.21667	175
26.22500	175
26.23333	176
26.24167	176
26.25000	177
26.25833	177
26.26667	177
26.27500	178
26.28333	178
26.29167	178
26.30000	178
26.30833	179
26.31667	180
26.32500	180
26.33333	180
26.34167	181
26.35000	182
26.35833	182
26.36667	182
26.37500	183
26.38333	183
26.39167	184
26.40000	184
26.40833	184
26.41667	184
26.42500	185
26.43333	185
26.44167	186
26.45000	186
26.45833	186
26.46667	185
26.47500	185
26.48333	185
26.49167	185
26.50000	185
26.50833	184
26.51667	182
26.52500	181
26.53333	180
26.54167	179
26.55000	178
26.55833	177
26.56667	175
26.57500	173
26.58333	172
26.59167	170
26.60000	168
26.60833	166
26.61667	164
26.62500	161
26.63333	158
26.64167	156
26.65000	153
26.65833	150
26.66667	147
26.67500	144
26.68333	141
26.69167	138
26.70000	135
26.70833	132
26.71667	129
26.72500	126
26.73333	123
26.74167	119
26.75000	116
26.75833	113
26.76667	110
26.77500	108
26.78333	105
26.79167	102
26.80000	99
26.80833	95
26.81667	93
26.82500	90
26.83333	87
26.84167	84
26.85000	82
26.85833	79
26.86667	77
26.87500	75
26.88333	72
26.89167	70
26.90000	68
26.90833	65
26.91667	63
26.92500	61
26.93333	59
26.94167	57
26.95000	55
26.95833	54
26.96667	52
26.97500	51
26.98333	49
26.99167	48
27.00000	46
27.00833	45
27.01667	43
27.02500	42
27.03333	40
27.04167	39
27.05000	37
27.05833	36
27.06667	35
27.07500	33
27.08333	32
27.09167	31
27.10000	30
27.10833	28
27.11667	27
27.12500	26
27.13333	25
27.14167	23
27.15000	22
27.15833	21
27.16667	20
27.17500	20
27.18333	19
27.19167	18
27.20000	17
27.20833	16
27.21667	15
27.22500	14
27.23333	13
27.24167	12
27.25000	12
27.25833	11
27.26667	10
27.27500	9
27.28333	9
27.29167	9
27.30000	8
27.30833	7
27.31667	7
27.32500	5
27.33333	4
27.34167	3
27.35000	3
27.35833	2
27.36667	2
27.37500	2
27.38333	1
27.39167	1
27.40000	-0
27.40833	-1
27.41667	-2
27.42500	-2
27.43333	-3
27.44167	-3
27.45000	-3
27.45833	-3
27.46667	-4
27.47500	-4
27.48333	-5
27.49167	-5
27.50000	-6
27.50833	-7
27.51667	-7
27.52500	-7
27.53333	-8
27.54167	-8
27.55000	-9
27.55833	-9
27.56667	-9
27.57500	-10
27.58333	-10
27.59167	-11
27.60000	-11
27.60833	-11
27.61667	-11
27.62500	-12
27.63333	-12
27.64167	-12
27.65000	-13
27.65833	-13
27.66667	-13
27.67500	-14
27.68333	-14
27.69167	-15
27.70000	-15
27.70833	-15
27.71667	-16
27.72500	-15
27.73333	-15
27.74167	-15
27.75000	-15
27.75833	-15
27.76667	-15
27.77500	-15
27.78333	-15
27.79167	-16
27.80000	-16
27.80833	-17
27.81667	-17
27.82500	-18
27.83333	-18
27.84167	-19
27.85000	-19
27.85833	-19
27.86667	-20
27.87500	-21
27.88333	-21
27.89167	-22
27.90000	-22
27.90833	-22
27.91667	-23
27.92500	-23
27.93333	-23
27.94167	-24
27.95000	-25
27.95833	-26
27.96667	-26
27.97500	-27
27.98333	-28
27.99167	-28
28.00000	-29

