R.Time (min)	Intensity
0.00000	-48
0.00833	-48
0.01667	-14
0.02500	-0
0.03333	-1
0.04167	-1
0.05000	-1
0.05833	-2
0.06667	-3
0.07500	-3
0.08333	-4
0.09167	-4
0.10000	-4
0.10833	-5
0.11667	-5
0.12500	-5
0.13333	-6
0.14167	-7
0.15000	-7
0.15833	-8
0.16667	-9
0.17500	-9
0.18333	-10
0.19167	-11
0.20000	-11
0.20833	-12
0.21667	-13
0.22500	-13
0.23333	-14
0.24167	-14
0.25000	-15
0.25833	-15
0.26667	-16
0.27500	-17
0.28333	-18
0.29167	-20
0.30000	-20
0.30833	-21
0.31667	-22
0.32500	-22
0.33333	-23
0.34167	-24
0.35000	-25
0.35833	-25
0.36667	-26
0.37500	-27
0.38333	-28
0.39167	-29
0.40000	-29
0.40833	-30
0.41667	-30
0.42500	-31
0.43333	-31
0.44167	-31
0.45000	-32
0.45833	-33
0.46667	-33
0.47500	-34
0.48333	-35
0.49167	-35
0.50000	-36
0.50833	-37
0.51667	-38
0.52500	-38
0.53333	-39
0.54167	-39
0.55000	-40
0.55833	-40
0.56667	-41
0.57500	-41
0.58333	-41
0.59167	-42
0.60000	-43
0.60833	-43
0.61667	-44
0.62500	-44
0.63333	-45
0.64167	-45
0.65000	-46
0.65833	-46
0.66667	-47
0.67500	-47
0.68333	-47
0.69167	-47
0.70000	-47
0.70833	-48
0.71667	-48
0.72500	-49
0.73333	-49
0.74167	-49
0.75000	-50
0.75833	-50
0.76667	-50
0.77500	-50
0.78333	-51
0.79167	-51
0.80000	-52
0.80833	-52
0.81667	-52
0.82500	-52
0.83333	-53
0.84167	-53
0.85000	-54
0.85833	-55
0.86667	-55
0.87500	-56
0.88333	-56
0.89167	-57
0.90000	-57
0.90833	-57
0.91667	-58
0.92500	-58
0.93333	-59
0.94167	-59
0.95000	-60
0.95833	-60
0.96667	-60
0.97500	-61
0.98333	-61
0.99167	-62
1.00000	-62
1.00833	-63
1.01667	-63
1.02500	-64
1.03333	-64
1.04167	-65
1.05000	-66
1.05833	-67
1.06667	-67
1.07500	-68
1.08333	-69
1.09167	-70
1.10000	-70
1.10833	-71
1.11667	-71
1.12500	-72
1.13333	-72
1.14167	-73
1.15000	-73
1.15833	-74
1.16667	-75
1.17500	-75
1.18333	-75
1.19167	-76
1.20000	-76
1.20833	-77
1.21667	-77
1.22500	-77
1.23333	-77
1.24167	-78
1.25000	-78
1.25833	-79
1.26667	-79
1.27500	-79
1.28333	-79
1.29167	-79
1.30000	-80
1.30833	-80
1.31667	-81
1.32500	-81
1.33333	-81
1.34167	-82
1.35000	-82
1.35833	-82
1.36667	-82
1.37500	-83
1.38333	-84
1.39167	-84
1.40000	-84
1.40833	-84
1.41667	-85
1.42500	-85
1.43333	-85
1.44167	-86
1.45000	-86
1.45833	-87
1.46667	-87
1.47500	-88
1.48333	-88
1.49167	-88
1.50000	-88
1.50833	-88
1.51667	-89
1.52500	-89
1.53333	-90
1.54167	-90
1.55000	-90
1.55833	-90
1.56667	-90
1.57500	-90
1.58333	-91
1.59167	-91
1.60000	-92
1.60833	-92
1.61667	-92
1.62500	-93
1.63333	-93
1.64167	-94
1.65000	-94
1.65833	-94
1.66667	-94
1.67500	-95
1.68333	-95
1.69167	-95
1.70000	-96
1.70833	-96
1.71667	-96
1.72500	-97
1.73333	-97
1.74167	-97
1.75000	-97
1.75833	-97
1.76667	-97
1.77500	-97
1.78333	-97
1.79167	-97
1.80000	-97
1.80833	-97
1.81667	-97
1.82500	-97
1.83333	-97
1.84167	-97
1.85000	-97
1.85833	-97
1.86667	-98
1.87500	-98
1.88333	-98
1.89167	-98
1.90000	-98
1.90833	-98
1.91667	-99
1.92500	-99
1.93333	-99
1.94167	-99
1.95000	-99
1.95833	-100
1.96667	-100
1.97500	-100
1.98333	-99
1.99167	-99
2.00000	-99
2.00833	-99
2.01667	-99
2.02500	-99
2.03333	-99
2.04167	-99
2.05000	-99
2.05833	-98
2.06667	-98
2.07500	-98
2.08333	-98
2.09167	-98
2.10000	-98
2.10833	-98
2.11667	-98
2.12500	-98
2.13333	-97
2.14167	-97
2.15000	-97
2.15833	-96
2.16667	-95
2.17500	-95
2.18333	-93
2.19167	-93
2.20000	-92
2.20833	-92
2.21667	-91
2.22500	-90
2.23333	-89
2.24167	-88
2.25000	-86
2.25833	-85
2.26667	-83
2.27500	-82
2.28333	-80
2.29167	-78
2.30000	-75
2.30833	-72
2.31667	-70
2.32500	-67
2.33333	-64
2.34167	-61
2.35000	-57
2.35833	-53
2.36667	-49
2.37500	-46
2.38333	-41
2.39167	-37
2.40000	-32
2.40833	-27
2.41667	-21
2.42500	-15
2.43333	-9
2.44167	-2
2.45000	5
2.45833	12
2.46667	21
2.47500	29
2.48333	38
2.49167	48
2.50000	58
2.50833	68
2.51667	79
2.52500	91
2.53333	103
2.54167	116
2.55000	130
2.55833	144
2.56667	160
2.57500	176
2.58333	192
2.59167	210
2.60000	229
2.60833	249
2.61667	270
2.62500	292
2.63333	315
2.64167	339
2.65000	364
2.65833	391
2.66667	419
2.67500	449
2.68333	481
2.69167	513
2.70000	548
2.70833	584
2.71667	623
2.72500	663
2.73333	706
2.74167	750
2.75000	797
2.75833	847
2.76667	898
2.77500	953
2.78333	1010
2.79167	1071
2.80000	1134
2.80833	1201
2.81667	1271
2.82500	1345
2.83333	1422
2.84167	1503
2.85000	1588
2.85833	1678
2.86667	1771
2.87500	1869
2.88333	1972
2.89167	2079
2.90000	2191
2.90833	2308
2.91667	2430
2.92500	2557
2.93333	2689
2.94167	2827
2.95000	2970
2.95833	3118
2.96667	3271
2.97500	3429
2.98333	3592
2.99167	3760
3.00000	3933
3.00833	4110
3.01667	4292
3.02500	4478
3.03333	4667
3.04167	4860
3.05000	5056
3.05833	5255
3.06667	5456
3.07500	5659
3.08333	5863
3.09167	6068
3.10000	6273
3.10833	6478
3.11667	6682
3.12500	6884
3.13333	7084
3.14167	7280
3.15000	7473
3.15833	7662
3.16667	7845
3.17500	8022
3.18333	8192
3.19167	8355
3.20000	8511
3.20833	8658
3.21667	8796
3.22500	8924
3.23333	9041
3.24167	9149
3.25000	9245
3.25833	9329
3.26667	9401
3.27500	9461
3.28333	9509
3.29167	9543
3.30000	9565
3.30833	9573
3.31667	9569
3.32500	9553
3.33333	9523
3.34167	9481
3.35000	9427
3.35833	9360
3.36667	9282
3.37500	9191
3.38333	9090
3.39167	8978
3.40000	8856
3.40833	8725
3.41667	8584
3.42500	8436
3.43333	8279
3.44167	8115
3.45000	7944
3.45833	7767
3.46667	7584
3.47500	7397
3.48333	7206
3.49167	7012
3.50000	6815
3.50833	6616
3.51667	6415
3.52500	6213
3.53333	6011
3.54167	5809
3.55000	5607
3.55833	5406
3.56667	5207
3.57500	5010
3.58333	4815
3.59167	4623
3.60000	4434
3.60833	4249
3.61667	4067
3.62500	3890
3.63333	3717
3.64167	3548
3.65000	3384
3.65833	3224
3.66667	3069
3.67500	2919
3.68333	2775
3.69167	2635
3.70000	2500
3.70833	2370
3.71667	2246
3.72500	2127
3.73333	2012
3.74167	1903
3.75000	1798
3.75833	1698
3.76667	1602
3.77500	1511
3.78333	1424
3.79167	1342
3.80000	1264
3.80833	1191
3.81667	1120
3.82500	1054
3.83333	991
3.84167	932
3.85000	876
3.85833	824
3.86667	774
3.87500	727
3.88333	683
3.89167	641
3.90000	602
3.90833	565
3.91667	531
3.92500	498
3.93333	468
3.94167	439
3.95000	412
3.95833	386
3.96667	362
3.97500	340
3.98333	319
3.99167	299
4.00000	281
4.00833	263
4.01667	247
4.02500	231
4.03333	216
4.04167	202
4.05000	188
4.05833	176
4.06667	164
4.07500	152
4.08333	141
4.09167	131
4.10000	121
4.10833	112
4.11667	103
4.12500	94
4.13333	85
4.14167	77
4.15000	70
4.15833	62
4.16667	55
4.17500	48
4.18333	41
4.19167	34
4.20000	28
4.20833	22
4.21667	15
4.22500	9
4.23333	4
4.24167	-2
4.25000	-8
4.25833	-13
4.26667	-19
4.27500	-24
4.28333	-28
4.29167	-33
4.30000	-38
4.30833	-43
4.31667	-47
4.32500	-52
4.33333	-56
4.34167	-60
4.35000	-64
4.35833	-68
4.36667	-72
4.37500	-75
4.38333	-79
4.39167	-82
4.40000	-85
4.40833	-88
4.41667	-91
4.42500	-94
4.43333	-98
4.44167	-101
4.45000	-103
4.45833	-106
4.46667	-109
4.47500	-112
4.48333	-115
4.49167	-117
4.50000	-118
4.50833	-120
4.51667	-122
4.52500	-123
4.53333	-124
4.54167	-126
4.55000	-127
4.55833	-129
4.56667	-130
4.57500	-131
4.58333	-133
4.59167	-134
4.60000	-135
4.60833	-137
4.61667	-138
4.62500	-139
4.63333	-140
4.64167	-141
4.65000	-142
4.65833	-143
4.66667	-143
4.67500	-144
4.68333	-145
4.69167	-145
4.70000	-146
4.70833	-147
4.71667	-147
4.72500	-148
4.73333	-148
4.74167	-148
4.75000	-148
4.75833	-149
4.76667	-149
4.77500	-149
4.78333	-150
4.79167	-150
4.80000	-150
4.80833	-151
4.81667	-151
4.82500	-151
4.83333	-151
4.84167	-151
4.85000	-152
4.85833	-152
4.86667	-153
4.87500	-153
4.88333	-153
4.89167	-153
4.90000	-153
4.90833	-153
4.91667	-153
4.92500	-153
4.93333	-152
4.94167	-152
4.95000	-152
4.95833	-151
4.96667	-151
4.97500	-151
4.98333	-151
4.99167	-151
5.00000	-150
5.00833	-150
5.01667	-150
5.02500	-150
5.03333	-149
5.04167	-149
5.05000	-150
5.05833	-150
5.06667	-150
5.07500	-150
5.08333	-150
5.09167	-150
5.10000	-150
5.10833	-150
5.11667	-150
5.12500	-150
5.13333	-150
5.14167	-150
5.15000	-150
5.15833	-150
5.16667	-150
5.17500	-150
5.18333	-150
5.19167	-150
5.20000	-150
5.20833	-150
5.21667	-151
5.22500	-151
5.23333	-151
5.24167	-150
5.25000	-150
5.25833	-150
5.26667	-150
5.27500	-150
5.28333	-150
5.29167	-150
5.30000	-150
5.30833	-150
5.31667	-150
5.32500	-151
5.33333	-151
5.34167	-151
5.35000	-151
5.35833	-151
5.36667	-151
5.37500	-151
5.38333	-151
5.39167	-151
5.40000	-151
5.40833	-152
5.41667	-152
5.42500	-152
5.43333	-151
5.44167	-152
5.45000	-152
5.45833	-152
5.46667	-152
5.47500	-152
5.48333	-152
5.49167	-153
5.50000	-153
5.50833	-154
5.51667	-154
5.52500	-155
5.53333	-155
5.54167	-155
5.55000	-156
5.55833	-156
5.56667	-156
5.57500	-156
5.58333	-156
5.59167	-156
5.60000	-157
5.60833	-157
5.61667	-157
5.62500	-157
5.63333	-157
5.64167	-157
5.65000	-158
5.65833	-158
5.66667	-158
5.67500	-158
5.68333	-158
5.69167	-159
5.70000	-160
5.70833	-160
5.71667	-161
5.72500	-161
5.73333	-161
5.74167	-161
5.75000	-162
5.75833	-162
5.76667	-162
5.77500	-162
5.78333	-162
5.79167	-162
5.80000	-162
5.80833	-163
5.81667	-163
5.82500	-163
5.83333	-164
5.84167	-164
5.85000	-164
5.85833	-164
5.86667	-164
5.87500	-164
5.88333	-164
5.89167	-165
5.90000	-165
5.90833	-165
5.91667	-165
5.92500	-165
5.93333	-166
5.94167	-166
5.95000	-166
5.95833	-166
5.96667	-166
5.97500	-166
5.98333	-165
5.99167	-166
6.00000	-166
6.00833	-166
6.01667	-165
6.02500	-165
6.03333	-165
6.04167	-165
6.05000	-165
6.05833	-166
6.06667	-166
6.07500	-166
6.08333	-165
6.09167	-165
6.10000	-165
6.10833	-165
6.11667	-165
6.12500	-165
6.13333	-164
6.14167	-164
6.15000	-164
6.15833	-163
6.16667	-163
6.17500	-163
6.18333	-162
6.19167	-162
6.20000	-163
6.20833	-163
6.21667	-162
6.22500	-162
6.23333	-161
6.24167	-161
6.25000	-161
6.25833	-161
6.26667	-161
6.27500	-161
6.28333	-160
6.29167	-160
6.30000	-160
6.30833	-160
6.31667	-160
6.32500	-160
6.33333	-160
6.34167	-160
6.35000	-159
6.35833	-159
6.36667	-158
6.37500	-158
6.38333	-158
6.39167	-158
6.40000	-158
6.40833	-158
6.41667	-159
6.42500	-159
6.43333	-159
6.44167	-159
6.45000	-160
6.45833	-160
6.46667	-160
6.47500	-160
6.48333	-161
6.49167	-161
6.50000	-161
6.50833	-161
6.51667	-161
6.52500	-162
6.53333	-162
6.54167	-162
6.55000	-162
6.55833	-162
6.56667	-162
6.57500	-162
6.58333	-162
6.59167	-162
6.60000	-162
6.60833	-163
6.61667	-163
6.62500	-163
6.63333	-163
6.64167	-163
6.65000	-164
6.65833	-164
6.66667	-164
6.67500	-164
6.68333	-164
6.69167	-164
6.70000	-165
6.70833	-165
6.71667	-165
6.72500	-166
6.73333	-166
6.74167	-166
6.75000	-166
6.75833	-166
6.76667	-166
6.77500	-166
6.78333	-166
6.79167	-166
6.80000	-166
6.80833	-166
6.81667	-166
6.82500	-167
6.83333	-167
6.84167	-167
6.85000	-167
6.85833	-167
6.86667	-167
6.87500	-166
6.88333	-166
6.89167	-166
6.90000	-166
6.90833	-166
6.91667	-166
6.92500	-165
6.93333	-165
6.94167	-165
6.95000	-165
6.95833	-165
6.96667	-165
6.97500	-165
6.98333	-165
6.99167	-165
7.00000	-166
7.00833	-165
7.01667	-165
7.02500	-166
7.03333	-166
7.04167	-167
7.05000	-167
7.05833	-167
7.06667	-168
7.07500	-168
7.08333	-169
7.09167	-169
7.10000	-170
7.10833	-170
7.11667	-170
7.12500	-170
7.13333	-170
7.14167	-171
7.15000	-171
7.15833	-172
7.16667	-172
7.17500	-172
7.18333	-172
7.19167	-173
7.20000	-173
7.20833	-173
7.21667	-173
7.22500	-173
7.23333	-173
7.24167	-173
7.25000	-173
7.25833	-173
7.26667	-173
7.27500	-173
7.28333	-173
7.29167	-172
7.30000	-171
7.30833	-170
7.31667	-169
7.32500	-167
7.33333	-165
7.34167	-162
7.35000	-158
7.35833	-153
7.36667	-147
7.37500	-139
7.38333	-129
7.39167	-116
7.40000	-101
7.40833	-84
7.41667	-65
7.42500	-44
7.43333	-21
7.44167	3
7.45000	27
7.45833	50
7.46667	73
7.47500	94
7.48333	112
7.49167	127
7.50000	139
7.50833	147
7.51667	151
7.52500	151
7.53333	147
7.54167	141
7.55000	131
7.55833	118
7.56667	104
7.57500	88
7.58333	71
7.59167	53
7.60000	35
7.60833	18
7.61667	1
7.62500	-15
7.63333	-29
7.64167	-43
7.65000	-56
7.65833	-69
7.66667	-79
7.67500	-89
7.68333	-98
7.69167	-105
7.70000	-112
7.70833	-118
7.71667	-123
7.72500	-127
7.73333	-131
7.74167	-135
7.75000	-138
7.75833	-142
7.76667	-144
7.77500	-146
7.78333	-148
7.79167	-150
7.80000	-151
7.80833	-153
7.81667	-154
7.82500	-155
7.83333	-157
7.84167	-158
7.85000	-159
7.85833	-161
7.86667	-162
7.87500	-163
7.88333	-164
7.89167	-164
7.90000	-165
7.90833	-165
7.91667	-166
7.92500	-166
7.93333	-166
7.94167	-167
7.95000	-167
7.95833	-167
7.96667	-168
7.97500	-168
7.98333	-168
7.99167	-168
8.00000	-169
8.00833	-169
8.01667	-169
8.02500	-169
8.03333	-169
8.04167	-169
8.05000	-169
8.05833	-169
8.06667	-169
8.07500	-170
8.08333	-170
8.09167	-170
8.10000	-170
8.10833	-171
8.11667	-171
8.12500	-171
8.13333	-172
8.14167	-172
8.15000	-172
8.15833	-173
8.16667	-173
8.17500	-173
8.18333	-173
8.19167	-173
8.20000	-173
8.20833	-172
8.21667	-172
8.22500	-173
8.23333	-173
8.24167	-173
8.25000	-174
8.25833	-174
8.26667	-174
8.27500	-175
8.28333	-175
8.29167	-176
8.30000	-176
8.30833	-176
8.31667	-176
8.32500	-176
8.33333	-176
8.34167	-176
8.35000	-176
8.35833	-176
8.36667	-176
8.37500	-176
8.38333	-177
8.39167	-178
8.40000	-178
8.40833	-178
8.41667	-178
8.42500	-178
8.43333	-178
8.44167	-179
8.45000	-179
8.45833	-180
8.46667	-180
8.47500	-180
8.48333	-180
8.49167	-180
8.50000	-180
8.50833	-180
8.51667	-180
8.52500	-180
8.53333	-181
8.54167	-181
8.55000	-181
8.55833	-181
8.56667	-181
8.57500	-181
8.58333	-181
8.59167	-181
8.60000	-181
8.60833	-181
8.61667	-181
8.62500	-181
8.63333	-181
8.64167	-181
8.65000	-181
8.65833	-181
8.66667	-181
8.67500	-181
8.68333	-182
8.69167	-182
8.70000	-182
8.70833	-181
8.71667	-181
8.72500	-181
8.73333	-181
8.74167	-181
8.75000	-181
8.75833	-180
8.76667	-180
8.77500	-180
8.78333	-180
8.79167	-180
8.80000	-180
8.80833	-179
8.81667	-179
8.82500	-178
8.83333	-178
8.84167	-177
8.85000	-177
8.85833	-177
8.86667	-177
8.87500	-177
8.88333	-177
8.89167	-177
8.90000	-177
8.90833	-176
8.91667	-176
8.92500	-176
8.93333	-176
8.94167	-176
8.95000	-175
8.95833	-175
8.96667	-175
8.97500	-175
8.98333	-175
8.99167	-175
9.00000	-175
9.00833	-175
9.01667	-175
9.02500	-175
9.03333	-175
9.04167	-174
9.05000	-174
9.05833	-174
9.06667	-173
9.07500	-173
9.08333	-172
9.09167	-172
9.10000	-172
9.10833	-171
9.11667	-171
9.12500	-171
9.13333	-170
9.14167	-169
9.15000	-168
9.15833	-168
9.16667	-167
9.17500	-167
9.18333	-166
9.19167	-165
9.20000	-165
9.20833	-164
9.21667	-163
9.22500	-162
9.23333	-161
9.24167	-160
9.25000	-159
9.25833	-158
9.26667	-157
9.27500	-156
9.28333	-155
9.29167	-154
9.30000	-153
9.30833	-151
9.31667	-150
9.32500	-148
9.33333	-147
9.34167	-145
9.35000	-144
9.35833	-142
9.36667	-141
9.37500	-139
9.38333	-138
9.39167	-136
9.40000	-135
9.40833	-134
9.41667	-132
9.42500	-131
9.43333	-129
9.44167	-128
9.45000	-126
9.45833	-125
9.46667	-123
9.47500	-121
9.48333	-120
9.49167	-119
9.50000	-117
9.50833	-116
9.51667	-115
9.52500	-114
9.53333	-113
9.54167	-111
9.55000	-110
9.55833	-109
9.56667	-108
9.57500	-107
9.58333	-106
9.59167	-105
9.60000	-105
9.60833	-104
9.61667	-104
9.62500	-103
9.63333	-103
9.64167	-102
9.65000	-102
9.65833	-102
9.66667	-101
9.67500	-101
9.68333	-101
9.69167	-102
9.70000	-102
9.70833	-102
9.71667	-103
9.72500	-103
9.73333	-104
9.74167	-104
9.75000	-104
9.75833	-105
9.76667	-105
9.77500	-106
9.78333	-107
9.79167	-108
9.80000	-109
9.80833	-110
9.81667	-111
9.82500	-112
9.83333	-113
9.84167	-115
9.85000	-116
9.85833	-117
9.86667	-119
9.87500	-120
9.88333	-122
9.89167	-123
9.90000	-124
9.90833	-125
9.91667	-127
9.92500	-128
9.93333	-129
9.94167	-131
9.95000	-132
9.95833	-133
9.96667	-134
9.97500	-135
9.98333	-137
9.99167	-138
10.00000	-139
10.00833	-141
10.01667	-142
10.02500	-144
10.03333	-145
10.04167	-146
10.05000	-147
10.05833	-148
10.06667	-149
10.07500	-150
10.08333	-151
10.09167	-152
10.10000	-153
10.10833	-153
10.11667	-154
10.12500	-156
10.13333	-157
10.14167	-158
10.15000	-159
10.15833	-160
10.16667	-161
10.17500	-161
10.18333	-162
10.19167	-162
10.20000	-163
10.20833	-164
10.21667	-165
10.22500	-165
10.23333	-166
10.24167	-167
10.25000	-167
10.25833	-168
10.26667	-169
10.27500	-169
10.28333	-169
10.29167	-170
10.30000	-170
10.30833	-170
10.31667	-170
10.32500	-170
10.33333	-171
10.34167	-171
10.35000	-171
10.35833	-172
10.36667	-172
10.37500	-172
10.38333	-173
10.39167	-173
10.40000	-173
10.40833	-173
10.41667	-173
10.42500	-173
10.43333	-173
10.44167	-173
10.45000	-173
10.45833	-173
10.46667	-172
10.47500	-172
10.48333	-171
10.49167	-170
10.50000	-170
10.50833	-169
10.51667	-168
10.52500	-167
10.53333	-165
10.54167	-163
10.55000	-161
10.55833	-159
10.56667	-157
10.57500	-155
10.58333	-153
10.59167	-151
10.60000	-149
10.60833	-148
10.61667	-146
10.62500	-144
10.63333	-142
10.64167	-141
10.65000	-140
10.65833	-140
10.66667	-140
10.67500	-140
10.68333	-140
10.69167	-141
10.70000	-142
10.70833	-144
10.71667	-145
10.72500	-147
10.73333	-149
10.74167	-150
10.75000	-152
10.75833	-153
10.76667	-155
10.77500	-157
10.78333	-158
10.79167	-160
10.80000	-161
10.80833	-163
10.81667	-165
10.82500	-166
10.83333	-167
10.84167	-168
10.85000	-169
10.85833	-170
10.86667	-171
10.87500	-171
10.88333	-172
10.89167	-173
10.90000	-173
10.90833	-174
10.91667	-174
10.92500	-175
10.93333	-175
10.94167	-176
10.95000	-176
10.95833	-177
10.96667	-177
10.97500	-178
10.98333	-178
10.99167	-178
11.00000	-179
11.00833	-179
11.01667	-179
11.02500	-179
11.03333	-178
11.04167	-178
11.05000	-178
11.05833	-178
11.06667	-178
11.07500	-179
11.08333	-179
11.09167	-180
11.10000	-180
11.10833	-180
11.11667	-180
11.12500	-181
11.13333	-181
11.14167	-180
11.15000	-180
11.15833	-180
11.16667	-180
11.17500	-180
11.18333	-181
11.19167	-181
11.20000	-182
11.20833	-182
11.21667	-182
11.22500	-182
11.23333	-182
11.24167	-182
11.25000	-182
11.25833	-182
11.26667	-182
11.27500	-183
11.28333	-183
11.29167	-183
11.30000	-183
11.30833	-183
11.31667	-183
11.32500	-183
11.33333	-183
11.34167	-183
11.35000	-183
11.35833	-183
11.36667	-183
11.37500	-183
11.38333	-183
11.39167	-183
11.40000	-183
11.40833	-183
11.41667	-183
11.42500	-183
11.43333	-183
11.44167	-182
11.45000	-182
11.45833	-181
11.46667	-181
11.47500	-181
11.48333	-181
11.49167	-181
11.50000	-181
11.50833	-181
11.51667	-181
11.52500	-181
11.53333	-181
11.54167	-182
11.55000	-181
11.55833	-181
11.56667	-181
11.57500	-181
11.58333	-181
11.59167	-181
11.60000	-181
11.60833	-182
11.61667	-182
11.62500	-182
11.63333	-182
11.64167	-182
11.65000	-182
11.65833	-182
11.66667	-182
11.67500	-182
11.68333	-181
11.69167	-182
11.70000	-182
11.70833	-182
11.71667	-182
11.72500	-182
11.73333	-182
11.74167	-182
11.75000	-182
11.75833	-182
11.76667	-182
11.77500	-182
11.78333	-182
11.79167	-182
11.80000	-183
11.80833	-183
11.81667	-183
11.82500	-183
11.83333	-183
11.84167	-183
11.85000	-183
11.85833	-183
11.86667	-183
11.87500	-183
11.88333	-183
11.89167	-183
11.90000	-183
11.90833	-183
11.91667	-183
11.92500	-184
11.93333	-184
11.94167	-184
11.95000	-184
11.95833	-184
11.96667	-184
11.97500	-184
11.98333	-184
11.99167	-183
12.00000	-183
12.00833	-183
12.01667	-183
12.02500	-183
12.03333	-183
12.04167	-182
12.05000	-182
12.05833	-182
12.06667	-181
12.07500	-181
12.08333	-181
12.09167	-181
12.10000	-181
12.10833	-181
12.11667	-181
12.12500	-181
12.13333	-181
12.14167	-182
12.15000	-182
12.15833	-183
12.16667	-183
12.17500	-182
12.18333	-182
12.19167	-182
12.20000	-182
12.20833	-181
12.21667	-181
12.22500	-181
12.23333	-181
12.24167	-182
12.25000	-182
12.25833	-182
12.26667	-182
12.27500	-181
12.28333	-181
12.29167	-181
12.30000	-180
12.30833	-180
12.31667	-180
12.32500	-180
12.33333	-180
12.34167	-180
12.35000	-180
12.35833	-180
12.36667	-180
12.37500	-180
12.38333	-180
12.39167	-180
12.40000	-180
12.40833	-180
12.41667	-180
12.42500	-180
12.43333	-180
12.44167	-180
12.45000	-180
12.45833	-180
12.46667	-180
12.47500	-180
12.48333	-180
12.49167	-180
12.50000	-180
12.50833	-181
12.51667	-181
12.52500	-181
12.53333	-181
12.54167	-181
12.55000	-182
12.55833	-182
12.56667	-181
12.57500	-181
12.58333	-181
12.59167	-181
12.60000	-181
12.60833	-181
12.61667	-181
12.62500	-181
12.63333	-181
12.64167	-180
12.65000	-180
12.65833	-180
12.66667	-180
12.67500	-180
12.68333	-180
12.69167	-180
12.70000	-180
12.70833	-180
12.71667	-180
12.72500	-179
12.73333	-179
12.74167	-179
12.75000	-179
12.75833	-179
12.76667	-179
12.77500	-179
12.78333	-179
12.79167	-178
12.80000	-178
12.80833	-178
12.81667	-178
12.82500	-178
12.83333	-178
12.84167	-178
12.85000	-178
12.85833	-177
12.86667	-177
12.87500	-177
12.88333	-177
12.89167	-176
12.90000	-176
12.90833	-176
12.91667	-176
12.92500	-175
12.93333	-175
12.94167	-175
12.95000	-174
12.95833	-174
12.96667	-174
12.97500	-174
12.98333	-174
12.99167	-175
13.00000	-175
13.00833	-175
13.01667	-175
13.02500	-174
13.03333	-174
13.04167	-174
13.05000	-174
13.05833	-173
13.06667	-173
13.07500	-173
13.08333	-173
13.09167	-173
13.10000	-173
13.10833	-172
13.11667	-172
13.12500	-172
13.13333	-172
13.14167	-172
13.15000	-172
13.15833	-172
13.16667	-172
13.17500	-172
13.18333	-171
13.19167	-171
13.20000	-171
13.20833	-170
13.21667	-170
13.22500	-170
13.23333	-170
13.24167	-169
13.25000	-169
13.25833	-169
13.26667	-168
13.27500	-168
13.28333	-167
13.29167	-166
13.30000	-165
13.30833	-164
13.31667	-163
13.32500	-162
13.33333	-160
13.34167	-159
13.35000	-158
13.35833	-156
13.36667	-154
13.37500	-152
13.38333	-150
13.39167	-147
13.40000	-144
13.40833	-141
13.41667	-139
13.42500	-136
13.43333	-132
13.44167	-129
13.45000	-126
13.45833	-122
13.46667	-119
13.47500	-115
13.48333	-112
13.49167	-108
13.50000	-105
13.50833	-102
13.51667	-100
13.52500	-97
13.53333	-96
13.54167	-94
13.55000	-93
13.55833	-91
13.56667	-90
13.57500	-90
13.58333	-89
13.59167	-89
13.60000	-89
13.60833	-90
13.61667	-90
13.62500	-91
13.63333	-92
13.64167	-93
13.65000	-94
13.65833	-95
13.66667	-97
13.67500	-98
13.68333	-99
13.69167	-100
13.70000	-101
13.70833	-102
13.71667	-103
13.72500	-104
13.73333	-104
13.74167	-104
13.75000	-104
13.75833	-104
13.76667	-103
13.77500	-103
13.78333	-102
13.79167	-102
13.80000	-101
13.80833	-101
13.81667	-100
13.82500	-99
13.83333	-98
13.84167	-97
13.85000	-96
13.85833	-95
13.86667	-93
13.87500	-92
13.88333	-90
13.89167	-89
13.90000	-87
13.90833	-85
13.91667	-84
13.92500	-82
13.93333	-80
13.94167	-78
13.95000	-77
13.95833	-75
13.96667	-73
13.97500	-71
13.98333	-69
13.99167	-67
14.00000	-65
14.00833	-63
14.01667	-61
14.02500	-59
14.03333	-56
14.04167	-54
14.05000	-52
14.05833	-50
14.06667	-48
14.07500	-46
14.08333	-44
14.09167	-41
14.10000	-39
14.10833	-37
14.11667	-35
14.12500	-33
14.13333	-30
14.14167	-28
14.15000	-26
14.15833	-24
14.16667	-22
14.17500	-20
14.18333	-18
14.19167	-16
14.20000	-14
14.20833	-12
14.21667	-11
14.22500	-9
14.23333	-7
14.24167	-5
14.25000	-4
14.25833	-2
14.26667	0
14.27500	3
14.28333	5
14.29167	7
14.30000	9
14.30833	11
14.31667	12
14.32500	14
14.33333	15
14.34167	17
14.35000	18
14.35833	20
14.36667	21
14.37500	22
14.38333	24
14.39167	25
14.40000	26
14.40833	27
14.41667	28
14.42500	29
14.43333	30
14.44167	31
14.45000	32
14.45833	33
14.46667	34
14.47500	35
14.48333	36
14.49167	37
14.50000	38
14.50833	38
14.51667	38
14.52500	38
14.53333	39
14.54167	39
14.55000	40
14.55833	40
14.56667	40
14.57500	40
14.58333	40
14.59167	40
14.60000	40
14.60833	40
14.61667	40
14.62500	40
14.63333	40
14.64167	40
14.65000	40
14.65833	40
14.66667	40
14.67500	40
14.68333	40
14.69167	40
14.70000	39
14.70833	39
14.71667	39
14.72500	39
14.73333	38
14.74167	38
14.75000	38
14.75833	38
14.76667	37
14.77500	36
14.78333	36
14.79167	35
14.80000	35
14.80833	35
14.81667	34
14.82500	34
14.83333	33
14.84167	33
14.85000	32
14.85833	32
14.86667	31
14.87500	30
14.88333	30
14.89167	29
14.90000	29
14.90833	28
14.91667	27
14.92500	27
14.93333	26
14.94167	25
14.95000	24
14.95833	24
14.96667	23
14.97500	23
14.98333	22
14.99167	22
15.00000	21
15.00833	20
15.01667	19
15.02500	17
15.03333	16
15.04167	15
15.05000	13
15.05833	12
15.06667	11
15.07500	10
15.08333	9
15.09167	8
15.10000	7
15.10833	6
15.11667	5
15.12500	4
15.13333	2
15.14167	1
15.15000	0
15.15833	-1
15.16667	-2
15.17500	-3
15.18333	-4
15.19167	-5
15.20000	-6
15.20833	-7
15.21667	-9
15.22500	-10
15.23333	-12
15.24167	-14
15.25000	-16
15.25833	-17
15.26667	-19
15.27500	-20
15.28333	-22
15.29167	-23
15.30000	-25
15.30833	-26
15.31667	-28
15.32500	-29
15.33333	-31
15.34167	-33
15.35000	-35
15.35833	-37
15.36667	-38
15.37500	-40
15.38333	-42
15.39167	-43
15.40000	-45
15.40833	-46
15.41667	-48
15.42500	-50
15.43333	-52
15.44167	-54
15.45000	-55
15.45833	-57
15.46667	-59
15.47500	-61
15.48333	-63
15.49167	-65
15.50000	-67
15.50833	-69
15.51667	-70
15.52500	-72
15.53333	-74
15.54167	-76
15.55000	-78
15.55833	-80
15.56667	-82
15.57500	-84
15.58333	-86
15.59167	-87
15.60000	-89
15.60833	-91
15.61667	-93
15.62500	-95
15.63333	-97
15.64167	-99
15.65000	-100
15.65833	-102
15.66667	-104
15.67500	-105
15.68333	-107
15.69167	-109
15.70000	-110
15.70833	-112
15.71667	-114
15.72500	-116
15.73333	-117
15.74167	-119
15.75000	-121
15.75833	-122
15.76667	-124
15.77500	-126
15.78333	-128
15.79167	-129
15.80000	-131
15.80833	-132
15.81667	-134
15.82500	-135
15.83333	-136
15.84167	-137
15.85000	-138
15.85833	-139
15.86667	-140
15.87500	-140
15.88333	-141
15.89167	-141
15.90000	-142
15.90833	-142
15.91667	-143
15.92500	-143
15.93333	-144
15.94167	-144
15.95000	-144
15.95833	-145
15.96667	-145
15.97500	-145
15.98333	-146
15.99167	-146
16.00000	-146
16.00833	-146
16.01667	-147
16.02500	-148
16.03333	-148
16.04167	-148
16.05000	-148
16.05833	-148
16.06667	-148
16.07500	-149
16.08333	-148
16.09167	-149
16.10000	-149
16.10833	-149
16.11667	-149
16.12500	-149
16.13333	-149
16.14167	-150
16.15000	-151
16.15833	-151
16.16667	-151
16.17500	-151
16.18333	-151
16.19167	-151
16.20000	-151
16.20833	-151
16.21667	-150
16.22500	-150
16.23333	-150
16.24167	-150
16.25000	-150
16.25833	-151
16.26667	-151
16.27500	-151
16.28333	-151
16.29167	-151
16.30000	-151
16.30833	-151
16.31667	-150
16.32500	-151
16.33333	-150
16.34167	-150
16.35000	-149
16.35833	-149
16.36667	-149
16.37500	-148
16.38333	-148
16.39167	-148
16.40000	-148
16.40833	-147
16.41667	-147
16.42500	-147
16.43333	-146
16.44167	-146
16.45000	-145
16.45833	-145
16.46667	-144
16.47500	-144
16.48333	-144
16.49167	-144
16.50000	-143
16.50833	-143
16.51667	-142
16.52500	-142
16.53333	-142
16.54167	-142
16.55000	-142
16.55833	-142
16.56667	-141
16.57500	-141
16.58333	-141
16.59167	-141
16.60000	-140
16.60833	-140
16.61667	-139
16.62500	-139
16.63333	-138
16.64167	-138
16.65000	-137
16.65833	-137
16.66667	-136
16.67500	-135
16.68333	-135
16.69167	-134
16.70000	-133
16.70833	-132
16.71667	-132
16.72500	-131
16.73333	-131
16.74167	-130
16.75000	-129
16.75833	-129
16.76667	-128
16.77500	-127
16.78333	-127
16.79167	-126
16.80000	-125
16.80833	-125
16.81667	-125
16.82500	-124
16.83333	-124
16.84167	-123
16.85000	-122
16.85833	-121
16.86667	-120
16.87500	-120
16.88333	-120
16.89167	-119
16.90000	-118
16.90833	-118
16.91667	-117
16.92500	-116
16.93333	-115
16.94167	-115
16.95000	-114
16.95833	-114
16.96667	-113
16.97500	-112
16.98333	-112
16.99167	-111
17.00000	-111
17.00833	-111
17.01667	-111
17.02500	-111
17.03333	-111
17.04167	-110
17.05000	-110
17.05833	-109
17.06667	-109
17.07500	-109
17.08333	-109
17.09167	-109
17.10000	-108
17.10833	-108
17.11667	-107
17.12500	-107
17.13333	-106
17.14167	-106
17.15000	-106
17.15833	-106
17.16667	-106
17.17500	-106
17.18333	-106
17.19167	-106
17.20000	-105
17.20833	-105
17.21667	-105
17.22500	-105
17.23333	-104
17.24167	-104
17.25000	-104
17.25833	-104
17.26667	-104
17.27500	-104
17.28333	-104
17.29167	-103
17.30000	-103
17.30833	-103
17.31667	-103
17.32500	-103
17.33333	-103
17.34167	-102
17.35000	-102
17.35833	-102
17.36667	-102
17.37500	-101
17.38333	-101
17.39167	-100
17.40000	-100
17.40833	-100
17.41667	-100
17.42500	-99
17.43333	-99
17.44167	-99
17.45000	-99
17.45833	-98
17.46667	-97
17.47500	-97
17.48333	-96
17.49167	-96
17.50000	-95
17.50833	-94
17.51667	-93
17.52500	-93
17.53333	-92
17.54167	-92
17.55000	-91
17.55833	-89
17.56667	-89
17.57500	-88
17.58333	-88
17.59167	-88
17.60000	-87
17.60833	-87
17.61667	-86
17.62500	-86
17.63333	-85
17.64167	-85
17.65000	-85
17.65833	-84
17.66667	-84
17.67500	-84
17.68333	-84
17.69167	-84
17.70000	-84
17.70833	-83
17.71667	-83
17.72500	-83
17.73333	-82
17.74167	-82
17.75000	-83
17.75833	-83
17.76667	-82
17.77500	-82
17.78333	-81
17.79167	-80
17.80000	-80
17.80833	-79
17.81667	-79
17.82500	-78
17.83333	-78
17.84167	-78
17.85000	-77
17.85833	-77
17.86667	-76
17.87500	-75
17.88333	-75
17.89167	-74
17.90000	-73
17.90833	-72
17.91667	-72
17.92500	-71
17.93333	-70
17.94167	-69
17.95000	-68
17.95833	-67
17.96667	-66
17.97500	-65
17.98333	-64
17.99167	-63
18.00000	-62
18.00833	-61
18.01667	-60
18.02500	-59
18.03333	-58
18.04167	-57
18.05000	-56
18.05833	-56
18.06667	-55
18.07500	-54
18.08333	-53
18.09167	-52
18.10000	-51
18.10833	-50
18.11667	-49
18.12500	-49
18.13333	-48
18.14167	-48
18.15000	-47
18.15833	-46
18.16667	-46
18.17500	-45
18.18333	-45
18.19167	-44
18.20000	-44
18.20833	-44
18.21667	-43
18.22500	-43
18.23333	-43
18.24167	-43
18.25000	-43
18.25833	-43
18.26667	-43
18.27500	-42
18.28333	-42
18.29167	-42
18.30000	-42
18.30833	-41
18.31667	-41
18.32500	-40
18.33333	-40
18.34167	-39
18.35000	-38
18.35833	-38
18.36667	-38
18.37500	-38
18.38333	-37
18.39167	-36
18.40000	-36
18.40833	-35
18.41667	-35
18.42500	-35
18.43333	-34
18.44167	-33
18.45000	-33
18.45833	-32
18.46667	-31
18.47500	-30
18.48333	-29
18.49167	-29
18.50000	-28
18.50833	-27
18.51667	-26
18.52500	-25
18.53333	-25
18.54167	-24
18.55000	-23
18.55833	-22
18.56667	-22
18.57500	-21
18.58333	-20
18.59167	-19
18.60000	-18
18.60833	-18
18.61667	-17
18.62500	-16
18.63333	-15
18.64167	-15
18.65000	-14
18.65833	-14
18.66667	-13
18.67500	-12
18.68333	-12
18.69167	-11
18.70000	-10
18.70833	-10
18.71667	-9
18.72500	-8
18.73333	-7
18.74167	-7
18.75000	-6
18.75833	-5
18.76667	-4
18.77500	-3
18.78333	-3
18.79167	-2
18.80000	-2
18.80833	-1
18.81667	-0
18.82500	0
18.83333	1
18.84167	2
18.85000	3
18.85833	4
18.86667	4
18.87500	5
18.88333	6
18.89167	6
18.90000	7
18.90833	8
18.91667	9
18.92500	9
18.93333	10
18.94167	10
18.95000	11
18.95833	12
18.96667	13
18.97500	14
18.98333	15
18.99167	16
19.00000	16
19.00833	17
19.01667	18
19.02500	18
19.03333	20
19.04167	20
19.05000	21
19.05833	22
19.06667	22
19.07500	23
19.08333	23
19.09167	24
19.10000	25
19.10833	26
19.11667	26
19.12500	28
19.13333	28
19.14167	29
19.15000	30
19.15833	30
19.16667	31
19.17500	32
19.18333	32
19.19167	33
19.20000	33
19.20833	34
19.21667	34
19.22500	35
19.23333	35
19.24167	36
19.25000	37
19.25833	38
19.26667	39
19.27500	40
19.28333	41
19.29167	42
19.30000	42
19.30833	43
19.31667	43
19.32500	44
19.33333	45
19.34167	46
19.35000	47
19.35833	48
19.36667	49
19.37500	50
19.38333	50
19.39167	51
19.40000	51
19.40833	52
19.41667	53
19.42500	53
19.43333	54
19.44167	55
19.45000	56
19.45833	56
19.46667	57
19.47500	58
19.48333	59
19.49167	60
19.50000	61
19.50833	62
19.51667	63
19.52500	64
19.53333	65
19.54167	66
19.55000	67
19.55833	67
19.56667	68
19.57500	69
19.58333	70
19.59167	71
19.60000	72
19.60833	72
19.61667	73
19.62500	74
19.63333	76
19.64167	77
19.65000	78
19.65833	79
19.66667	80
19.67500	81
19.68333	81
19.69167	82
19.70000	83
19.70833	84
19.71667	85
19.72500	87
19.73333	87
19.74167	88
19.75000	89
19.75833	90
19.76667	91
19.77500	91
19.78333	92
19.79167	93
19.80000	94
19.80833	94
19.81667	95
19.82500	97
19.83333	97
19.84167	98
19.85000	99
19.85833	100
19.86667	101
19.87500	102
19.88333	103
19.89167	104
19.90000	105
19.90833	105
19.91667	106
19.92500	106
19.93333	107
19.94167	108
19.95000	109
19.95833	110
19.96667	110
19.97500	111
19.98333	112
19.99167	113
20.00000	114
20.00833	115
20.01667	116
20.02500	117
20.03333	118
20.04167	118
20.05000	119
20.05833	120
20.06667	121
20.07500	122
20.08333	122
20.09167	123
20.10000	124
20.10833	125
20.11667	125
20.12500	126
20.13333	127
20.14167	129
20.15000	130
20.15833	131
20.16667	132
20.17500	133
20.18333	134
20.19167	135
20.20000	136
20.20833	137
20.21667	138
20.22500	139
20.23333	140
20.24167	141
20.25000	142
20.25833	143
20.26667	144
20.27500	145
20.28333	145
20.29167	146
20.30000	147
20.30833	148
20.31667	148
20.32500	149
20.33333	150
20.34167	151
20.35000	153
20.35833	154
20.36667	155
20.37500	156
20.38333	157
20.39167	158
20.40000	159
20.40833	160
20.41667	161
20.42500	162
20.43333	163
20.44167	164
20.45000	164
20.45833	165
20.46667	166
20.47500	167
20.48333	168
20.49167	169
20.50000	170
20.50833	171
20.51667	172
20.52500	173
20.53333	175
20.54167	176
20.55000	177
20.55833	178
20.56667	179
20.57500	179
20.58333	180
20.59167	181
20.60000	181
20.60833	182
20.61667	184
20.62500	185
20.63333	186
20.64167	187
20.65000	188
20.65833	189
20.66667	189
20.67500	190
20.68333	191
20.69167	192
20.70000	193
20.70833	193
20.71667	194
20.72500	195
20.73333	195
20.74167	197
20.75000	198
20.75833	199
20.76667	200
20.77500	201
20.78333	202
20.79167	203
20.80000	204
20.80833	205
20.81667	206
20.82500	207
20.83333	208
20.84167	209
20.85000	210
20.85833	211
20.86667	212
20.87500	213
20.88333	214
20.89167	215
20.90000	216
20.90833	217
20.91667	218
20.92500	219
20.93333	220
20.94167	221
20.95000	222
20.95833	223
20.96667	224
20.97500	225
20.98333	226
20.99167	228
21.00000	229
21.00833	231
21.01667	232
21.02500	233
21.03333	234
21.04167	235
21.05000	237
21.05833	238
21.06667	239
21.07500	240
21.08333	241
21.09167	243
21.10000	244
21.10833	245
21.11667	246
21.12500	247
21.13333	247
21.14167	248
21.15000	249
21.15833	250
21.16667	252
21.17500	253
21.18333	253
21.19167	254
21.20000	255
21.20833	256
21.21667	257
21.22500	258
21.23333	259
21.24167	260
21.25000	261
21.25833	262
21.26667	262
21.27500	263
21.28333	264
21.29167	265
21.30000	267
21.30833	268
21.31667	269
21.32500	270
21.33333	271
21.34167	272
21.35000	273
21.35833	274
21.36667	274
21.37500	275
21.38333	275
21.39167	276
21.40000	277
21.40833	277
21.41667	278
21.42500	279
21.43333	280
21.44167	280
21.45000	281
21.45833	282
21.46667	282
21.47500	283
21.48333	284
21.49167	284
21.50000	284
21.50833	285
21.51667	285
21.52500	286
21.53333	287
21.54167	288
21.55000	288
21.55833	289
21.56667	290
21.57500	291
21.58333	292
21.59167	292
21.60000	293
21.60833	293
21.61667	294
21.62500	295
21.63333	295
21.64167	296
21.65000	296
21.65833	297
21.66667	297
21.67500	298
21.68333	299
21.69167	300
21.70000	300
21.70833	301
21.71667	302
21.72500	303
21.73333	303
21.74167	304
21.75000	305
21.75833	305
21.76667	305
21.77500	306
21.78333	306
21.79167	307
21.80000	307
21.80833	308
21.81667	308
21.82500	308
21.83333	309
21.84167	309
21.85000	310
21.85833	310
21.86667	311
21.87500	311
21.88333	312
21.89167	312
21.90000	312
21.90833	312
21.91667	312
21.92500	313
21.93333	313
21.94167	314
21.95000	314
21.95833	315
21.96667	315
21.97500	316
21.98333	316
21.99167	316
22.00000	317
22.00833	318
22.01667	318
22.02500	319
22.03333	319
22.04167	319
22.05000	320
22.05833	320
22.06667	320
22.07500	320
22.08333	321
22.09167	321
22.10000	322
22.10833	322
22.11667	322
22.12500	322
22.13333	322
22.14167	322
22.15000	322
22.15833	323
22.16667	323
22.17500	323
22.18333	323
22.19167	324
22.20000	324
22.20833	324
22.21667	325
22.22500	325
22.23333	325
22.24167	325
22.25000	326
22.25833	326
22.26667	326
22.27500	326
22.28333	327
22.29167	326
22.30000	326
22.30833	326
22.31667	325
22.32500	325
22.33333	325
22.34167	325
22.35000	325
22.35833	325
22.36667	325
22.37500	324
22.38333	324
22.39167	323
22.40000	322
22.40833	322
22.41667	322
22.42500	321
22.43333	320
22.44167	319
22.45000	318
22.45833	317
22.46667	316
22.47500	315
22.48333	314
22.49167	313
22.50000	311
22.50833	310
22.51667	308
22.52500	306
22.53333	303
22.54167	301
22.55000	299
22.55833	297
22.56667	294
22.57500	292
22.58333	289
22.59167	287
22.60000	285
22.60833	282
22.61667	279
22.62500	276
22.63333	273
22.64167	271
22.65000	268
22.65833	265
22.66667	263
22.67500	260
22.68333	257
22.69167	255
22.70000	252
22.70833	249
22.71667	246
22.72500	244
22.73333	242
22.74167	240
22.75000	238
22.75833	236
22.76667	235
22.77500	233
22.78333	232
22.79167	231
22.80000	230
22.80833	229
22.81667	228
22.82500	228
22.83333	227
22.84167	227
22.85000	228
22.85833	228
22.86667	229
22.87500	229
22.88333	230
22.89167	231
22.90000	232
22.90833	234
22.91667	237
22.92500	239
22.93333	241
22.94167	243
22.95000	246
22.95833	249
22.96667	251
22.97500	254
22.98333	257
22.99167	260
23.00000	263
23.00833	266
23.01667	269
23.02500	272
23.03333	275
23.04167	278
23.05000	281
23.05833	283
23.06667	286
23.07500	289
23.08333	292
23.09167	294
23.10000	297
23.10833	299
23.11667	301
23.12500	303
23.13333	305
23.14167	308
23.15000	310
23.15833	311
23.16667	313
23.17500	314
23.18333	316
23.19167	318
23.20000	319
23.20833	320
23.21667	322
23.22500	323
23.23333	324
23.24167	325
23.25000	326
23.25833	327
23.26667	328
23.27500	328
23.28333	329
23.29167	330
23.30000	330
23.30833	331
23.31667	331
23.32500	332
23.33333	332
23.34167	332
23.35000	333
23.35833	333
23.36667	334
23.37500	335
23.38333	335
23.39167	335
23.40000	336
23.40833	336
23.41667	336
23.42500	336
23.43333	336
23.44167	336
23.45000	337
23.45833	336
23.46667	336
23.47500	336
23.48333	336
23.49167	336
23.50000	336
23.50833	336
23.51667	336
23.52500	336
23.53333	336
23.54167	336
23.55000	335
23.55833	335
23.56667	335
23.57500	335
23.58333	334
23.59167	334
23.60000	334
23.60833	334
23.61667	334
23.62500	334
23.63333	334
23.64167	333
23.65000	333
23.65833	333
23.66667	333
23.67500	332
23.68333	332
23.69167	332
23.70000	331
23.70833	331
23.71667	330
23.72500	329
23.73333	328
23.74167	327
23.75000	327
23.75833	327
23.76667	327
23.77500	326
23.78333	326
23.79167	325
23.80000	325
23.80833	324
23.81667	324
23.82500	323
23.83333	322
23.84167	322
23.85000	321
23.85833	321
23.86667	320
23.87500	320
23.88333	320
23.89167	319
23.90000	319
23.90833	319
23.91667	318
23.92500	317
23.93333	316
23.94167	316
23.95000	315
23.95833	315
23.96667	314
23.97500	314
23.98333	314
23.99167	313
24.00000	312
24.00833	312
24.01667	311
24.02500	310
24.03333	310
24.04167	309
24.05000	308
24.05833	307
24.06667	306
24.07500	305
24.08333	304
24.09167	303
24.10000	303
24.10833	302
24.11667	301
24.12500	300
24.13333	299
24.14167	298
24.15000	297
24.15833	296
24.16667	295
24.17500	294
24.18333	293
24.19167	293
24.20000	292
24.20833	291
24.21667	290
24.22500	289
24.23333	287
24.24167	286
24.25000	285
24.25833	284
24.26667	283
24.27500	281
24.28333	280
24.29167	279
24.30000	277
24.30833	275
24.31667	274
24.32500	273
24.33333	271
24.34167	269
24.35000	268
24.35833	266
24.36667	264
24.37500	263
24.38333	261
24.39167	259
24.40000	257
24.40833	256
24.41667	254
24.42500	252
24.43333	251
24.44167	250
24.45000	249
24.45833	248
24.46667	247
24.47500	246
24.48333	245
24.49167	244
24.50000	243
24.50833	242
24.51667	242
24.52500	241
24.53333	240
24.54167	239
24.55000	238
24.55833	238
24.56667	238
24.57500	237
24.58333	237
24.59167	237
24.60000	237
24.60833	237
24.61667	237
24.62500	237
24.63333	238
24.64167	238
24.65000	238
24.65833	239
24.66667	239
24.67500	240
24.68333	240
24.69167	241
24.70000	242
24.70833	242
24.71667	243
24.72500	244
24.73333	244
24.74167	245
24.75000	245
24.75833	246
24.76667	246
24.77500	247
24.78333	247
24.79167	248
24.80000	249
24.80833	249
24.81667	250
24.82500	251
24.83333	251
24.84167	252
24.85000	252
24.85833	253
24.86667	253
24.87500	254
24.88333	255
24.89167	256
24.90000	257
24.90833	257
24.91667	257
24.92500	257
24.93333	258
24.94167	258
24.95000	258
24.95833	258
24.96667	259
24.97500	259
24.98333	259
24.99167	260
25.00000	260
25.00833	260
25.01667	260
25.02500	260
25.03333	260
25.04167	260
25.05000	260
25.05833	260
25.06667	260
25.07500	260
25.08333	260
25.09167	260
25.10000	260
25.10833	260
25.11667	260
25.12500	260
25.13333	260
25.14167	260
25.15000	260
25.15833	259
25.16667	259
25.17500	259
25.18333	259
25.19167	258
25.20000	258
25.20833	258
25.21667	258
25.22500	258
25.23333	257
25.24167	256
25.25000	256
25.25833	255
25.26667	254
25.27500	253
25.28333	253
25.29167	252
25.30000	251
25.30833	251
25.31667	250
25.32500	250
25.33333	249
25.34167	248
25.35000	247
25.35833	247
25.36667	245
25.37500	244
25.38333	243
25.39167	242
25.40000	241
25.40833	240
25.41667	239
25.42500	238
25.43333	237
25.44167	236
25.45000	236
25.45833	235
25.46667	234
25.47500	234
25.48333	233
25.49167	233
25.50000	232
25.50833	231
25.51667	230
25.52500	230
25.53333	230
25.54167	229
25.55000	228
25.55833	228
25.56667	228
25.57500	228
25.58333	228
25.59167	227
25.60000	226
25.60833	226
25.61667	225
25.62500	225
25.63333	224
25.64167	224
25.65000	225
25.65833	225
25.66667	225
25.67500	225
25.68333	225
25.69167	225
25.70000	225
25.70833	225
25.71667	225
25.72500	224
25.73333	224
25.74167	224
25.75000	224
25.75833	224
25.76667	224
25.77500	224
25.78333	224
25.79167	223
25.80000	223
25.80833	223
25.81667	223
25.82500	223
25.83333	223
25.84167	224
25.85000	224
25.85833	223
25.86667	223
25.87500	224
25.88333	224
25.89167	224
25.90000	224
25.90833	224
25.91667	224
25.92500	224
25.93333	224
25.94167	224
25.95000	224
25.95833	223
25.96667	223
25.97500	223
25.98333	223
25.99167	223
26.00000	223
26.00833	223
26.01667	223
26.02500	223
26.03333	223
26.04167	223
26.05000	223
26.05833	223
26.06667	223
26.07500	223
26.08333	222
26.09167	221
26.10000	221
26.10833	221
26.11667	221
26.12500	221
26.13333	221
26.14167	221
26.15000	222
26.15833	222
26.16667	222
26.17500	222
26.18333	222
26.19167	223
26.20000	223
26.20833	223
26.21667	223
26.22500	223
26.23333	223
26.24167	223
26.25000	223
26.25833	224
26.26667	224
26.27500	224
26.28333	224
26.29167	224
26.30000	224
26.30833	225
26.31667	225
26.32500	226
26.33333	226
26.34167	227
26.35000	227
26.35833	226
26.36667	227
26.37500	227
26.38333	227
26.39167	228
26.40000	228
26.40833	228
26.41667	228
26.42500	228
26.43333	228
26.44167	228
26.45000	228
26.45833	228
26.46667	227
26.47500	226
26.48333	226
26.49167	225
26.50000	224
26.50833	223
26.51667	222
26.52500	220
26.53333	219
26.54167	217
26.55000	215
26.55833	214
26.56667	212
26.57500	210
26.58333	208
26.59167	206
26.60000	203
26.60833	201
26.61667	198
26.62500	196
26.63333	193
26.64167	190
26.65000	188
26.65833	185
26.66667	183
26.67500	180
26.68333	177
26.69167	173
26.70000	170
26.70833	167
26.71667	164
26.72500	161
26.73333	157
26.74167	154
26.75000	151
26.75833	148
26.76667	146
26.77500	143
26.78333	140
26.79167	137
26.80000	135
26.80833	132
26.81667	130
26.82500	128
26.83333	125
26.84167	123
26.85000	120
26.85833	118
26.86667	115
26.87500	113
26.88333	111
26.89167	109
26.90000	107
26.90833	105
26.91667	102
26.92500	100
26.93333	98
26.94167	96
26.95000	94
26.95833	92
26.96667	91
26.97500	90
26.98333	88
26.99167	86
27.00000	84
27.00833	83
27.01667	81
27.02500	79
27.03333	78
27.04167	76
27.05000	75
27.05833	73
27.06667	72
27.07500	71
27.08333	69
27.09167	68
27.10000	67
27.10833	66
27.11667	65
27.12500	63
27.13333	62
27.14167	61
27.15000	60
27.15833	59
27.16667	58
27.17500	57
27.18333	55
27.19167	54
27.20000	53
27.20833	52
27.21667	51
27.22500	50
27.23333	49
27.24167	48
27.25000	47
27.25833	46
27.26667	45
27.27500	45
27.28333	44
27.29167	43
27.30000	42
27.30833	41
27.31667	41
27.32500	40
27.33333	39
27.34167	39
27.35000	38
27.35833	37
27.36667	37
27.37500	36
27.38333	36
27.39167	35
27.40000	34
27.40833	34
27.41667	34
27.42500	34
27.43333	33
27.44167	33
27.45000	32
27.45833	31
27.46667	30
27.47500	30
27.48333	29
27.49167	29
27.50000	29
27.50833	28
27.51667	28
27.52500	27
27.53333	26
27.54167	26
27.55000	25
27.55833	24
27.56667	24
27.57500	23
27.58333	23
27.59167	23
27.60000	22
27.60833	22
27.61667	22
27.62500	21
27.63333	20
27.64167	19
27.65000	19
27.65833	19
27.66667	18
27.67500	17
27.68333	17
27.69167	16
27.70000	15
27.70833	15
27.71667	14
27.72500	14
27.73333	14
27.74167	13
27.75000	12
27.75833	12
27.76667	11
27.77500	11
27.78333	10
27.79167	10
27.80000	9
27.80833	8
27.81667	8
27.82500	7
27.83333	7
27.84167	6
27.85000	6
27.85833	5
27.86667	5
27.87500	4
27.88333	3
27.89167	3
27.90000	2
27.90833	1
27.91667	1
27.92500	-0
27.93333	-1
27.94167	-2
27.95000	-3
27.95833	-3
27.96667	-4
27.97500	-5
27.98333	-5
27.99167	-6
28.00000	-7

