R.Time (min)	Intensity
0.00000	-30
0.00833	-30
0.01667	-0
0.02500	-1
0.03333	-1
0.04167	-3
0.05000	-4
0.05833	-5
0.06667	-7
0.07500	-8
0.08333	-8
0.09167	-9
0.10000	-10
0.10833	-10
0.11667	-10
0.12500	-11
0.13333	-11
0.14167	-12
0.15000	-13
0.15833	-14
0.16667	-15
0.17500	-15
0.18333	-16
0.19167	-16
0.20000	-17
0.20833	-17
0.21667	-18
0.22500	-19
0.23333	-19
0.24167	-20
0.25000	-20
0.25833	-21
0.26667	-21
0.27500	-22
0.28333	-22
0.29167	-23
0.30000	-24
0.30833	-25
0.31667	-25
0.32500	-26
0.33333	-27
0.34167	-28
0.35000	-29
0.35833	-29
0.36667	-30
0.37500	-31
0.38333	-31
0.39167	-31
0.40000	-32
0.40833	-32
0.41667	-32
0.42500	-32
0.43333	-33
0.44167	-34
0.45000	-35
0.45833	-36
0.46667	-36
0.47500	-37
0.48333	-37
0.49167	-38
0.50000	-38
0.50833	-39
0.51667	-40
0.52500	-40
0.53333	-41
0.54167	-41
0.55000	-42
0.55833	-42
0.56667	-43
0.57500	-43
0.58333	-44
0.59167	-44
0.60000	-44
0.60833	-45
0.61667	-45
0.62500	-46
0.63333	-47
0.64167	-48
0.65000	-49
0.65833	-49
0.66667	-49
0.67500	-50
0.68333	-50
0.69167	-50
0.70000	-50
0.70833	-50
0.71667	-51
0.72500	-51
0.73333	-52
0.74167	-52
0.75000	-53
0.75833	-53
0.76667	-54
0.77500	-54
0.78333	-55
0.79167	-56
0.80000	-56
0.80833	-57
0.81667	-57
0.82500	-57
0.83333	-57
0.84167	-58
0.85000	-59
0.85833	-59
0.86667	-60
0.87500	-61
0.88333	-62
0.89167	-62
0.90000	-63
0.90833	-63
0.91667	-63
0.92500	-64
0.93333	-64
0.94167	-65
0.95000	-65
0.95833	-65
0.96667	-65
0.97500	-66
0.98333	-66
0.99167	-67
1.00000	-67
1.00833	-67
1.01667	-68
1.02500	-68
1.03333	-69
1.04167	-70
1.05000	-70
1.05833	-71
1.06667	-71
1.07500	-72
1.08333	-72
1.09167	-73
1.10000	-73
1.10833	-73
1.11667	-73
1.12500	-73
1.13333	-73
1.14167	-74
1.15000	-74
1.15833	-74
1.16667	-74
1.17500	-75
1.18333	-75
1.19167	-75
1.20000	-76
1.20833	-76
1.21667	-77
1.22500	-77
1.23333	-77
1.24167	-77
1.25000	-78
1.25833	-78
1.26667	-79
1.27500	-79
1.28333	-80
1.29167	-80
1.30000	-81
1.30833	-81
1.31667	-81
1.32500	-82
1.33333	-82
1.34167	-83
1.35000	-83
1.35833	-83
1.36667	-84
1.37500	-84
1.38333	-85
1.39167	-85
1.40000	-85
1.40833	-86
1.41667	-86
1.42500	-87
1.43333	-87
1.44167	-88
1.45000	-89
1.45833	-89
1.46667	-89
1.47500	-90
1.48333	-90
1.49167	-90
1.50000	-90
1.50833	-90
1.51667	-91
1.52500	-91
1.53333	-92
1.54167	-93
1.55000	-93
1.55833	-94
1.56667	-95
1.57500	-95
1.58333	-95
1.59167	-96
1.60000	-97
1.60833	-97
1.61667	-98
1.62500	-98
1.63333	-98
1.64167	-98
1.65000	-99
1.65833	-99
1.66667	-99
1.67500	-100
1.68333	-100
1.69167	-100
1.70000	-101
1.70833	-101
1.71667	-101
1.72500	-102
1.73333	-102
1.74167	-103
1.75000	-103
1.75833	-103
1.76667	-103
1.77500	-104
1.78333	-104
1.79167	-104
1.80000	-105
1.80833	-106
1.81667	-106
1.82500	-107
1.83333	-107
1.84167	-108
1.85000	-108
1.85833	-109
1.86667	-110
1.87500	-110
1.88333	-110
1.89167	-110
1.90000	-110
1.90833	-110
1.91667	-110
1.92500	-110
1.93333	-110
1.94167	-111
1.95000	-112
1.95833	-112
1.96667	-112
1.97500	-113
1.98333	-112
1.99167	-112
2.00000	-113
2.00833	-113
2.01667	-113
2.02500	-113
2.03333	-113
2.04167	-113
2.05000	-114
2.05833	-114
2.06667	-114
2.07500	-114
2.08333	-114
2.09167	-114
2.10000	-113
2.10833	-113
2.11667	-113
2.12500	-113
2.13333	-114
2.14167	-114
2.15000	-114
2.15833	-113
2.16667	-113
2.17500	-112
2.18333	-111
2.19167	-110
2.20000	-109
2.20833	-108
2.21667	-108
2.22500	-107
2.23333	-106
2.24167	-105
2.25000	-104
2.25833	-104
2.26667	-103
2.27500	-102
2.28333	-100
2.29167	-99
2.30000	-98
2.30833	-96
2.31667	-94
2.32500	-93
2.33333	-91
2.34167	-88
2.35000	-86
2.35833	-84
2.36667	-81
2.37500	-78
2.38333	-75
2.39167	-72
2.40000	-69
2.40833	-65
2.41667	-61
2.42500	-57
2.43333	-52
2.44167	-48
2.45000	-43
2.45833	-37
2.46667	-31
2.47500	-25
2.48333	-18
2.49167	-11
2.50000	-4
2.50833	4
2.51667	12
2.52500	21
2.53333	30
2.54167	39
2.55000	49
2.55833	60
2.56667	71
2.57500	83
2.58333	95
2.59167	108
2.60000	122
2.60833	136
2.61667	152
2.62500	168
2.63333	186
2.64167	204
2.65000	223
2.65833	243
2.66667	263
2.67500	285
2.68333	308
2.69167	332
2.70000	357
2.70833	384
2.71667	412
2.72500	442
2.73333	474
2.74167	507
2.75000	541
2.75833	577
2.76667	616
2.77500	656
2.78333	698
2.79167	743
2.80000	790
2.80833	839
2.81667	890
2.82500	945
2.83333	1002
2.84167	1062
2.85000	1126
2.85833	1192
2.86667	1263
2.87500	1337
2.88333	1414
2.89167	1495
2.90000	1580
2.90833	1669
2.91667	1761
2.92500	1858
2.93333	1959
2.94167	2065
2.95000	2176
2.95833	2291
2.96667	2410
2.97500	2534
2.98333	2663
2.99167	2797
3.00000	2935
3.00833	3078
3.01667	3226
3.02500	3378
3.03333	3534
3.04167	3695
3.05000	3859
3.05833	4027
3.06667	4199
3.07500	4374
3.08333	4552
3.09167	4732
3.10000	4915
3.10833	5099
3.11667	5284
3.12500	5469
3.13333	5655
3.14167	5840
3.15000	6025
3.15833	6208
3.16667	6389
3.17500	6567
3.18333	6742
3.19167	6912
3.20000	7078
3.20833	7239
3.21667	7393
3.22500	7541
3.23333	7682
3.24167	7815
3.25000	7939
3.25833	8055
3.26667	8161
3.27500	8258
3.28333	8344
3.29167	8420
3.30000	8486
3.30833	8540
3.31667	8583
3.32500	8615
3.33333	8635
3.34167	8643
3.35000	8639
3.35833	8623
3.36667	8596
3.37500	8557
3.38333	8507
3.39167	8446
3.40000	8375
3.40833	8292
3.41667	8200
3.42500	8098
3.43333	7986
3.44167	7866
3.45000	7738
3.45833	7603
3.46667	7460
3.47500	7311
3.48333	7155
3.49167	6994
3.50000	6828
3.50833	6659
3.51667	6485
3.52500	6308
3.53333	6129
3.54167	5947
3.55000	5765
3.55833	5581
3.56667	5397
3.57500	5214
3.58333	5031
3.59167	4849
3.60000	4668
3.60833	4489
3.61667	4312
3.62500	4138
3.63333	3967
3.64167	3800
3.65000	3636
3.65833	3475
3.66667	3319
3.67500	3166
3.68333	3018
3.69167	2873
3.70000	2734
3.70833	2599
3.71667	2469
3.72500	2343
3.73333	2222
3.74167	2105
3.75000	1993
3.75833	1886
3.76667	1783
3.77500	1685
3.78333	1591
3.79167	1501
3.80000	1416
3.80833	1334
3.81667	1257
3.82500	1184
3.83333	1114
3.84167	1048
3.85000	985
3.85833	926
3.86667	870
3.87500	817
3.88333	767
3.89167	720
3.90000	675
3.90833	633
3.91667	594
3.92500	557
3.93333	523
3.94167	491
3.95000	460
3.95833	432
3.96667	405
3.97500	380
3.98333	356
3.99167	334
4.00000	312
4.00833	292
4.01667	274
4.02500	256
4.03333	240
4.04167	225
4.05000	210
4.05833	196
4.06667	182
4.07500	170
4.08333	158
4.09167	147
4.10000	137
4.10833	127
4.11667	117
4.12500	107
4.13333	98
4.14167	90
4.15000	82
4.15833	74
4.16667	66
4.17500	59
4.18333	51
4.19167	44
4.20000	37
4.20833	30
4.21667	23
4.22500	17
4.23333	10
4.24167	4
4.25000	-2
4.25833	-8
4.26667	-14
4.27500	-20
4.28333	-25
4.29167	-30
4.30000	-35
4.30833	-39
4.31667	-44
4.32500	-49
4.33333	-53
4.34167	-58
4.35000	-62
4.35833	-67
4.36667	-71
4.37500	-76
4.38333	-80
4.39167	-84
4.40000	-88
4.40833	-91
4.41667	-94
4.42500	-98
4.43333	-101
4.44167	-104
4.45000	-106
4.45833	-109
4.46667	-112
4.47500	-114
4.48333	-117
4.49167	-119
4.50000	-122
4.50833	-124
4.51667	-127
4.52500	-129
4.53333	-131
4.54167	-132
4.55000	-134
4.55833	-135
4.56667	-137
4.57500	-138
4.58333	-140
4.59167	-142
4.60000	-143
4.60833	-144
4.61667	-145
4.62500	-145
4.63333	-146
4.64167	-148
4.65000	-148
4.65833	-149
4.66667	-150
4.67500	-150
4.68333	-150
4.69167	-151
4.70000	-151
4.70833	-151
4.71667	-152
4.72500	-152
4.73333	-152
4.74167	-153
4.75000	-153
4.75833	-153
4.76667	-154
4.77500	-154
4.78333	-153
4.79167	-154
4.80000	-154
4.80833	-154
4.81667	-154
4.82500	-154
4.83333	-154
4.84167	-154
4.85000	-154
4.85833	-154
4.86667	-154
4.87500	-153
4.88333	-153
4.89167	-153
4.90000	-153
4.90833	-152
4.91667	-152
4.92500	-152
4.93333	-152
4.94167	-152
4.95000	-151
4.95833	-151
4.96667	-151
4.97500	-151
4.98333	-151
4.99167	-151
5.00000	-151
5.00833	-151
5.01667	-151
5.02500	-151
5.03333	-151
5.04167	-150
5.05000	-150
5.05833	-150
5.06667	-150
5.07500	-150
5.08333	-151
5.09167	-151
5.10000	-151
5.10833	-150
5.11667	-150
5.12500	-150
5.13333	-149
5.14167	-149
5.15000	-149
5.15833	-150
5.16667	-150
5.17500	-149
5.18333	-149
5.19167	-149
5.20000	-149
5.20833	-149
5.21667	-149
5.22500	-149
5.23333	-149
5.24167	-149
5.25000	-149
5.25833	-150
5.26667	-150
5.27500	-151
5.28333	-151
5.29167	-151
5.30000	-151
5.30833	-152
5.31667	-152
5.32500	-153
5.33333	-153
5.34167	-153
5.35000	-154
5.35833	-154
5.36667	-154
5.37500	-155
5.38333	-156
5.39167	-156
5.40000	-156
5.40833	-156
5.41667	-156
5.42500	-156
5.43333	-156
5.44167	-156
5.45000	-156
5.45833	-156
5.46667	-157
5.47500	-157
5.48333	-158
5.49167	-158
5.50000	-159
5.50833	-159
5.51667	-160
5.52500	-160
5.53333	-161
5.54167	-162
5.55000	-162
5.55833	-162
5.56667	-162
5.57500	-162
5.58333	-163
5.59167	-163
5.60000	-163
5.60833	-164
5.61667	-164
5.62500	-164
5.63333	-164
5.64167	-165
5.65000	-166
5.65833	-166
5.66667	-167
5.67500	-168
5.68333	-168
5.69167	-169
5.70000	-169
5.70833	-169
5.71667	-170
5.72500	-170
5.73333	-170
5.74167	-171
5.75000	-171
5.75833	-172
5.76667	-172
5.77500	-172
5.78333	-173
5.79167	-173
5.80000	-173
5.80833	-173
5.81667	-173
5.82500	-173
5.83333	-173
5.84167	-173
5.85000	-174
5.85833	-174
5.86667	-175
5.87500	-175
5.88333	-175
5.89167	-175
5.90000	-175
5.90833	-175
5.91667	-175
5.92500	-175
5.93333	-175
5.94167	-176
5.95000	-176
5.95833	-176
5.96667	-176
5.97500	-176
5.98333	-176
5.99167	-175
6.00000	-175
6.00833	-175
6.01667	-175
6.02500	-175
6.03333	-176
6.04167	-176
6.05000	-177
6.05833	-177
6.06667	-177
6.07500	-177
6.08333	-177
6.09167	-177
6.10000	-177
6.10833	-176
6.11667	-176
6.12500	-175
6.13333	-175
6.14167	-175
6.15000	-175
6.15833	-175
6.16667	-175
6.17500	-175
6.18333	-175
6.19167	-175
6.20000	-175
6.20833	-175
6.21667	-175
6.22500	-175
6.23333	-174
6.24167	-174
6.25000	-174
6.25833	-173
6.26667	-173
6.27500	-172
6.28333	-172
6.29167	-172
6.30000	-172
6.30833	-171
6.31667	-171
6.32500	-171
6.33333	-171
6.34167	-172
6.35000	-172
6.35833	-172
6.36667	-172
6.37500	-172
6.38333	-172
6.39167	-172
6.40000	-172
6.40833	-173
6.41667	-172
6.42500	-172
6.43333	-172
6.44167	-172
6.45000	-171
6.45833	-171
6.46667	-171
6.47500	-171
6.48333	-171
6.49167	-172
6.50000	-172
6.50833	-172
6.51667	-172
6.52500	-172
6.53333	-172
6.54167	-172
6.55000	-172
6.55833	-172
6.56667	-172
6.57500	-172
6.58333	-172
6.59167	-172
6.60000	-172
6.60833	-171
6.61667	-172
6.62500	-172
6.63333	-172
6.64167	-172
6.65000	-173
6.65833	-173
6.66667	-173
6.67500	-173
6.68333	-173
6.69167	-173
6.70000	-173
6.70833	-173
6.71667	-173
6.72500	-173
6.73333	-173
6.74167	-174
6.75000	-174
6.75833	-174
6.76667	-174
6.77500	-174
6.78333	-174
6.79167	-174
6.80000	-175
6.80833	-175
6.81667	-174
6.82500	-174
6.83333	-174
6.84167	-174
6.85000	-174
6.85833	-174
6.86667	-174
6.87500	-174
6.88333	-174
6.89167	-174
6.90000	-174
6.90833	-173
6.91667	-173
6.92500	-173
6.93333	-173
6.94167	-173
6.95000	-173
6.95833	-173
6.96667	-173
6.97500	-173
6.98333	-173
6.99167	-173
7.00000	-173
7.00833	-173
7.01667	-174
7.02500	-174
7.03333	-175
7.04167	-176
7.05000	-176
7.05833	-176
7.06667	-176
7.07500	-177
7.08333	-177
7.09167	-177
7.10000	-178
7.10833	-178
7.11667	-178
7.12500	-178
7.13333	-178
7.14167	-178
7.15000	-178
7.15833	-178
7.16667	-179
7.17500	-179
7.18333	-179
7.19167	-179
7.20000	-178
7.20833	-178
7.21667	-178
7.22500	-178
7.23333	-178
7.24167	-178
7.25000	-178
7.25833	-177
7.26667	-177
7.27500	-177
7.28333	-176
7.29167	-176
7.30000	-175
7.30833	-174
7.31667	-173
7.32500	-171
7.33333	-169
7.34167	-166
7.35000	-162
7.35833	-156
7.36667	-150
7.37500	-141
7.38333	-131
7.39167	-119
7.40000	-105
7.40833	-89
7.41667	-70
7.42500	-49
7.43333	-27
7.44167	-4
7.45000	19
7.45833	43
7.46667	65
7.47500	85
7.48333	103
7.49167	119
7.50000	130
7.50833	138
7.51667	142
7.52500	142
7.53333	138
7.54167	131
7.55000	120
7.55833	107
7.56667	93
7.57500	76
7.58333	59
7.59167	42
7.60000	24
7.60833	7
7.61667	-9
7.62500	-25
7.63333	-40
7.64167	-53
7.65000	-66
7.65833	-77
7.66667	-87
7.67500	-97
7.68333	-105
7.69167	-112
7.70000	-119
7.70833	-125
7.71667	-130
7.72500	-135
7.73333	-138
7.74167	-142
7.75000	-145
7.75833	-149
7.76667	-151
7.77500	-154
7.78333	-156
7.79167	-158
7.80000	-159
7.80833	-161
7.81667	-163
7.82500	-164
7.83333	-164
7.84167	-165
7.85000	-166
7.85833	-167
7.86667	-167
7.87500	-168
7.88333	-168
7.89167	-169
7.90000	-169
7.90833	-169
7.91667	-169
7.92500	-170
7.93333	-170
7.94167	-170
7.95000	-171
7.95833	-171
7.96667	-171
7.97500	-172
7.98333	-172
7.99167	-172
8.00000	-172
8.00833	-172
8.01667	-172
8.02500	-173
8.03333	-173
8.04167	-173
8.05000	-173
8.05833	-174
8.06667	-174
8.07500	-174
8.08333	-174
8.09167	-174
8.10000	-174
8.10833	-174
8.11667	-174
8.12500	-174
8.13333	-174
8.14167	-174
8.15000	-175
8.15833	-175
8.16667	-175
8.17500	-175
8.18333	-175
8.19167	-175
8.20000	-175
8.20833	-174
8.21667	-174
8.22500	-174
8.23333	-174
8.24167	-174
8.25000	-174
8.25833	-174
8.26667	-174
8.27500	-175
8.28333	-175
8.29167	-175
8.30000	-175
8.30833	-176
8.31667	-176
8.32500	-175
8.33333	-175
8.34167	-175
8.35000	-175
8.35833	-174
8.36667	-174
8.37500	-174
8.38333	-174
8.39167	-174
8.40000	-174
8.40833	-175
8.41667	-175
8.42500	-175
8.43333	-175
8.44167	-175
8.45000	-176
8.45833	-176
8.46667	-176
8.47500	-176
8.48333	-176
8.49167	-176
8.50000	-176
8.50833	-175
8.51667	-175
8.52500	-175
8.53333	-175
8.54167	-175
8.55000	-175
8.55833	-175
8.56667	-175
8.57500	-175
8.58333	-175
8.59167	-174
8.60000	-174
8.60833	-174
8.61667	-174
8.62500	-174
8.63333	-174
8.64167	-174
8.65000	-174
8.65833	-174
8.66667	-174
8.67500	-174
8.68333	-174
8.69167	-174
8.70000	-174
8.70833	-175
8.71667	-175
8.72500	-175
8.73333	-175
8.74167	-174
8.75000	-174
8.75833	-174
8.76667	-174
8.77500	-174
8.78333	-175
8.79167	-175
8.80000	-175
8.80833	-175
8.81667	-174
8.82500	-174
8.83333	-174
8.84167	-174
8.85000	-174
8.85833	-174
8.86667	-174
8.87500	-174
8.88333	-174
8.89167	-174
8.90000	-174
8.90833	-174
8.91667	-173
8.92500	-173
8.93333	-173
8.94167	-173
8.95000	-173
8.95833	-173
8.96667	-173
8.97500	-172
8.98333	-172
8.99167	-172
9.00000	-172
9.00833	-171
9.01667	-171
9.02500	-171
9.03333	-171
9.04167	-171
9.05000	-171
9.05833	-171
9.06667	-171
9.07500	-170
9.08333	-170
9.09167	-169
9.10000	-169
9.10833	-169
9.11667	-168
9.12500	-168
9.13333	-167
9.14167	-166
9.15000	-165
9.15833	-165
9.16667	-164
9.17500	-163
9.18333	-162
9.19167	-161
9.20000	-161
9.20833	-160
9.21667	-159
9.22500	-158
9.23333	-158
9.24167	-157
9.25000	-156
9.25833	-155
9.26667	-154
9.27500	-153
9.28333	-152
9.29167	-150
9.30000	-149
9.30833	-148
9.31667	-147
9.32500	-146
9.33333	-144
9.34167	-143
9.35000	-141
9.35833	-140
9.36667	-139
9.37500	-138
9.38333	-136
9.39167	-135
9.40000	-133
9.40833	-132
9.41667	-130
9.42500	-128
9.43333	-127
9.44167	-126
9.45000	-124
9.45833	-122
9.46667	-121
9.47500	-119
9.48333	-118
9.49167	-116
9.50000	-115
9.50833	-114
9.51667	-112
9.52500	-111
9.53333	-109
9.54167	-107
9.55000	-106
9.55833	-104
9.56667	-103
9.57500	-102
9.58333	-102
9.59167	-101
9.60000	-100
9.60833	-99
9.61667	-99
9.62500	-98
9.63333	-97
9.64167	-96
9.65000	-96
9.65833	-95
9.66667	-95
9.67500	-94
9.68333	-94
9.69167	-94
9.70000	-94
9.70833	-95
9.71667	-95
9.72500	-96
9.73333	-96
9.74167	-97
9.75000	-97
9.75833	-98
9.76667	-98
9.77500	-99
9.78333	-100
9.79167	-101
9.80000	-102
9.80833	-103
9.81667	-104
9.82500	-105
9.83333	-105
9.84167	-106
9.85000	-108
9.85833	-109
9.86667	-111
9.87500	-112
9.88333	-113
9.89167	-115
9.90000	-116
9.90833	-117
9.91667	-118
9.92500	-119
9.93333	-121
9.94167	-122
9.95000	-124
9.95833	-125
9.96667	-127
9.97500	-128
9.98333	-130
9.99167	-131
10.00000	-133
10.00833	-135
10.01667	-136
10.02500	-137
10.03333	-139
10.04167	-140
10.05000	-141
10.05833	-142
10.06667	-143
10.07500	-145
10.08333	-146
10.09167	-147
10.10000	-148
10.10833	-149
10.11667	-150
10.12500	-151
10.13333	-152
10.14167	-153
10.15000	-154
10.15833	-155
10.16667	-155
10.17500	-156
10.18333	-157
10.19167	-159
10.20000	-160
10.20833	-161
10.21667	-162
10.22500	-163
10.23333	-164
10.24167	-164
10.25000	-165
10.25833	-166
10.26667	-166
10.27500	-167
10.28333	-167
10.29167	-168
10.30000	-168
10.30833	-169
10.31667	-169
10.32500	-170
10.33333	-171
10.34167	-171
10.35000	-172
10.35833	-173
10.36667	-173
10.37500	-173
10.38333	-174
10.39167	-174
10.40000	-175
10.40833	-175
10.41667	-175
10.42500	-176
10.43333	-176
10.44167	-176
10.45000	-177
10.45833	-177
10.46667	-176
10.47500	-176
10.48333	-176
10.49167	-176
10.50000	-175
10.50833	-174
10.51667	-173
10.52500	-172
10.53333	-170
10.54167	-168
10.55000	-166
10.55833	-164
10.56667	-162
10.57500	-160
10.58333	-158
10.59167	-156
10.60000	-154
10.60833	-152
10.61667	-151
10.62500	-150
10.63333	-148
10.64167	-148
10.65000	-147
10.65833	-147
10.66667	-148
10.67500	-149
10.68333	-150
10.69167	-151
10.70000	-152
10.70833	-153
10.71667	-155
10.72500	-157
10.73333	-158
10.74167	-160
10.75000	-162
10.75833	-164
10.76667	-167
10.77500	-169
10.78333	-171
10.79167	-172
10.80000	-174
10.80833	-176
10.81667	-177
10.82500	-179
10.83333	-180
10.84167	-182
10.85000	-183
10.85833	-184
10.86667	-185
10.87500	-186
10.88333	-187
10.89167	-188
10.90000	-188
10.90833	-189
10.91667	-190
10.92500	-191
10.93333	-191
10.94167	-192
10.95000	-192
10.95833	-192
10.96667	-193
10.97500	-193
10.98333	-193
10.99167	-193
11.00000	-194
11.00833	-194
11.01667	-195
11.02500	-195
11.03333	-196
11.04167	-196
11.05000	-197
11.05833	-197
11.06667	-197
11.07500	-197
11.08333	-198
11.09167	-198
11.10000	-199
11.10833	-199
11.11667	-199
11.12500	-199
11.13333	-199
11.14167	-200
11.15000	-200
11.15833	-200
11.16667	-201
11.17500	-201
11.18333	-201
11.19167	-201
11.20000	-201
11.20833	-202
11.21667	-202
11.22500	-202
11.23333	-202
11.24167	-202
11.25000	-202
11.25833	-202
11.26667	-202
11.27500	-202
11.28333	-202
11.29167	-202
11.30000	-202
11.30833	-202
11.31667	-202
11.32500	-202
11.33333	-202
11.34167	-202
11.35000	-202
11.35833	-202
11.36667	-202
11.37500	-202
11.38333	-202
11.39167	-202
11.40000	-202
11.40833	-202
11.41667	-202
11.42500	-203
11.43333	-203
11.44167	-203
11.45000	-203
11.45833	-203
11.46667	-202
11.47500	-202
11.48333	-202
11.49167	-202
11.50000	-202
11.50833	-202
11.51667	-202
11.52500	-202
11.53333	-202
11.54167	-203
11.55000	-203
11.55833	-203
11.56667	-202
11.57500	-202
11.58333	-202
11.59167	-203
11.60000	-203
11.60833	-203
11.61667	-203
11.62500	-203
11.63333	-202
11.64167	-202
11.65000	-202
11.65833	-203
11.66667	-203
11.67500	-203
11.68333	-203
11.69167	-203
11.70000	-204
11.70833	-204
11.71667	-204
11.72500	-204
11.73333	-203
11.74167	-203
11.75000	-203
11.75833	-202
11.76667	-203
11.77500	-203
11.78333	-203
11.79167	-203
11.80000	-203
11.80833	-204
11.81667	-204
11.82500	-203
11.83333	-203
11.84167	-203
11.85000	-203
11.85833	-204
11.86667	-204
11.87500	-204
11.88333	-204
11.89167	-203
11.90000	-203
11.90833	-203
11.91667	-203
11.92500	-203
11.93333	-203
11.94167	-203
11.95000	-203
11.95833	-203
11.96667	-203
11.97500	-202
11.98333	-202
11.99167	-202
12.00000	-202
12.00833	-202
12.01667	-202
12.02500	-202
12.03333	-202
12.04167	-202
12.05000	-202
12.05833	-202
12.06667	-201
12.07500	-201
12.08333	-201
12.09167	-200
12.10000	-200
12.10833	-200
12.11667	-200
12.12500	-200
12.13333	-200
12.14167	-200
12.15000	-200
12.15833	-200
12.16667	-200
12.17500	-200
12.18333	-200
12.19167	-200
12.20000	-200
12.20833	-199
12.21667	-199
12.22500	-199
12.23333	-199
12.24167	-199
12.25000	-199
12.25833	-199
12.26667	-198
12.27500	-198
12.28333	-198
12.29167	-198
12.30000	-198
12.30833	-198
12.31667	-198
12.32500	-198
12.33333	-198
12.34167	-198
12.35000	-198
12.35833	-198
12.36667	-198
12.37500	-197
12.38333	-197
12.39167	-197
12.40000	-196
12.40833	-196
12.41667	-196
12.42500	-196
12.43333	-196
12.44167	-196
12.45000	-196
12.45833	-195
12.46667	-195
12.47500	-195
12.48333	-195
12.49167	-194
12.50000	-194
12.50833	-194
12.51667	-194
12.52500	-194
12.53333	-194
12.54167	-194
12.55000	-194
12.55833	-193
12.56667	-193
12.57500	-192
12.58333	-192
12.59167	-191
12.60000	-191
12.60833	-190
12.61667	-190
12.62500	-190
12.63333	-190
12.64167	-190
12.65000	-190
12.65833	-189
12.66667	-189
12.67500	-189
12.68333	-188
12.69167	-188
12.70000	-188
12.70833	-187
12.71667	-187
12.72500	-186
12.73333	-186
12.74167	-185
12.75000	-185
12.75833	-185
12.76667	-185
12.77500	-185
12.78333	-184
12.79167	-184
12.80000	-184
12.80833	-183
12.81667	-183
12.82500	-183
12.83333	-182
12.84167	-182
12.85000	-182
12.85833	-181
12.86667	-181
12.87500	-180
12.88333	-180
12.89167	-180
12.90000	-180
12.90833	-180
12.91667	-179
12.92500	-179
12.93333	-178
12.94167	-178
12.95000	-178
12.95833	-178
12.96667	-178
12.97500	-178
12.98333	-178
12.99167	-178
13.00000	-177
13.00833	-177
13.01667	-177
13.02500	-176
13.03333	-176
13.04167	-176
13.05000	-175
13.05833	-175
13.06667	-175
13.07500	-175
13.08333	-175
13.09167	-175
13.10000	-174
13.10833	-174
13.11667	-174
13.12500	-174
13.13333	-174
13.14167	-173
13.15000	-173
13.15833	-172
13.16667	-171
13.17500	-171
13.18333	-171
13.19167	-170
13.20000	-170
13.20833	-171
13.21667	-170
13.22500	-170
13.23333	-169
13.24167	-169
13.25000	-168
13.25833	-168
13.26667	-167
13.27500	-166
13.28333	-166
13.29167	-165
13.30000	-164
13.30833	-163
13.31667	-162
13.32500	-161
13.33333	-160
13.34167	-159
13.35000	-158
13.35833	-156
13.36667	-155
13.37500	-152
13.38333	-150
13.39167	-148
13.40000	-145
13.40833	-143
13.41667	-140
13.42500	-137
13.43333	-134
13.44167	-131
13.45000	-128
13.45833	-125
13.46667	-121
13.47500	-118
13.48333	-115
13.49167	-112
13.50000	-109
13.50833	-106
13.51667	-104
13.52500	-101
13.53333	-99
13.54167	-98
13.55000	-96
13.55833	-95
13.56667	-94
13.57500	-94
13.58333	-94
13.59167	-94
13.60000	-94
13.60833	-95
13.61667	-96
13.62500	-97
13.63333	-98
13.64167	-99
13.65000	-101
13.65833	-102
13.66667	-103
13.67500	-104
13.68333	-105
13.69167	-105
13.70000	-106
13.70833	-107
13.71667	-107
13.72500	-108
13.73333	-108
13.74167	-108
13.75000	-108
13.75833	-108
13.76667	-108
13.77500	-107
13.78333	-107
13.79167	-106
13.80000	-105
13.80833	-104
13.81667	-103
13.82500	-102
13.83333	-101
13.84167	-99
13.85000	-98
13.85833	-96
13.86667	-95
13.87500	-93
13.88333	-91
13.89167	-89
13.90000	-87
13.90833	-86
13.91667	-84
13.92500	-82
13.93333	-80
13.94167	-78
13.95000	-76
13.95833	-74
13.96667	-71
13.97500	-69
13.98333	-67
13.99167	-65
14.00000	-62
14.00833	-60
14.01667	-57
14.02500	-55
14.03333	-52
14.04167	-49
14.05000	-47
14.05833	-44
14.06667	-42
14.07500	-39
14.08333	-36
14.09167	-33
14.10000	-31
14.10833	-28
14.11667	-26
14.12500	-23
14.13333	-20
14.14167	-18
14.15000	-16
14.15833	-14
14.16667	-11
14.17500	-8
14.18333	-6
14.19167	-3
14.20000	-1
14.20833	2
14.21667	4
14.22500	7
14.23333	9
14.24167	12
14.25000	14
14.25833	16
14.26667	18
14.27500	20
14.28333	22
14.29167	25
14.30000	27
14.30833	29
14.31667	32
14.32500	34
14.33333	36
14.34167	38
14.35000	40
14.35833	42
14.36667	43
14.37500	45
14.38333	47
14.39167	49
14.40000	50
14.40833	52
14.41667	53
14.42500	54
14.43333	55
14.44167	57
14.45000	58
14.45833	60
14.46667	61
14.47500	62
14.48333	63
14.49167	64
14.50000	65
14.50833	66
14.51667	67
14.52500	68
14.53333	69
14.54167	70
14.55000	70
14.55833	71
14.56667	72
14.57500	72
14.58333	72
14.59167	72
14.60000	73
14.60833	73
14.61667	73
14.62500	73
14.63333	72
14.64167	72
14.65000	72
14.65833	73
14.66667	73
14.67500	73
14.68333	74
14.69167	73
14.70000	73
14.70833	72
14.71667	71
14.72500	71
14.73333	70
14.74167	70
14.75000	70
14.75833	70
14.76667	69
14.77500	69
14.78333	68
14.79167	67
14.80000	67
14.80833	66
14.81667	66
14.82500	65
14.83333	64
14.84167	63
14.85000	62
14.85833	61
14.86667	60
14.87500	59
14.88333	58
14.89167	57
14.90000	57
14.90833	56
14.91667	54
14.92500	53
14.93333	52
14.94167	51
14.95000	50
14.95833	49
14.96667	48
14.97500	47
14.98333	47
14.99167	46
15.00000	45
15.00833	44
15.01667	43
15.02500	42
15.03333	40
15.04167	39
15.05000	38
15.05833	37
15.06667	36
15.07500	35
15.08333	34
15.09167	33
15.10000	32
15.10833	31
15.11667	29
15.12500	28
15.13333	27
15.14167	25
15.15000	24
15.15833	22
15.16667	20
15.17500	19
15.18333	18
15.19167	17
15.20000	15
15.20833	14
15.21667	13
15.22500	11
15.23333	9
15.24167	7
15.25000	6
15.25833	5
15.26667	3
15.27500	2
15.28333	-0
15.29167	-2
15.30000	-3
15.30833	-5
15.31667	-6
15.32500	-8
15.33333	-10
15.34167	-12
15.35000	-14
15.35833	-16
15.36667	-18
15.37500	-20
15.38333	-22
15.39167	-25
15.40000	-27
15.40833	-29
15.41667	-32
15.42500	-34
15.43333	-36
15.44167	-38
15.45000	-40
15.45833	-43
15.46667	-45
15.47500	-47
15.48333	-50
15.49167	-52
15.50000	-55
15.50833	-57
15.51667	-59
15.52500	-62
15.53333	-64
15.54167	-66
15.55000	-69
15.55833	-71
15.56667	-74
15.57500	-76
15.58333	-78
15.59167	-80
15.60000	-82
15.60833	-84
15.61667	-87
15.62500	-89
15.63333	-92
15.64167	-94
15.65000	-96
15.65833	-98
15.66667	-100
15.67500	-101
15.68333	-103
15.69167	-105
15.70000	-107
15.70833	-109
15.71667	-111
15.72500	-113
15.73333	-115
15.74167	-116
15.75000	-118
15.75833	-119
15.76667	-121
15.77500	-122
15.78333	-123
15.79167	-125
15.80000	-126
15.80833	-127
15.81667	-128
15.82500	-130
15.83333	-131
15.84167	-132
15.85000	-133
15.85833	-134
15.86667	-135
15.87500	-136
15.88333	-137
15.89167	-138
15.90000	-140
15.90833	-141
15.91667	-142
15.92500	-143
15.93333	-144
15.94167	-145
15.95000	-146
15.95833	-147
15.96667	-147
15.97500	-148
15.98333	-148
15.99167	-148
16.00000	-149
16.00833	-149
16.01667	-150
16.02500	-150
16.03333	-151
16.04167	-151
16.05000	-152
16.05833	-152
16.06667	-152
16.07500	-152
16.08333	-152
16.09167	-153
16.10000	-153
16.10833	-153
16.11667	-153
16.12500	-153
16.13333	-154
16.14167	-155
16.15000	-155
16.15833	-155
16.16667	-155
16.17500	-155
16.18333	-156
16.19167	-156
16.20000	-156
16.20833	-156
16.21667	-155
16.22500	-155
16.23333	-155
16.24167	-155
16.25000	-155
16.25833	-155
16.26667	-156
16.27500	-156
16.28333	-156
16.29167	-156
16.30000	-156
16.30833	-156
16.31667	-155
16.32500	-155
16.33333	-156
16.34167	-156
16.35000	-156
16.35833	-156
16.36667	-156
16.37500	-156
16.38333	-156
16.39167	-156
16.40000	-156
16.40833	-156
16.41667	-156
16.42500	-155
16.43333	-155
16.44167	-155
16.45000	-155
16.45833	-155
16.46667	-155
16.47500	-155
16.48333	-155
16.49167	-154
16.50000	-154
16.50833	-154
16.51667	-154
16.52500	-155
16.53333	-155
16.54167	-155
16.55000	-154
16.55833	-154
16.56667	-154
16.57500	-154
16.58333	-154
16.59167	-154
16.60000	-153
16.60833	-153
16.61667	-153
16.62500	-152
16.63333	-152
16.64167	-151
16.65000	-150
16.65833	-150
16.66667	-150
16.67500	-150
16.68333	-150
16.69167	-149
16.70000	-149
16.70833	-149
16.71667	-148
16.72500	-147
16.73333	-147
16.74167	-146
16.75000	-146
16.75833	-145
16.76667	-144
16.77500	-144
16.78333	-143
16.79167	-143
16.80000	-142
16.80833	-141
16.81667	-141
16.82500	-140
16.83333	-139
16.84167	-138
16.85000	-137
16.85833	-136
16.86667	-135
16.87500	-134
16.88333	-134
16.89167	-133
16.90000	-132
16.90833	-131
16.91667	-131
16.92500	-130
16.93333	-129
16.94167	-129
16.95000	-128
16.95833	-128
16.96667	-128
16.97500	-127
16.98333	-127
16.99167	-127
17.00000	-126
17.00833	-126
17.01667	-126
17.02500	-125
17.03333	-125
17.04167	-126
17.05000	-126
17.05833	-126
17.06667	-126
17.07500	-126
17.08333	-126
17.09167	-125
17.10000	-125
17.10833	-125
17.11667	-125
17.12500	-126
17.13333	-126
17.14167	-125
17.15000	-125
17.15833	-125
17.16667	-124
17.17500	-124
17.18333	-124
17.19167	-124
17.20000	-124
17.20833	-124
17.21667	-124
17.22500	-123
17.23333	-123
17.24167	-123
17.25000	-122
17.25833	-122
17.26667	-122
17.27500	-122
17.28333	-121
17.29167	-121
17.30000	-120
17.30833	-120
17.31667	-119
17.32500	-119
17.33333	-119
17.34167	-119
17.35000	-118
17.35833	-118
17.36667	-117
17.37500	-117
17.38333	-117
17.39167	-116
17.40000	-115
17.40833	-115
17.41667	-115
17.42500	-115
17.43333	-114
17.44167	-114
17.45000	-114
17.45833	-114
17.46667	-114
17.47500	-114
17.48333	-113
17.49167	-113
17.50000	-112
17.50833	-112
17.51667	-112
17.52500	-112
17.53333	-111
17.54167	-111
17.55000	-111
17.55833	-110
17.56667	-110
17.57500	-110
17.58333	-109
17.59167	-109
17.60000	-109
17.60833	-108
17.61667	-108
17.62500	-108
17.63333	-108
17.64167	-108
17.65000	-108
17.65833	-108
17.66667	-108
17.67500	-108
17.68333	-108
17.69167	-108
17.70000	-108
17.70833	-108
17.71667	-108
17.72500	-107
17.73333	-107
17.74167	-107
17.75000	-107
17.75833	-107
17.76667	-107
17.77500	-106
17.78333	-106
17.79167	-106
17.80000	-105
17.80833	-105
17.81667	-105
17.82500	-104
17.83333	-104
17.84167	-103
17.85000	-103
17.85833	-103
17.86667	-103
17.87500	-102
17.88333	-101
17.89167	-101
17.90000	-100
17.90833	-99
17.91667	-99
17.92500	-98
17.93333	-98
17.94167	-97
17.95000	-97
17.95833	-97
17.96667	-96
17.97500	-95
17.98333	-94
17.99167	-93
18.00000	-92
18.00833	-91
18.01667	-90
18.02500	-88
18.03333	-87
18.04167	-86
18.05000	-86
18.05833	-85
18.06667	-84
18.07500	-84
18.08333	-84
18.09167	-83
18.10000	-82
18.10833	-82
18.11667	-82
18.12500	-81
18.13333	-80
18.14167	-79
18.15000	-78
18.15833	-78
18.16667	-77
18.17500	-76
18.18333	-75
18.19167	-75
18.20000	-75
18.20833	-75
18.21667	-74
18.22500	-74
18.23333	-73
18.24167	-73
18.25000	-73
18.25833	-73
18.26667	-73
18.27500	-73
18.28333	-73
18.29167	-73
18.30000	-73
18.30833	-73
18.31667	-72
18.32500	-72
18.33333	-71
18.34167	-71
18.35000	-71
18.35833	-70
18.36667	-70
18.37500	-70
18.38333	-70
18.39167	-70
18.40000	-69
18.40833	-69
18.41667	-69
18.42500	-68
18.43333	-68
18.44167	-68
18.45000	-68
18.45833	-67
18.46667	-67
18.47500	-67
18.48333	-66
18.49167	-66
18.50000	-65
18.50833	-65
18.51667	-64
18.52500	-64
18.53333	-63
18.54167	-62
18.55000	-61
18.55833	-61
18.56667	-60
18.57500	-60
18.58333	-59
18.59167	-58
18.60000	-58
18.60833	-58
18.61667	-58
18.62500	-57
18.63333	-57
18.64167	-56
18.65000	-56
18.65833	-56
18.66667	-56
18.67500	-55
18.68333	-55
18.69167	-54
18.70000	-53
18.70833	-52
18.71667	-52
18.72500	-51
18.73333	-50
18.74167	-49
18.75000	-49
18.75833	-48
18.76667	-47
18.77500	-47
18.78333	-46
18.79167	-46
18.80000	-45
18.80833	-45
18.81667	-44
18.82500	-44
18.83333	-43
18.84167	-43
18.85000	-42
18.85833	-42
18.86667	-41
18.87500	-41
18.88333	-40
18.89167	-40
18.90000	-39
18.90833	-38
18.91667	-38
18.92500	-37
18.93333	-36
18.94167	-35
18.95000	-35
18.95833	-34
18.96667	-34
18.97500	-33
18.98333	-33
18.99167	-32
19.00000	-31
19.00833	-31
19.01667	-30
19.02500	-29
19.03333	-29
19.04167	-29
19.05000	-28
19.05833	-28
19.06667	-27
19.07500	-26
19.08333	-26
19.09167	-25
19.10000	-25
19.10833	-24
19.11667	-23
19.12500	-22
19.13333	-21
19.14167	-21
19.15000	-20
19.15833	-20
19.16667	-19
19.17500	-18
19.18333	-18
19.19167	-17
19.20000	-17
19.20833	-16
19.21667	-16
19.22500	-15
19.23333	-14
19.24167	-14
19.25000	-13
19.25833	-13
19.26667	-12
19.27500	-11
19.28333	-10
19.29167	-10
19.30000	-9
19.30833	-8
19.31667	-7
19.32500	-6
19.33333	-5
19.34167	-4
19.35000	-4
19.35833	-3
19.36667	-2
19.37500	-2
19.38333	-1
19.39167	-0
19.40000	0
19.40833	1
19.41667	2
19.42500	2
19.43333	3
19.44167	4
19.45000	5
19.45833	5
19.46667	6
19.47500	6
19.48333	7
19.49167	8
19.50000	9
19.50833	10
19.51667	11
19.52500	12
19.53333	13
19.54167	14
19.55000	14
19.55833	14
19.56667	15
19.57500	16
19.58333	18
19.59167	19
19.60000	19
19.60833	20
19.61667	20
19.62500	20
19.63333	21
19.64167	21
19.65000	22
19.65833	23
19.66667	24
19.67500	25
19.68333	26
19.69167	27
19.70000	27
19.70833	28
19.71667	29
19.72500	29
19.73333	30
19.74167	31
19.75000	32
19.75833	33
19.76667	33
19.77500	33
19.78333	34
19.79167	34
19.80000	35
19.80833	36
19.81667	36
19.82500	37
19.83333	38
19.84167	39
19.85000	40
19.85833	40
19.86667	41
19.87500	41
19.88333	42
19.89167	43
19.90000	44
19.90833	44
19.91667	45
19.92500	46
19.93333	46
19.94167	47
19.95000	48
19.95833	49
19.96667	50
19.97500	50
19.98333	51
19.99167	52
20.00000	53
20.00833	54
20.01667	55
20.02500	55
20.03333	56
20.04167	57
20.05000	58
20.05833	58
20.06667	59
20.07500	60
20.08333	60
20.09167	61
20.10000	62
20.10833	63
20.11667	63
20.12500	64
20.13333	64
20.14167	65
20.15000	66
20.15833	67
20.16667	68
20.17500	69
20.18333	70
20.19167	71
20.20000	71
20.20833	72
20.21667	73
20.22500	74
20.23333	75
20.24167	77
20.25000	77
20.25833	78
20.26667	79
20.27500	80
20.28333	81
20.29167	82
20.30000	83
20.30833	84
20.31667	85
20.32500	85
20.33333	86
20.34167	87
20.35000	88
20.35833	89
20.36667	90
20.37500	91
20.38333	92
20.39167	92
20.40000	93
20.40833	94
20.41667	95
20.42500	96
20.43333	97
20.44167	97
20.45000	98
20.45833	99
20.46667	99
20.47500	100
20.48333	101
20.49167	103
20.50000	104
20.50833	105
20.51667	106
20.52500	107
20.53333	108
20.54167	108
20.55000	109
20.55833	111
20.56667	112
20.57500	113
20.58333	114
20.59167	114
20.60000	115
20.60833	115
20.61667	116
20.62500	117
20.63333	118
20.64167	119
20.65000	120
20.65833	121
20.66667	122
20.67500	123
20.68333	124
20.69167	125
20.70000	126
20.70833	127
20.71667	128
20.72500	129
20.73333	130
20.74167	131
20.75000	132
20.75833	133
20.76667	134
20.77500	136
20.78333	136
20.79167	137
20.80000	138
20.80833	139
20.81667	141
20.82500	142
20.83333	143
20.84167	144
20.85000	145
20.85833	146
20.86667	147
20.87500	148
20.88333	149
20.89167	150
20.90000	151
20.90833	152
20.91667	153
20.92500	154
20.93333	156
20.94167	157
20.95000	158
20.95833	159
20.96667	160
20.97500	160
20.98333	161
20.99167	163
21.00000	164
21.00833	166
21.01667	167
21.02500	168
21.03333	169
21.04167	170
21.05000	171
21.05833	172
21.06667	173
21.07500	174
21.08333	175
21.09167	176
21.10000	177
21.10833	178
21.11667	179
21.12500	180
21.13333	181
21.14167	182
21.15000	183
21.15833	184
21.16667	185
21.17500	186
21.18333	187
21.19167	188
21.20000	189
21.20833	190
21.21667	191
21.22500	192
21.23333	193
21.24167	194
21.25000	195
21.25833	196
21.26667	197
21.27500	198
21.28333	199
21.29167	200
21.30000	201
21.30833	203
21.31667	203
21.32500	204
21.33333	205
21.34167	205
21.35000	206
21.35833	207
21.36667	208
21.37500	209
21.38333	210
21.39167	211
21.40000	212
21.40833	213
21.41667	214
21.42500	214
21.43333	215
21.44167	216
21.45000	217
21.45833	217
21.46667	218
21.47500	219
21.48333	220
21.49167	221
21.50000	222
21.50833	223
21.51667	223
21.52500	224
21.53333	225
21.54167	226
21.55000	227
21.55833	228
21.56667	229
21.57500	230
21.58333	231
21.59167	232
21.60000	233
21.60833	234
21.61667	235
21.62500	236
21.63333	236
21.64167	237
21.65000	238
21.65833	238
21.66667	239
21.67500	240
21.68333	241
21.69167	241
21.70000	242
21.70833	242
21.71667	243
21.72500	244
21.73333	245
21.74167	245
21.75000	246
21.75833	247
21.76667	247
21.77500	248
21.78333	249
21.79167	250
21.80000	250
21.80833	251
21.81667	251
21.82500	252
21.83333	252
21.84167	253
21.85000	254
21.85833	254
21.86667	254
21.87500	254
21.88333	255
21.89167	255
21.90000	256
21.90833	256
21.91667	257
21.92500	257
21.93333	257
21.94167	258
21.95000	258
21.95833	259
21.96667	259
21.97500	260
21.98333	260
21.99167	261
22.00000	261
22.00833	262
22.01667	262
22.02500	263
22.03333	263
22.04167	264
22.05000	265
22.05833	265
22.06667	265
22.07500	266
22.08333	266
22.09167	267
22.10000	267
22.10833	267
22.11667	267
22.12500	268
22.13333	268
22.14167	269
22.15000	269
22.15833	269
22.16667	270
22.17500	270
22.18333	270
22.19167	271
22.20000	271
22.20833	271
22.21667	271
22.22500	271
22.23333	272
22.24167	272
22.25000	272
22.25833	272
22.26667	272
22.27500	272
22.28333	272
22.29167	273
22.30000	272
22.30833	272
22.31667	272
22.32500	272
22.33333	272
22.34167	271
22.35000	271
22.35833	271
22.36667	270
22.37500	269
22.38333	269
22.39167	269
22.40000	268
22.40833	267
22.41667	267
22.42500	266
22.43333	265
22.44167	265
22.45000	264
22.45833	262
22.46667	261
22.47500	260
22.48333	258
22.49167	257
22.50000	255
22.50833	254
22.51667	252
22.52500	250
22.53333	248
22.54167	247
22.55000	244
22.55833	242
22.56667	240
22.57500	238
22.58333	235
22.59167	232
22.60000	229
22.60833	226
22.61667	224
22.62500	221
22.63333	218
22.64167	215
22.65000	212
22.65833	209
22.66667	206
22.67500	203
22.68333	200
22.69167	197
22.70000	195
22.70833	192
22.71667	189
22.72500	187
22.73333	184
22.74167	182
22.75000	179
22.75833	178
22.76667	176
22.77500	175
22.78333	174
22.79167	172
22.80000	170
22.80833	170
22.81667	169
22.82500	169
22.83333	168
22.84167	168
22.85000	169
22.85833	169
22.86667	170
22.87500	171
22.88333	172
22.89167	174
22.90000	176
22.90833	178
22.91667	180
22.92500	182
22.93333	183
22.94167	185
22.95000	187
22.95833	190
22.96667	193
22.97500	196
22.98333	199
22.99167	202
23.00000	205
23.00833	208
23.01667	212
23.02500	215
23.03333	218
23.04167	221
23.05000	224
23.05833	227
23.06667	230
23.07500	233
23.08333	236
23.09167	239
23.10000	241
23.10833	244
23.11667	247
23.12500	249
23.13333	251
23.14167	254
23.15000	256
23.15833	258
23.16667	259
23.17500	261
23.18333	262
23.19167	264
23.20000	265
23.20833	267
23.21667	268
23.22500	270
23.23333	271
23.24167	273
23.25000	274
23.25833	275
23.26667	276
23.27500	276
23.28333	277
23.29167	278
23.30000	278
23.30833	279
23.31667	279
23.32500	280
23.33333	280
23.34167	280
23.35000	280
23.35833	281
23.36667	281
23.37500	281
23.38333	282
23.39167	282
23.40000	283
23.40833	283
23.41667	283
23.42500	283
23.43333	283
23.44167	283
23.45000	283
23.45833	282
23.46667	282
23.47500	282
23.48333	282
23.49167	281
23.50000	281
23.50833	281
23.51667	281
23.52500	281
23.53333	281
23.54167	280
23.55000	279
23.55833	279
23.56667	278
23.57500	278
23.58333	278
23.59167	277
23.60000	277
23.60833	277
23.61667	277
23.62500	277
23.63333	277
23.64167	277
23.65000	277
23.65833	277
23.66667	277
23.67500	276
23.68333	276
23.69167	275
23.70000	275
23.70833	274
23.71667	273
23.72500	272
23.73333	272
23.74167	271
23.75000	271
23.75833	271
23.76667	270
23.77500	270
23.78333	270
23.79167	269
23.80000	268
23.80833	267
23.81667	266
23.82500	266
23.83333	265
23.84167	265
23.85000	264
23.85833	263
23.86667	263
23.87500	263
23.88333	263
23.89167	263
23.90000	263
23.90833	263
23.91667	262
23.92500	261
23.93333	260
23.94167	259
23.95000	258
23.95833	258
23.96667	257
23.97500	256
23.98333	255
23.99167	254
24.00000	254
24.00833	254
24.01667	254
24.02500	253
24.03333	253
24.04167	252
24.05000	252
24.05833	251
24.06667	250
24.07500	249
24.08333	249
24.09167	248
24.10000	247
24.10833	246
24.11667	245
24.12500	245
24.13333	244
24.14167	243
24.15000	241
24.15833	240
24.16667	239
24.17500	238
24.18333	237
24.19167	236
24.20000	235
24.20833	234
24.21667	232
24.22500	231
24.23333	230
24.24167	229
24.25000	228
24.25833	226
24.26667	225
24.27500	223
24.28333	222
24.29167	220
24.30000	219
24.30833	218
24.31667	216
24.32500	216
24.33333	215
24.34167	213
24.35000	212
24.35833	210
24.36667	209
24.37500	207
24.38333	205
24.39167	204
24.40000	202
24.40833	201
24.41667	200
24.42500	199
24.43333	198
24.44167	197
24.45000	196
24.45833	194
24.46667	193
24.47500	192
24.48333	191
24.49167	190
24.50000	189
24.50833	189
24.51667	188
24.52500	187
24.53333	187
24.54167	186
24.55000	186
24.55833	186
24.56667	185
24.57500	185
24.58333	185
24.59167	185
24.60000	185
24.60833	186
24.61667	186
24.62500	187
24.63333	187
24.64167	188
24.65000	189
24.65833	189
24.66667	190
24.67500	191
24.68333	191
24.69167	192
24.70000	192
24.70833	193
24.71667	194
24.72500	195
24.73333	195
24.74167	196
24.75000	197
24.75833	197
24.76667	198
24.77500	199
24.78333	200
24.79167	201
24.80000	202
24.80833	203
24.81667	203
24.82500	204
24.83333	205
24.84167	205
24.85000	205
24.85833	206
24.86667	206
24.87500	207
24.88333	208
24.89167	208
24.90000	209
24.90833	210
24.91667	211
24.92500	212
24.93333	212
24.94167	213
24.95000	214
24.95833	214
24.96667	215
24.97500	215
24.98333	216
24.99167	216
25.00000	217
25.00833	217
25.01667	217
25.02500	218
25.03333	218
25.04167	219
25.05000	219
25.05833	220
25.06667	220
25.07500	220
25.08333	220
25.09167	220
25.10000	220
25.10833	220
25.11667	220
25.12500	220
25.13333	220
25.14167	220
25.15000	220
25.15833	220
25.16667	220
25.17500	220
25.18333	219
25.19167	219
25.20000	219
25.20833	218
25.21667	218
25.22500	217
25.23333	217
25.24167	216
25.25000	216
25.25833	216
25.26667	216
25.27500	215
25.28333	214
25.29167	213
25.30000	213
25.30833	212
25.31667	212
25.32500	211
25.33333	210
25.34167	209
25.35000	208
25.35833	207
25.36667	206
25.37500	206
25.38333	205
25.39167	204
25.40000	203
25.40833	203
25.41667	202
25.42500	201
25.43333	200
25.44167	200
25.45000	199
25.45833	198
25.46667	197
25.47500	197
25.48333	196
25.49167	195
25.50000	195
25.50833	194
25.51667	193
25.52500	193
25.53333	192
25.54167	192
25.55000	191
25.55833	191
25.56667	191
25.57500	190
25.58333	190
25.59167	190
25.60000	190
25.60833	190
25.61667	190
25.62500	190
25.63333	190
25.64167	189
25.65000	189
25.65833	188
25.66667	187
25.67500	187
25.68333	187
25.69167	187
25.70000	187
25.70833	187
25.71667	186
25.72500	186
25.73333	186
25.74167	186
25.75000	186
25.75833	186
25.76667	186
25.77500	186
25.78333	186
25.79167	186
25.80000	185
25.80833	185
25.81667	186
25.82500	185
25.83333	185
25.84167	186
25.85000	186
25.85833	186
25.86667	186
25.87500	186
25.88333	186
25.89167	185
25.90000	186
25.90833	186
25.91667	186
25.92500	186
25.93333	187
25.94167	187
25.95000	187
25.95833	187
25.96667	187
25.97500	187
25.98333	187
25.99167	188
26.00000	188
26.00833	188
26.01667	189
26.02500	189
26.03333	189
26.04167	189
26.05000	189
26.05833	189
26.06667	189
26.07500	189
26.08333	190
26.09167	190
26.10000	191
26.10833	191
26.11667	192
26.12500	192
26.13333	192
26.14167	192
26.15000	192
26.15833	193
26.16667	193
26.17500	194
26.18333	195
26.19167	195
26.20000	196
26.20833	196
26.21667	197
26.22500	197
26.23333	197
26.24167	197
26.25000	198
26.25833	199
26.26667	200
26.27500	200
26.28333	201
26.29167	201
26.30000	202
26.30833	203
26.31667	203
26.32500	204
26.33333	204
26.34167	205
26.35000	206
26.35833	206
26.36667	207
26.37500	208
26.38333	208
26.39167	208
26.40000	209
26.40833	209
26.41667	209
26.42500	209
26.43333	210
26.44167	210
26.45000	210
26.45833	210
26.46667	209
26.47500	209
26.48333	208
26.49167	208
26.50000	207
26.50833	206
26.51667	205
26.52500	204
26.53333	204
26.54167	202
26.55000	201
26.55833	199
26.56667	197
26.57500	196
26.58333	194
26.59167	191
26.60000	189
26.60833	187
26.61667	184
26.62500	182
26.63333	179
26.64167	176
26.65000	174
26.65833	171
26.66667	168
26.67500	165
26.68333	162
26.69167	159
26.70000	156
26.70833	153
26.71667	150
26.72500	147
26.73333	144
26.74167	141
26.75000	138
26.75833	135
26.76667	132
26.77500	129
26.78333	127
26.79167	124
26.80000	122
26.80833	119
26.81667	116
26.82500	113
26.83333	110
26.84167	107
26.85000	104
26.85833	102
26.86667	100
26.87500	97
26.88333	95
26.89167	93
26.90000	91
26.90833	88
26.91667	86
26.92500	84
26.93333	82
26.94167	80
26.95000	78
26.95833	77
26.96667	75
26.97500	73
26.98333	72
26.99167	71
27.00000	69
27.00833	68
27.01667	66
27.02500	65
27.03333	63
27.04167	62
27.05000	61
27.05833	60
27.06667	58
27.07500	56
27.08333	55
27.09167	54
27.10000	53
27.10833	51
27.11667	50
27.12500	49
27.13333	48
27.14167	47
27.15000	46
27.15833	45
27.16667	44
27.17500	43
27.18333	42
27.19167	41
27.20000	40
27.20833	39
27.21667	38
27.22500	37
27.23333	37
27.24167	36
27.25000	35
27.25833	34
27.26667	33
27.27500	32
27.28333	31
27.29167	31
27.30000	30
27.30833	29
27.31667	28
27.32500	26
27.33333	25
27.34167	24
27.35000	24
27.35833	23
27.36667	22
27.37500	22
27.38333	21
27.39167	20
27.40000	20
27.40833	20
27.41667	19
27.42500	18
27.43333	18
27.44167	17
27.45000	17
27.45833	16
27.46667	16
27.47500	15
27.48333	15
27.49167	15
27.50000	14
27.50833	14
27.51667	13
27.52500	13
27.53333	13
27.54167	12
27.55000	12
27.55833	12
27.56667	11
27.57500	11
27.58333	10
27.59167	9
27.60000	9
27.60833	8
27.61667	8
27.62500	8
27.63333	7
27.64167	7
27.65000	6
27.65833	6
27.66667	5
27.67500	5
27.68333	4
27.69167	4
27.70000	4
27.70833	4
27.71667	3
27.72500	3
27.73333	2
27.74167	1
27.75000	1
27.75833	0
27.76667	-0
27.77500	-0
27.78333	-1
27.79167	-1
27.80000	-1
27.80833	-2
27.81667	-2
27.82500	-2
27.83333	-3
27.84167	-3
27.85000	-3
27.85833	-4
27.86667	-5
27.87500	-5
27.88333	-6
27.89167	-7
27.90000	-8
27.90833	-9
27.91667	-9
27.92500	-9
27.93333	-10
27.94167	-11
27.95000	-11
27.95833	-11
27.96667	-12
27.97500	-13
27.98333	-13
27.99167	-14
28.00000	-15

