R.Time (min)	Intensity
0.00000	-32
0.00833	-32
0.01667	-0
0.02500	-1
0.03333	-1
0.04167	-2
0.05000	-3
0.05833	-4
0.06667	-4
0.07500	-5
0.08333	-5
0.09167	-6
0.10000	-6
0.10833	-7
0.11667	-7
0.12500	-8
0.13333	-8
0.14167	-8
0.15000	-9
0.15833	-9
0.16667	-10
0.17500	-10
0.18333	-10
0.19167	-11
0.20000	-11
0.20833	-12
0.21667	-13
0.22500	-13
0.23333	-14
0.24167	-14
0.25000	-15
0.25833	-16
0.26667	-17
0.27500	-17
0.28333	-18
0.29167	-18
0.30000	-19
0.30833	-19
0.31667	-20
0.32500	-21
0.33333	-22
0.34167	-23
0.35000	-24
0.35833	-25
0.36667	-26
0.37500	-26
0.38333	-26
0.39167	-26
0.40000	-27
0.40833	-27
0.41667	-28
0.42500	-29
0.43333	-29
0.44167	-30
0.45000	-30
0.45833	-31
0.46667	-32
0.47500	-33
0.48333	-34
0.49167	-35
0.50000	-36
0.50833	-37
0.51667	-38
0.52500	-38
0.53333	-38
0.54167	-39
0.55000	-40
0.55833	-40
0.56667	-41
0.57500	-41
0.58333	-42
0.59167	-42
0.60000	-42
0.60833	-43
0.61667	-44
0.62500	-45
0.63333	-45
0.64167	-46
0.65000	-46
0.65833	-47
0.66667	-47
0.67500	-47
0.68333	-48
0.69167	-48
0.70000	-49
0.70833	-49
0.71667	-50
0.72500	-50
0.73333	-50
0.74167	-51
0.75000	-51
0.75833	-51
0.76667	-52
0.77500	-53
0.78333	-53
0.79167	-54
0.80000	-54
0.80833	-54
0.81667	-54
0.82500	-55
0.83333	-55
0.84167	-55
0.85000	-56
0.85833	-56
0.86667	-56
0.87500	-57
0.88333	-57
0.89167	-58
0.90000	-58
0.90833	-59
0.91667	-59
0.92500	-60
0.93333	-61
0.94167	-62
0.95000	-62
0.95833	-62
0.96667	-63
0.97500	-63
0.98333	-63
0.99167	-64
1.00000	-64
1.00833	-65
1.01667	-65
1.02500	-66
1.03333	-67
1.04167	-67
1.05000	-68
1.05833	-69
1.06667	-69
1.07500	-70
1.08333	-70
1.09167	-71
1.10000	-71
1.10833	-71
1.11667	-71
1.12500	-71
1.13333	-71
1.14167	-72
1.15000	-72
1.15833	-73
1.16667	-74
1.17500	-74
1.18333	-74
1.19167	-75
1.20000	-75
1.20833	-76
1.21667	-76
1.22500	-76
1.23333	-77
1.24167	-77
1.25000	-78
1.25833	-78
1.26667	-79
1.27500	-79
1.28333	-80
1.29167	-80
1.30000	-81
1.30833	-81
1.31667	-82
1.32500	-82
1.33333	-82
1.34167	-82
1.35000	-82
1.35833	-83
1.36667	-83
1.37500	-83
1.38333	-84
1.39167	-84
1.40000	-85
1.40833	-85
1.41667	-86
1.42500	-86
1.43333	-86
1.44167	-87
1.45000	-87
1.45833	-87
1.46667	-88
1.47500	-88
1.48333	-89
1.49167	-90
1.50000	-90
1.50833	-91
1.51667	-92
1.52500	-92
1.53333	-93
1.54167	-93
1.55000	-94
1.55833	-94
1.56667	-95
1.57500	-95
1.58333	-95
1.59167	-95
1.60000	-96
1.60833	-96
1.61667	-97
1.62500	-97
1.63333	-98
1.64167	-98
1.65000	-99
1.65833	-100
1.66667	-101
1.67500	-101
1.68333	-102
1.69167	-102
1.70000	-103
1.70833	-104
1.71667	-104
1.72500	-104
1.73333	-104
1.74167	-105
1.75000	-105
1.75833	-106
1.76667	-106
1.77500	-107
1.78333	-107
1.79167	-108
1.80000	-108
1.80833	-108
1.81667	-108
1.82500	-108
1.83333	-109
1.84167	-109
1.85000	-109
1.85833	-109
1.86667	-110
1.87500	-110
1.88333	-110
1.89167	-111
1.90000	-111
1.90833	-111
1.91667	-111
1.92500	-111
1.93333	-111
1.94167	-111
1.95000	-111
1.95833	-112
1.96667	-112
1.97500	-112
1.98333	-113
1.99167	-113
2.00000	-113
2.00833	-114
2.01667	-114
2.02500	-114
2.03333	-114
2.04167	-113
2.05000	-114
2.05833	-114
2.06667	-114
2.07500	-115
2.08333	-115
2.09167	-115
2.10000	-115
2.10833	-115
2.11667	-116
2.12500	-116
2.13333	-116
2.14167	-116
2.15000	-116
2.15833	-116
2.16667	-116
2.17500	-116
2.18333	-116
2.19167	-116
2.20000	-116
2.20833	-116
2.21667	-116
2.22500	-116
2.23333	-115
2.24167	-115
2.25000	-115
2.25833	-114
2.26667	-113
2.27500	-113
2.28333	-112
2.29167	-111
2.30000	-110
2.30833	-110
2.31667	-109
2.32500	-108
2.33333	-107
2.34167	-106
2.35000	-105
2.35833	-104
2.36667	-103
2.37500	-102
2.38333	-100
2.39167	-99
2.40000	-97
2.40833	-95
2.41667	-93
2.42500	-91
2.43333	-89
2.44167	-86
2.45000	-84
2.45833	-81
2.46667	-77
2.47500	-74
2.48333	-70
2.49167	-67
2.50000	-63
2.50833	-60
2.51667	-56
2.52500	-51
2.53333	-47
2.54167	-41
2.55000	-36
2.55833	-31
2.56667	-25
2.57500	-20
2.58333	-13
2.59167	-7
2.60000	0
2.60833	8
2.61667	16
2.62500	24
2.63333	33
2.64167	42
2.65000	52
2.65833	62
2.66667	73
2.67500	85
2.68333	96
2.69167	108
2.70000	121
2.70833	135
2.71667	150
2.72500	165
2.73333	181
2.74167	198
2.75000	216
2.75833	235
2.76667	255
2.77500	275
2.78333	297
2.79167	320
2.80000	344
2.80833	370
2.81667	397
2.82500	425
2.83333	454
2.84167	485
2.85000	518
2.85833	552
2.86667	589
2.87500	627
2.88333	667
2.89167	708
2.90000	751
2.90833	796
2.91667	844
2.92500	894
2.93333	946
2.94167	1001
2.95000	1058
2.95833	1117
2.96667	1179
2.97500	1243
2.98333	1309
2.99167	1378
3.00000	1449
3.00833	1523
3.01667	1599
3.02500	1678
3.03333	1758
3.04167	1840
3.05000	1925
3.05833	2012
3.06667	2100
3.07500	2190
3.08333	2282
3.09167	2375
3.10000	2470
3.10833	2565
3.11667	2661
3.12500	2758
3.13333	2854
3.14167	2950
3.15000	3046
3.15833	3142
3.16667	3236
3.17500	3330
3.18333	3421
3.19167	3511
3.20000	3598
3.20833	3682
3.21667	3764
3.22500	3843
3.23333	3917
3.24167	3988
3.25000	4054
3.25833	4117
3.26667	4174
3.27500	4227
3.28333	4274
3.29167	4317
3.30000	4354
3.30833	4385
3.31667	4410
3.32500	4429
3.33333	4442
3.34167	4449
3.35000	4450
3.35833	4444
3.36667	4433
3.37500	4415
3.38333	4391
3.39167	4362
3.40000	4326
3.40833	4286
3.41667	4240
3.42500	4188
3.43333	4132
3.44167	4071
3.45000	4005
3.45833	3936
3.46667	3863
3.47500	3786
3.48333	3706
3.49167	3622
3.50000	3536
3.50833	3447
3.51667	3357
3.52500	3264
3.53333	3170
3.54167	3075
3.55000	2980
3.55833	2883
3.56667	2787
3.57500	2690
3.58333	2594
3.59167	2498
3.60000	2403
3.60833	2309
3.61667	2216
3.62500	2125
3.63333	2035
3.64167	1946
3.65000	1860
3.65833	1775
3.66667	1692
3.67500	1612
3.68333	1534
3.69167	1458
3.70000	1384
3.70833	1313
3.71667	1244
3.72500	1178
3.73333	1114
3.74167	1053
3.75000	994
3.75833	938
3.76667	884
3.77500	833
3.78333	785
3.79167	738
3.80000	694
3.80833	652
3.81667	612
3.82500	575
3.83333	539
3.84167	506
3.85000	474
3.85833	444
3.86667	416
3.87500	389
3.88333	364
3.89167	340
3.90000	318
3.90833	297
3.91667	277
3.92500	259
3.93333	242
3.94167	226
3.95000	211
3.95833	197
3.96667	184
3.97500	171
3.98333	160
3.99167	149
4.00000	139
4.00833	129
4.01667	121
4.02500	112
4.03333	104
4.04167	97
4.05000	90
4.05833	82
4.06667	76
4.07500	70
4.08333	63
4.09167	57
4.10000	52
4.10833	47
4.11667	41
4.12500	36
4.13333	32
4.14167	27
4.15000	22
4.15833	17
4.16667	13
4.17500	8
4.18333	4
4.19167	0
4.20000	-4
4.20833	-8
4.21667	-12
4.22500	-16
4.23333	-21
4.24167	-25
4.25000	-29
4.25833	-33
4.26667	-37
4.27500	-41
4.28333	-45
4.29167	-48
4.30000	-52
4.30833	-56
4.31667	-60
4.32500	-63
4.33333	-67
4.34167	-70
4.35000	-74
4.35833	-77
4.36667	-81
4.37500	-84
4.38333	-86
4.39167	-89
4.40000	-92
4.40833	-95
4.41667	-97
4.42500	-100
4.43333	-103
4.44167	-106
4.45000	-108
4.45833	-110
4.46667	-112
4.47500	-114
4.48333	-116
4.49167	-118
4.50000	-119
4.50833	-121
4.51667	-123
4.52500	-124
4.53333	-126
4.54167	-127
4.55000	-127
4.55833	-128
4.56667	-129
4.57500	-130
4.58333	-130
4.59167	-131
4.60000	-132
4.60833	-133
4.61667	-133
4.62500	-133
4.63333	-133
4.64167	-133
4.65000	-133
4.65833	-133
4.66667	-133
4.67500	-133
4.68333	-134
4.69167	-134
4.70000	-134
4.70833	-135
4.71667	-135
4.72500	-135
4.73333	-135
4.74167	-134
4.75000	-134
4.75833	-134
4.76667	-133
4.77500	-133
4.78333	-132
4.79167	-132
4.80000	-132
4.80833	-132
4.81667	-131
4.82500	-131
4.83333	-130
4.84167	-130
4.85000	-130
4.85833	-130
4.86667	-130
4.87500	-130
4.88333	-130
4.89167	-131
4.90000	-131
4.90833	-130
4.91667	-130
4.92500	-130
4.93333	-129
4.94167	-129
4.95000	-129
4.95833	-128
4.96667	-129
4.97500	-128
4.98333	-128
4.99167	-128
5.00000	-128
5.00833	-128
5.01667	-128
5.02500	-128
5.03333	-128
5.04167	-127
5.05000	-128
5.05833	-128
5.06667	-128
5.07500	-129
5.08333	-129
5.09167	-129
5.10000	-129
5.10833	-129
5.11667	-129
5.12500	-129
5.13333	-129
5.14167	-130
5.15000	-129
5.15833	-129
5.16667	-129
5.17500	-129
5.18333	-128
5.19167	-128
5.20000	-129
5.20833	-129
5.21667	-129
5.22500	-129
5.23333	-130
5.24167	-130
5.25000	-131
5.25833	-131
5.26667	-131
5.27500	-132
5.28333	-132
5.29167	-132
5.30000	-132
5.30833	-133
5.31667	-133
5.32500	-133
5.33333	-133
5.34167	-133
5.35000	-134
5.35833	-134
5.36667	-134
5.37500	-134
5.38333	-135
5.39167	-135
5.40000	-136
5.40833	-136
5.41667	-137
5.42500	-137
5.43333	-137
5.44167	-138
5.45000	-138
5.45833	-138
5.46667	-139
5.47500	-139
5.48333	-139
5.49167	-140
5.50000	-141
5.50833	-141
5.51667	-141
5.52500	-142
5.53333	-142
5.54167	-142
5.55000	-143
5.55833	-143
5.56667	-144
5.57500	-144
5.58333	-145
5.59167	-146
5.60000	-146
5.60833	-146
5.61667	-146
5.62500	-147
5.63333	-147
5.64167	-148
5.65000	-148
5.65833	-149
5.66667	-149
5.67500	-149
5.68333	-149
5.69167	-150
5.70000	-151
5.70833	-152
5.71667	-152
5.72500	-152
5.73333	-153
5.74167	-153
5.75000	-153
5.75833	-153
5.76667	-153
5.77500	-153
5.78333	-153
5.79167	-153
5.80000	-153
5.80833	-153
5.81667	-153
5.82500	-153
5.83333	-154
5.84167	-154
5.85000	-154
5.85833	-154
5.86667	-154
5.87500	-155
5.88333	-155
5.89167	-155
5.90000	-155
5.90833	-155
5.91667	-155
5.92500	-155
5.93333	-155
5.94167	-155
5.95000	-155
5.95833	-155
5.96667	-155
5.97500	-155
5.98333	-155
5.99167	-155
6.00000	-156
6.00833	-156
6.01667	-156
6.02500	-157
6.03333	-156
6.04167	-156
6.05000	-156
6.05833	-156
6.06667	-156
6.07500	-155
6.08333	-155
6.09167	-155
6.10000	-155
6.10833	-155
6.11667	-155
6.12500	-155
6.13333	-155
6.14167	-155
6.15000	-155
6.15833	-154
6.16667	-154
6.17500	-154
6.18333	-154
6.19167	-155
6.20000	-155
6.20833	-155
6.21667	-155
6.22500	-155
6.23333	-155
6.24167	-155
6.25000	-155
6.25833	-155
6.26667	-155
6.27500	-155
6.28333	-155
6.29167	-155
6.30000	-154
6.30833	-154
6.31667	-154
6.32500	-154
6.33333	-154
6.34167	-154
6.35000	-154
6.35833	-154
6.36667	-154
6.37500	-154
6.38333	-154
6.39167	-154
6.40000	-154
6.40833	-154
6.41667	-154
6.42500	-154
6.43333	-154
6.44167	-154
6.45000	-154
6.45833	-155
6.46667	-155
6.47500	-155
6.48333	-155
6.49167	-155
6.50000	-155
6.50833	-155
6.51667	-155
6.52500	-155
6.53333	-155
6.54167	-156
6.55000	-156
6.55833	-156
6.56667	-156
6.57500	-156
6.58333	-155
6.59167	-155
6.60000	-155
6.60833	-156
6.61667	-156
6.62500	-156
6.63333	-156
6.64167	-156
6.65000	-155
6.65833	-155
6.66667	-155
6.67500	-155
6.68333	-155
6.69167	-156
6.70000	-156
6.70833	-156
6.71667	-156
6.72500	-156
6.73333	-156
6.74167	-156
6.75000	-155
6.75833	-156
6.76667	-156
6.77500	-156
6.78333	-157
6.79167	-157
6.80000	-157
6.80833	-158
6.81667	-158
6.82500	-158
6.83333	-158
6.84167	-158
6.85000	-158
6.85833	-157
6.86667	-157
6.87500	-157
6.88333	-157
6.89167	-157
6.90000	-157
6.90833	-157
6.91667	-157
6.92500	-158
6.93333	-158
6.94167	-158
6.95000	-158
6.95833	-158
6.96667	-158
6.97500	-158
6.98333	-158
6.99167	-159
7.00000	-159
7.00833	-159
7.01667	-159
7.02500	-159
7.03333	-160
7.04167	-160
7.05000	-161
7.05833	-162
7.06667	-162
7.07500	-162
7.08333	-163
7.09167	-163
7.10000	-163
7.10833	-164
7.11667	-164
7.12500	-164
7.13333	-164
7.14167	-165
7.15000	-165
7.15833	-165
7.16667	-166
7.17500	-166
7.18333	-166
7.19167	-166
7.20000	-166
7.20833	-166
7.21667	-166
7.22500	-166
7.23333	-166
7.24167	-166
7.25000	-166
7.25833	-166
7.26667	-166
7.27500	-165
7.28333	-165
7.29167	-165
7.30000	-165
7.30833	-164
7.31667	-163
7.32500	-162
7.33333	-160
7.34167	-157
7.35000	-153
7.35833	-148
7.36667	-142
7.37500	-134
7.38333	-124
7.39167	-112
7.40000	-98
7.40833	-81
7.41667	-63
7.42500	-42
7.43333	-20
7.44167	3
7.45000	27
7.45833	50
7.46667	73
7.47500	94
7.48333	112
7.49167	127
7.50000	139
7.50833	147
7.51667	150
7.52500	151
7.53333	147
7.54167	141
7.55000	131
7.55833	118
7.56667	103
7.57500	87
7.58333	70
7.59167	52
7.60000	34
7.60833	17
7.61667	1
7.62500	-14
7.63333	-28
7.64167	-42
7.65000	-55
7.65833	-66
7.66667	-77
7.67500	-87
7.68333	-95
7.69167	-102
7.70000	-109
7.70833	-114
7.71667	-119
7.72500	-124
7.73333	-128
7.74167	-132
7.75000	-136
7.75833	-138
7.76667	-141
7.77500	-144
7.78333	-146
7.79167	-148
7.80000	-149
7.80833	-150
7.81667	-152
7.82500	-153
7.83333	-154
7.84167	-155
7.85000	-156
7.85833	-157
7.86667	-158
7.87500	-159
7.88333	-159
7.89167	-159
7.90000	-160
7.90833	-160
7.91667	-160
7.92500	-161
7.93333	-161
7.94167	-161
7.95000	-161
7.95833	-162
7.96667	-162
7.97500	-162
7.98333	-163
7.99167	-163
8.00000	-164
8.00833	-164
8.01667	-164
8.02500	-164
8.03333	-164
8.04167	-164
8.05000	-164
8.05833	-165
8.06667	-165
8.07500	-165
8.08333	-166
8.09167	-166
8.10000	-166
8.10833	-166
8.11667	-166
8.12500	-166
8.13333	-166
8.14167	-167
8.15000	-167
8.15833	-168
8.16667	-168
8.17500	-168
8.18333	-169
8.19167	-170
8.20000	-170
8.20833	-170
8.21667	-170
8.22500	-170
8.23333	-171
8.24167	-171
8.25000	-171
8.25833	-172
8.26667	-172
8.27500	-172
8.28333	-172
8.29167	-172
8.30000	-172
8.30833	-172
8.31667	-172
8.32500	-172
8.33333	-173
8.34167	-173
8.35000	-173
8.35833	-173
8.36667	-173
8.37500	-174
8.38333	-173
8.39167	-173
8.40000	-173
8.40833	-173
8.41667	-173
8.42500	-173
8.43333	-173
8.44167	-173
8.45000	-173
8.45833	-173
8.46667	-173
8.47500	-173
8.48333	-173
8.49167	-173
8.50000	-173
8.50833	-173
8.51667	-173
8.52500	-172
8.53333	-172
8.54167	-172
8.55000	-172
8.55833	-172
8.56667	-172
8.57500	-172
8.58333	-172
8.59167	-172
8.60000	-172
8.60833	-172
8.61667	-172
8.62500	-173
8.63333	-173
8.64167	-174
8.65000	-174
8.65833	-174
8.66667	-175
8.67500	-175
8.68333	-175
8.69167	-175
8.70000	-175
8.70833	-175
8.71667	-175
8.72500	-175
8.73333	-175
8.74167	-175
8.75000	-175
8.75833	-175
8.76667	-176
8.77500	-176
8.78333	-176
8.79167	-175
8.80000	-175
8.80833	-176
8.81667	-176
8.82500	-176
8.83333	-176
8.84167	-177
8.85000	-177
8.85833	-177
8.86667	-177
8.87500	-177
8.88333	-177
8.89167	-177
8.90000	-176
8.90833	-176
8.91667	-176
8.92500	-176
8.93333	-175
8.94167	-175
8.95000	-176
8.95833	-176
8.96667	-176
8.97500	-176
8.98333	-176
8.99167	-176
9.00000	-176
9.00833	-176
9.01667	-176
9.02500	-176
9.03333	-176
9.04167	-175
9.05000	-175
9.05833	-175
9.06667	-175
9.07500	-174
9.08333	-174
9.09167	-173
9.10000	-172
9.10833	-172
9.11667	-171
9.12500	-171
9.13333	-170
9.14167	-170
9.15000	-169
9.15833	-169
9.16667	-169
9.17500	-168
9.18333	-168
9.19167	-167
9.20000	-166
9.20833	-165
9.21667	-164
9.22500	-163
9.23333	-162
9.24167	-161
9.25000	-160
9.25833	-158
9.26667	-157
9.27500	-156
9.28333	-155
9.29167	-154
9.30000	-153
9.30833	-151
9.31667	-150
9.32500	-148
9.33333	-147
9.34167	-146
9.35000	-145
9.35833	-143
9.36667	-142
9.37500	-141
9.38333	-139
9.39167	-137
9.40000	-136
9.40833	-134
9.41667	-133
9.42500	-131
9.43333	-130
9.44167	-128
9.45000	-127
9.45833	-125
9.46667	-124
9.47500	-122
9.48333	-121
9.49167	-119
9.50000	-118
9.50833	-117
9.51667	-115
9.52500	-113
9.53333	-112
9.54167	-110
9.55000	-109
9.55833	-108
9.56667	-107
9.57500	-107
9.58333	-106
9.59167	-105
9.60000	-104
9.60833	-103
9.61667	-103
9.62500	-102
9.63333	-102
9.64167	-101
9.65000	-101
9.65833	-100
9.66667	-100
9.67500	-100
9.68333	-100
9.69167	-100
9.70000	-101
9.70833	-101
9.71667	-102
9.72500	-103
9.73333	-104
9.74167	-104
9.75000	-105
9.75833	-106
9.76667	-107
9.77500	-108
9.78333	-108
9.79167	-109
9.80000	-110
9.80833	-111
9.81667	-112
9.82500	-113
9.83333	-114
9.84167	-115
9.85000	-116
9.85833	-118
9.86667	-119
9.87500	-121
9.88333	-123
9.89167	-124
9.90000	-125
9.90833	-125
9.91667	-126
9.92500	-128
9.93333	-129
9.94167	-131
9.95000	-132
9.95833	-134
9.96667	-135
9.97500	-137
9.98333	-138
9.99167	-140
10.00000	-141
10.00833	-142
10.01667	-143
10.02500	-144
10.03333	-146
10.04167	-147
10.05000	-147
10.05833	-148
10.06667	-150
10.07500	-151
10.08333	-152
10.09167	-154
10.10000	-155
10.10833	-157
10.11667	-158
10.12500	-159
10.13333	-160
10.14167	-162
10.15000	-163
10.15833	-164
10.16667	-165
10.17500	-166
10.18333	-167
10.19167	-168
10.20000	-169
10.20833	-170
10.21667	-171
10.22500	-173
10.23333	-174
10.24167	-175
10.25000	-176
10.25833	-177
10.26667	-178
10.27500	-179
10.28333	-180
10.29167	-180
10.30000	-181
10.30833	-182
10.31667	-182
10.32500	-183
10.33333	-184
10.34167	-185
10.35000	-185
10.35833	-186
10.36667	-187
10.37500	-188
10.38333	-189
10.39167	-189
10.40000	-190
10.40833	-190
10.41667	-191
10.42500	-190
10.43333	-190
10.44167	-190
10.45000	-190
10.45833	-189
10.46667	-188
10.47500	-188
10.48333	-187
10.49167	-186
10.50000	-185
10.50833	-184
10.51667	-183
10.52500	-181
10.53333	-180
10.54167	-178
10.55000	-176
10.55833	-174
10.56667	-172
10.57500	-170
10.58333	-168
10.59167	-166
10.60000	-164
10.60833	-162
10.61667	-160
10.62500	-158
10.63333	-157
10.64167	-156
10.65000	-156
10.65833	-156
10.66667	-156
10.67500	-156
10.68333	-157
10.69167	-158
10.70000	-159
10.70833	-160
10.71667	-162
10.72500	-163
10.73333	-165
10.74167	-167
10.75000	-169
10.75833	-171
10.76667	-173
10.77500	-175
10.78333	-178
10.79167	-180
10.80000	-182
10.80833	-183
10.81667	-185
10.82500	-186
10.83333	-187
10.84167	-189
10.85000	-191
10.85833	-192
10.86667	-193
10.87500	-194
10.88333	-195
10.89167	-196
10.90000	-196
10.90833	-197
10.91667	-197
10.92500	-198
10.93333	-198
10.94167	-198
10.95000	-199
10.95833	-199
10.96667	-200
10.97500	-200
10.98333	-201
10.99167	-201
11.00000	-201
11.00833	-201
11.01667	-201
11.02500	-201
11.03333	-201
11.04167	-202
11.05000	-202
11.05833	-202
11.06667	-202
11.07500	-202
11.08333	-202
11.09167	-202
11.10000	-202
11.10833	-202
11.11667	-202
11.12500	-202
11.13333	-202
11.14167	-202
11.15000	-202
11.15833	-201
11.16667	-201
11.17500	-201
11.18333	-200
11.19167	-200
11.20000	-199
11.20833	-199
11.21667	-199
11.22500	-199
11.23333	-200
11.24167	-200
11.25000	-201
11.25833	-201
11.26667	-201
11.27500	-201
11.28333	-201
11.29167	-200
11.30000	-200
11.30833	-200
11.31667	-200
11.32500	-200
11.33333	-201
11.34167	-201
11.35000	-202
11.35833	-202
11.36667	-202
11.37500	-202
11.38333	-202
11.39167	-202
11.40000	-202
11.40833	-202
11.41667	-203
11.42500	-203
11.43333	-203
11.44167	-203
11.45000	-203
11.45833	-203
11.46667	-203
11.47500	-203
11.48333	-204
11.49167	-203
11.50000	-203
11.50833	-203
11.51667	-203
11.52500	-203
11.53333	-204
11.54167	-204
11.55000	-204
11.55833	-203
11.56667	-203
11.57500	-203
11.58333	-202
11.59167	-202
11.60000	-202
11.60833	-202
11.61667	-202
11.62500	-202
11.63333	-202
11.64167	-202
11.65000	-202
11.65833	-202
11.66667	-202
11.67500	-201
11.68333	-201
11.69167	-201
11.70000	-201
11.70833	-201
11.71667	-201
11.72500	-201
11.73333	-202
11.74167	-202
11.75000	-202
11.75833	-202
11.76667	-201
11.77500	-202
11.78333	-202
11.79167	-202
11.80000	-202
11.80833	-203
11.81667	-203
11.82500	-203
11.83333	-203
11.84167	-203
11.85000	-203
11.85833	-202
11.86667	-202
11.87500	-202
11.88333	-202
11.89167	-202
11.90000	-202
11.90833	-202
11.91667	-203
11.92500	-203
11.93333	-203
11.94167	-203
11.95000	-203
11.95833	-203
11.96667	-203
11.97500	-203
11.98333	-202
11.99167	-202
12.00000	-202
12.00833	-202
12.01667	-202
12.02500	-202
12.03333	-201
12.04167	-201
12.05000	-201
12.05833	-201
12.06667	-201
12.07500	-201
12.08333	-201
12.09167	-201
12.10000	-201
12.10833	-201
12.11667	-201
12.12500	-201
12.13333	-201
12.14167	-201
12.15000	-201
12.15833	-201
12.16667	-201
12.17500	-201
12.18333	-201
12.19167	-201
12.20000	-201
12.20833	-200
12.21667	-200
12.22500	-200
12.23333	-200
12.24167	-200
12.25000	-200
12.25833	-200
12.26667	-200
12.27500	-200
12.28333	-200
12.29167	-200
12.30000	-200
12.30833	-199
12.31667	-199
12.32500	-199
12.33333	-199
12.34167	-198
12.35000	-197
12.35833	-197
12.36667	-197
12.37500	-197
12.38333	-197
12.39167	-197
12.40000	-197
12.40833	-197
12.41667	-197
12.42500	-197
12.43333	-197
12.44167	-197
12.45000	-196
12.45833	-197
12.46667	-196
12.47500	-196
12.48333	-196
12.49167	-196
12.50000	-196
12.50833	-195
12.51667	-195
12.52500	-194
12.53333	-194
12.54167	-194
12.55000	-193
12.55833	-192
12.56667	-192
12.57500	-191
12.58333	-191
12.59167	-191
12.60000	-191
12.60833	-191
12.61667	-190
12.62500	-189
12.63333	-189
12.64167	-188
12.65000	-187
12.65833	-187
12.66667	-186
12.67500	-186
12.68333	-186
12.69167	-186
12.70000	-185
12.70833	-185
12.71667	-185
12.72500	-184
12.73333	-184
12.74167	-183
12.75000	-183
12.75833	-183
12.76667	-183
12.77500	-183
12.78333	-183
12.79167	-182
12.80000	-182
12.80833	-181
12.81667	-181
12.82500	-181
12.83333	-181
12.84167	-181
12.85000	-181
12.85833	-181
12.86667	-181
12.87500	-181
12.88333	-180
12.89167	-180
12.90000	-180
12.90833	-180
12.91667	-180
12.92500	-179
12.93333	-179
12.94167	-179
12.95000	-178
12.95833	-178
12.96667	-178
12.97500	-178
12.98333	-178
12.99167	-179
13.00000	-179
13.00833	-179
13.01667	-180
13.02500	-180
13.03333	-179
13.04167	-179
13.05000	-179
13.05833	-180
13.06667	-179
13.07500	-180
13.08333	-180
13.09167	-179
13.10000	-179
13.10833	-179
13.11667	-179
13.12500	-179
13.13333	-179
13.14167	-179
13.15000	-179
13.15833	-179
13.16667	-178
13.17500	-178
13.18333	-178
13.19167	-177
13.20000	-177
13.20833	-176
13.21667	-175
13.22500	-175
13.23333	-174
13.24167	-173
13.25000	-173
13.25833	-173
13.26667	-172
13.27500	-171
13.28333	-170
13.29167	-169
13.30000	-168
13.30833	-167
13.31667	-165
13.32500	-164
13.33333	-163
13.34167	-161
13.35000	-160
13.35833	-159
13.36667	-157
13.37500	-154
13.38333	-152
13.39167	-150
13.40000	-147
13.40833	-144
13.41667	-141
13.42500	-139
13.43333	-136
13.44167	-133
13.45000	-130
13.45833	-126
13.46667	-123
13.47500	-119
13.48333	-116
13.49167	-113
13.50000	-110
13.50833	-107
13.51667	-105
13.52500	-103
13.53333	-101
13.54167	-100
13.55000	-99
13.55833	-98
13.56667	-98
13.57500	-98
13.58333	-98
13.59167	-98
13.60000	-99
13.60833	-100
13.61667	-101
13.62500	-103
13.63333	-104
13.64167	-105
13.65000	-107
13.65833	-108
13.66667	-109
13.67500	-110
13.68333	-112
13.69167	-113
13.70000	-114
13.70833	-115
13.71667	-116
13.72500	-117
13.73333	-117
13.74167	-118
13.75000	-118
13.75833	-119
13.76667	-119
13.77500	-118
13.78333	-118
13.79167	-117
13.80000	-116
13.80833	-116
13.81667	-115
13.82500	-114
13.83333	-113
13.84167	-112
13.85000	-110
13.85833	-109
13.86667	-108
13.87500	-107
13.88333	-105
13.89167	-104
13.90000	-102
13.90833	-100
13.91667	-99
13.92500	-97
13.93333	-96
13.94167	-94
13.95000	-92
13.95833	-90
13.96667	-89
13.97500	-87
13.98333	-84
13.99167	-82
14.00000	-80
14.00833	-78
14.01667	-76
14.02500	-74
14.03333	-72
14.04167	-69
14.05000	-67
14.05833	-65
14.06667	-62
14.07500	-60
14.08333	-58
14.09167	-55
14.10000	-53
14.10833	-51
14.11667	-49
14.12500	-47
14.13333	-45
14.14167	-43
14.15000	-41
14.15833	-39
14.16667	-36
14.17500	-34
14.18333	-32
14.19167	-29
14.20000	-27
14.20833	-25
14.21667	-24
14.22500	-22
14.23333	-19
14.24167	-17
14.25000	-15
14.25833	-13
14.26667	-11
14.27500	-9
14.28333	-7
14.29167	-5
14.30000	-3
14.30833	-1
14.31667	0
14.32500	2
14.33333	4
14.34167	6
14.35000	7
14.35833	9
14.36667	10
14.37500	12
14.38333	14
14.39167	15
14.40000	17
14.40833	19
14.41667	20
14.42500	21
14.43333	22
14.44167	23
14.45000	24
14.45833	26
14.46667	27
14.47500	27
14.48333	28
14.49167	29
14.50000	30
14.50833	30
14.51667	31
14.52500	32
14.53333	32
14.54167	33
14.55000	34
14.55833	34
14.56667	34
14.57500	35
14.58333	36
14.59167	36
14.60000	37
14.60833	37
14.61667	37
14.62500	37
14.63333	37
14.64167	38
14.65000	38
14.65833	38
14.66667	38
14.67500	38
14.68333	38
14.69167	38
14.70000	37
14.70833	37
14.71667	37
14.72500	37
14.73333	37
14.74167	36
14.75000	36
14.75833	36
14.76667	35
14.77500	35
14.78333	34
14.79167	34
14.80000	33
14.80833	33
14.81667	33
14.82500	33
14.83333	32
14.84167	32
14.85000	31
14.85833	31
14.86667	30
14.87500	30
14.88333	29
14.89167	29
14.90000	28
14.90833	28
14.91667	27
14.92500	26
14.93333	25
14.94167	25
14.95000	24
14.95833	24
14.96667	23
14.97500	22
14.98333	21
14.99167	21
15.00000	20
15.00833	19
15.01667	18
15.02500	17
15.03333	16
15.04167	15
15.05000	14
15.05833	13
15.06667	12
15.07500	11
15.08333	11
15.09167	10
15.10000	9
15.10833	7
15.11667	6
15.12500	6
15.13333	5
15.14167	4
15.15000	3
15.15833	1
15.16667	-0
15.17500	-1
15.18333	-2
15.19167	-4
15.20000	-4
15.20833	-5
15.21667	-6
15.22500	-7
15.23333	-8
15.24167	-9
15.25000	-10
15.25833	-12
15.26667	-13
15.27500	-14
15.28333	-15
15.29167	-16
15.30000	-18
15.30833	-19
15.31667	-21
15.32500	-23
15.33333	-24
15.34167	-26
15.35000	-28
15.35833	-30
15.36667	-32
15.37500	-34
15.38333	-36
15.39167	-38
15.40000	-39
15.40833	-41
15.41667	-42
15.42500	-44
15.43333	-46
15.44167	-48
15.45000	-50
15.45833	-51
15.46667	-53
15.47500	-55
15.48333	-57
15.49167	-59
15.50000	-62
15.50833	-64
15.51667	-66
15.52500	-68
15.53333	-70
15.54167	-72
15.55000	-74
15.55833	-76
15.56667	-78
15.57500	-80
15.58333	-82
15.59167	-84
15.60000	-85
15.60833	-87
15.61667	-88
15.62500	-90
15.63333	-92
15.64167	-94
15.65000	-96
15.65833	-98
15.66667	-100
15.67500	-102
15.68333	-104
15.69167	-106
15.70000	-107
15.70833	-109
15.71667	-111
15.72500	-113
15.73333	-114
15.74167	-116
15.75000	-118
15.75833	-119
15.76667	-121
15.77500	-122
15.78333	-123
15.79167	-125
15.80000	-127
15.80833	-128
15.81667	-130
15.82500	-131
15.83333	-132
15.84167	-134
15.85000	-135
15.85833	-137
15.86667	-138
15.87500	-139
15.88333	-141
15.89167	-142
15.90000	-143
15.90833	-143
15.91667	-144
15.92500	-145
15.93333	-146
15.94167	-147
15.95000	-148
15.95833	-148
15.96667	-148
15.97500	-148
15.98333	-148
15.99167	-149
16.00000	-150
16.00833	-150
16.01667	-150
16.02500	-151
16.03333	-151
16.04167	-152
16.05000	-152
16.05833	-153
16.06667	-153
16.07500	-153
16.08333	-154
16.09167	-154
16.10000	-154
16.10833	-155
16.11667	-155
16.12500	-155
16.13333	-155
16.14167	-155
16.15000	-156
16.15833	-156
16.16667	-156
16.17500	-156
16.18333	-156
16.19167	-156
16.20000	-156
16.20833	-156
16.21667	-156
16.22500	-156
16.23333	-156
16.24167	-156
16.25000	-156
16.25833	-156
16.26667	-156
16.27500	-156
16.28333	-156
16.29167	-156
16.30000	-157
16.30833	-156
16.31667	-156
16.32500	-156
16.33333	-156
16.34167	-155
16.35000	-155
16.35833	-155
16.36667	-155
16.37500	-155
16.38333	-155
16.39167	-156
16.40000	-156
16.40833	-156
16.41667	-156
16.42500	-156
16.43333	-156
16.44167	-156
16.45000	-156
16.45833	-156
16.46667	-155
16.47500	-155
16.48333	-155
16.49167	-155
16.50000	-155
16.50833	-155
16.51667	-155
16.52500	-155
16.53333	-154
16.54167	-154
16.55000	-153
16.55833	-153
16.56667	-152
16.57500	-151
16.58333	-151
16.59167	-150
16.60000	-150
16.60833	-149
16.61667	-149
16.62500	-149
16.63333	-148
16.64167	-148
16.65000	-148
16.65833	-148
16.66667	-147
16.67500	-146
16.68333	-146
16.69167	-145
16.70000	-145
16.70833	-145
16.71667	-144
16.72500	-144
16.73333	-143
16.74167	-143
16.75000	-142
16.75833	-141
16.76667	-140
16.77500	-139
16.78333	-138
16.79167	-138
16.80000	-137
16.80833	-136
16.81667	-135
16.82500	-134
16.83333	-133
16.84167	-133
16.85000	-132
16.85833	-131
16.86667	-131
16.87500	-130
16.88333	-129
16.89167	-129
16.90000	-128
16.90833	-128
16.91667	-127
16.92500	-127
16.93333	-126
16.94167	-126
16.95000	-125
16.95833	-124
16.96667	-124
16.97500	-124
16.98333	-123
16.99167	-123
17.00000	-123
17.00833	-123
17.01667	-123
17.02500	-122
17.03333	-122
17.04167	-122
17.05000	-121
17.05833	-121
17.06667	-121
17.07500	-121
17.08333	-121
17.09167	-121
17.10000	-121
17.10833	-121
17.11667	-121
17.12500	-122
17.13333	-122
17.14167	-122
17.15000	-122
17.15833	-122
17.16667	-122
17.17500	-122
17.18333	-121
17.19167	-121
17.20000	-120
17.20833	-120
17.21667	-120
17.22500	-120
17.23333	-119
17.24167	-119
17.25000	-119
17.25833	-118
17.26667	-118
17.27500	-117
17.28333	-116
17.29167	-116
17.30000	-115
17.30833	-115
17.31667	-114
17.32500	-114
17.33333	-114
17.34167	-113
17.35000	-113
17.35833	-112
17.36667	-111
17.37500	-111
17.38333	-111
17.39167	-110
17.40000	-110
17.40833	-110
17.41667	-109
17.42500	-108
17.43333	-107
17.44167	-107
17.45000	-106
17.45833	-106
17.46667	-105
17.47500	-105
17.48333	-104
17.49167	-104
17.50000	-104
17.50833	-103
17.51667	-103
17.52500	-103
17.53333	-102
17.54167	-102
17.55000	-101
17.55833	-101
17.56667	-101
17.57500	-101
17.58333	-101
17.59167	-101
17.60000	-101
17.60833	-100
17.61667	-100
17.62500	-99
17.63333	-99
17.64167	-99
17.65000	-98
17.65833	-98
17.66667	-98
17.67500	-97
17.68333	-97
17.69167	-96
17.70000	-96
17.70833	-96
17.71667	-95
17.72500	-95
17.73333	-95
17.74167	-95
17.75000	-94
17.75833	-94
17.76667	-93
17.77500	-93
17.78333	-93
17.79167	-92
17.80000	-92
17.80833	-92
17.81667	-91
17.82500	-91
17.83333	-91
17.84167	-90
17.85000	-90
17.85833	-90
17.86667	-89
17.87500	-89
17.88333	-89
17.89167	-88
17.90000	-88
17.90833	-87
17.91667	-86
17.92500	-85
17.93333	-85
17.94167	-84
17.95000	-83
17.95833	-83
17.96667	-82
17.97500	-81
17.98333	-80
17.99167	-79
18.00000	-78
18.00833	-77
18.01667	-76
18.02500	-75
18.03333	-75
18.04167	-74
18.05000	-73
18.05833	-73
18.06667	-72
18.07500	-71
18.08333	-70
18.09167	-70
18.10000	-69
18.10833	-68
18.11667	-67
18.12500	-67
18.13333	-66
18.14167	-66
18.15000	-65
18.15833	-65
18.16667	-64
18.17500	-64
18.18333	-63
18.19167	-63
18.20000	-62
18.20833	-62
18.21667	-62
18.22500	-62
18.23333	-62
18.24167	-62
18.25000	-61
18.25833	-61
18.26667	-61
18.27500	-61
18.28333	-60
18.29167	-60
18.30000	-60
18.30833	-59
18.31667	-58
18.32500	-58
18.33333	-58
18.34167	-57
18.35000	-57
18.35833	-57
18.36667	-57
18.37500	-56
18.38333	-56
18.39167	-56
18.40000	-55
18.40833	-55
18.41667	-54
18.42500	-54
18.43333	-53
18.44167	-53
18.45000	-53
18.45833	-52
18.46667	-52
18.47500	-52
18.48333	-52
18.49167	-52
18.50000	-51
18.50833	-51
18.51667	-50
18.52500	-49
18.53333	-48
18.54167	-47
18.55000	-46
18.55833	-46
18.56667	-45
18.57500	-44
18.58333	-44
18.59167	-43
18.60000	-43
18.60833	-42
18.61667	-42
18.62500	-41
18.63333	-40
18.64167	-40
18.65000	-39
18.65833	-38
18.66667	-37
18.67500	-36
18.68333	-36
18.69167	-35
18.70000	-34
18.70833	-34
18.71667	-33
18.72500	-32
18.73333	-32
18.74167	-31
18.75000	-30
18.75833	-30
18.76667	-29
18.77500	-28
18.78333	-28
18.79167	-27
18.80000	-26
18.80833	-26
18.81667	-25
18.82500	-25
18.83333	-24
18.84167	-23
18.85000	-22
18.85833	-21
18.86667	-20
18.87500	-19
18.88333	-18
18.89167	-18
18.90000	-17
18.90833	-16
18.91667	-15
18.92500	-14
18.93333	-13
18.94167	-12
18.95000	-11
18.95833	-10
18.96667	-10
18.97500	-9
18.98333	-8
18.99167	-8
19.00000	-7
19.00833	-6
19.01667	-6
19.02500	-5
19.03333	-5
19.04167	-4
19.05000	-4
19.05833	-3
19.06667	-2
19.07500	-1
19.08333	-0
19.09167	1
19.10000	1
19.10833	2
19.11667	3
19.12500	4
19.13333	5
19.14167	5
19.15000	6
19.15833	6
19.16667	7
19.17500	7
19.18333	8
19.19167	9
19.20000	9
19.20833	10
19.21667	10
19.22500	10
19.23333	11
19.24167	11
19.25000	12
19.25833	13
19.26667	13
19.27500	14
19.28333	15
19.29167	16
19.30000	17
19.30833	17
19.31667	18
19.32500	19
19.33333	20
19.34167	20
19.35000	21
19.35833	21
19.36667	22
19.37500	23
19.38333	24
19.39167	25
19.40000	26
19.40833	26
19.41667	27
19.42500	28
19.43333	29
19.44167	29
19.45000	30
19.45833	31
19.46667	32
19.47500	33
19.48333	34
19.49167	35
19.50000	36
19.50833	36
19.51667	37
19.52500	37
19.53333	38
19.54167	39
19.55000	41
19.55833	42
19.56667	43
19.57500	44
19.58333	45
19.59167	45
19.60000	46
19.60833	47
19.61667	48
19.62500	49
19.63333	50
19.64167	51
19.65000	52
19.65833	53
19.66667	54
19.67500	54
19.68333	55
19.69167	56
19.70000	57
19.70833	58
19.71667	59
19.72500	60
19.73333	61
19.74167	61
19.75000	62
19.75833	63
19.76667	64
19.77500	64
19.78333	65
19.79167	66
19.80000	67
19.80833	68
19.81667	69
19.82500	70
19.83333	71
19.84167	72
19.85000	73
19.85833	74
19.86667	74
19.87500	75
19.88333	75
19.89167	76
19.90000	76
19.90833	77
19.91667	78
19.92500	78
19.93333	79
19.94167	80
19.95000	81
19.95833	82
19.96667	83
19.97500	84
19.98333	85
19.99167	86
20.00000	86
20.00833	87
20.01667	88
20.02500	89
20.03333	89
20.04167	90
20.05000	90
20.05833	91
20.06667	92
20.07500	92
20.08333	93
20.09167	94
20.10000	95
20.10833	95
20.11667	96
20.12500	97
20.13333	98
20.14167	99
20.15000	100
20.15833	101
20.16667	102
20.17500	103
20.18333	103
20.19167	104
20.20000	104
20.20833	105
20.21667	106
20.22500	107
20.23333	108
20.24167	109
20.25000	110
20.25833	111
20.26667	111
20.27500	112
20.28333	113
20.29167	114
20.30000	114
20.30833	115
20.31667	116
20.32500	117
20.33333	118
20.34167	119
20.35000	120
20.35833	121
20.36667	122
20.37500	124
20.38333	125
20.39167	126
20.40000	126
20.40833	127
20.41667	128
20.42500	129
20.43333	130
20.44167	131
20.45000	132
20.45833	134
20.46667	134
20.47500	135
20.48333	136
20.49167	138
20.50000	139
20.50833	139
20.51667	140
20.52500	141
20.53333	142
20.54167	143
20.55000	144
20.55833	145
20.56667	146
20.57500	147
20.58333	148
20.59167	149
20.60000	150
20.60833	151
20.61667	152
20.62500	152
20.63333	153
20.64167	154
20.65000	155
20.65833	156
20.66667	157
20.67500	158
20.68333	159
20.69167	160
20.70000	161
20.70833	162
20.71667	163
20.72500	163
20.73333	164
20.74167	165
20.75000	166
20.75833	167
20.76667	168
20.77500	168
20.78333	169
20.79167	170
20.80000	171
20.80833	172
20.81667	173
20.82500	174
20.83333	175
20.84167	176
20.85000	177
20.85833	178
20.86667	179
20.87500	180
20.88333	181
20.89167	182
20.90000	183
20.90833	185
20.91667	186
20.92500	187
20.93333	188
20.94167	189
20.95000	190
20.95833	191
20.96667	191
20.97500	192
20.98333	193
20.99167	194
21.00000	195
21.00833	196
21.01667	197
21.02500	198
21.03333	199
21.04167	201
21.05000	202
21.05833	203
21.06667	204
21.07500	206
21.08333	206
21.09167	207
21.10000	208
21.10833	209
21.11667	210
21.12500	211
21.13333	212
21.14167	213
21.15000	214
21.15833	215
21.16667	217
21.17500	218
21.18333	219
21.19167	220
21.20000	221
21.20833	222
21.21667	223
21.22500	224
21.23333	225
21.24167	226
21.25000	227
21.25833	228
21.26667	229
21.27500	230
21.28333	231
21.29167	232
21.30000	232
21.30833	232
21.31667	233
21.32500	234
21.33333	235
21.34167	237
21.35000	238
21.35833	239
21.36667	239
21.37500	240
21.38333	242
21.39167	243
21.40000	244
21.40833	245
21.41667	246
21.42500	247
21.43333	248
21.44167	249
21.45000	249
21.45833	250
21.46667	251
21.47500	252
21.48333	252
21.49167	253
21.50000	253
21.50833	254
21.51667	255
21.52500	256
21.53333	257
21.54167	258
21.55000	258
21.55833	259
21.56667	260
21.57500	260
21.58333	261
21.59167	261
21.60000	262
21.60833	263
21.61667	264
21.62500	265
21.63333	265
21.64167	266
21.65000	266
21.65833	267
21.66667	267
21.67500	268
21.68333	268
21.69167	269
21.70000	269
21.70833	270
21.71667	271
21.72500	271
21.73333	272
21.74167	273
21.75000	273
21.75833	273
21.76667	274
21.77500	274
21.78333	275
21.79167	275
21.80000	276
21.80833	277
21.81667	277
21.82500	278
21.83333	278
21.84167	278
21.85000	279
21.85833	279
21.86667	280
21.87500	280
21.88333	281
21.89167	281
21.90000	282
21.90833	282
21.91667	283
21.92500	284
21.93333	285
21.94167	285
21.95000	286
21.95833	286
21.96667	287
21.97500	287
21.98333	287
21.99167	288
22.00000	288
22.00833	289
22.01667	289
22.02500	290
22.03333	290
22.04167	290
22.05000	290
22.05833	290
22.06667	291
22.07500	291
22.08333	291
22.09167	291
22.10000	292
22.10833	292
22.11667	293
22.12500	293
22.13333	294
22.14167	294
22.15000	294
22.15833	295
22.16667	295
22.17500	295
22.18333	294
22.19167	295
22.20000	294
22.20833	294
22.21667	294
22.22500	294
22.23333	294
22.24167	294
22.25000	294
22.25833	293
22.26667	293
22.27500	293
22.28333	293
22.29167	293
22.30000	293
22.30833	292
22.31667	292
22.32500	291
22.33333	291
22.34167	291
22.35000	290
22.35833	289
22.36667	289
22.37500	288
22.38333	288
22.39167	287
22.40000	286
22.40833	285
22.41667	284
22.42500	283
22.43333	282
22.44167	281
22.45000	280
22.45833	278
22.46667	277
22.47500	276
22.48333	274
22.49167	272
22.50000	271
22.50833	269
22.51667	267
22.52500	265
22.53333	263
22.54167	261
22.55000	259
22.55833	257
22.56667	254
22.57500	252
22.58333	249
22.59167	246
22.60000	244
22.60833	241
22.61667	237
22.62500	234
22.63333	231
22.64167	228
22.65000	224
22.65833	221
22.66667	218
22.67500	216
22.68333	213
22.69167	210
22.70000	208
22.70833	205
22.71667	203
22.72500	200
22.73333	198
22.74167	196
22.75000	194
22.75833	192
22.76667	190
22.77500	188
22.78333	187
22.79167	186
22.80000	184
22.80833	184
22.81667	183
22.82500	183
22.83333	184
22.84167	184
22.85000	184
22.85833	185
22.86667	186
22.87500	187
22.88333	188
22.89167	190
22.90000	192
22.90833	194
22.91667	196
22.92500	199
22.93333	201
22.94167	204
22.95000	206
22.95833	209
22.96667	212
22.97500	215
22.98333	218
22.99167	221
23.00000	224
23.00833	228
23.01667	231
23.02500	234
23.03333	237
23.04167	240
23.05000	243
23.05833	246
23.06667	249
23.07500	252
23.08333	255
23.09167	258
23.10000	261
23.10833	263
23.11667	266
23.12500	269
23.13333	271
23.14167	274
23.15000	276
23.15833	277
23.16667	279
23.17500	281
23.18333	282
23.19167	284
23.20000	285
23.20833	286
23.21667	287
23.22500	289
23.23333	290
23.24167	291
23.25000	292
23.25833	293
23.26667	293
23.27500	294
23.28333	295
23.29167	295
23.30000	296
23.30833	296
23.31667	297
23.32500	298
23.33333	298
23.34167	298
23.35000	299
23.35833	299
23.36667	299
23.37500	300
23.38333	300
23.39167	300
23.40000	301
23.40833	301
23.41667	302
23.42500	302
23.43333	302
23.44167	302
23.45000	302
23.45833	302
23.46667	301
23.47500	301
23.48333	301
23.49167	301
23.50000	300
23.50833	300
23.51667	300
23.52500	300
23.53333	300
23.54167	300
23.55000	300
23.55833	299
23.56667	299
23.57500	299
23.58333	299
23.59167	298
23.60000	298
23.60833	298
23.61667	297
23.62500	297
23.63333	297
23.64167	297
23.65000	297
23.65833	297
23.66667	297
23.67500	296
23.68333	296
23.69167	295
23.70000	294
23.70833	294
23.71667	293
23.72500	293
23.73333	293
23.74167	292
23.75000	292
23.75833	291
23.76667	291
23.77500	290
23.78333	290
23.79167	289
23.80000	288
23.80833	288
23.81667	287
23.82500	286
23.83333	285
23.84167	285
23.85000	284
23.85833	284
23.86667	284
23.87500	284
23.88333	283
23.89167	283
23.90000	282
23.90833	282
23.91667	281
23.92500	281
23.93333	280
23.94167	279
23.95000	279
23.95833	278
23.96667	277
23.97500	276
23.98333	276
23.99167	275
24.00000	274
24.00833	274
24.01667	274
24.02500	273
24.03333	272
24.04167	272
24.05000	271
24.05833	271
24.06667	270
24.07500	269
24.08333	269
24.09167	268
24.10000	267
24.10833	266
24.11667	265
24.12500	264
24.13333	263
24.14167	262
24.15000	261
24.15833	260
24.16667	259
24.17500	258
24.18333	257
24.19167	256
24.20000	255
24.20833	255
24.21667	254
24.22500	252
24.23333	251
24.24167	249
24.25000	248
24.25833	246
24.26667	244
24.27500	243
24.28333	241
24.29167	240
24.30000	238
24.30833	237
24.31667	236
24.32500	234
24.33333	233
24.34167	232
24.35000	230
24.35833	228
24.36667	226
24.37500	225
24.38333	223
24.39167	222
24.40000	220
24.40833	219
24.41667	217
24.42500	215
24.43333	214
24.44167	213
24.45000	212
24.45833	210
24.46667	209
24.47500	208
24.48333	207
24.49167	206
24.50000	206
24.50833	205
24.51667	204
24.52500	204
24.53333	203
24.54167	203
24.55000	203
24.55833	203
24.56667	202
24.57500	202
24.58333	202
24.59167	202
24.60000	202
24.60833	203
24.61667	203
24.62500	203
24.63333	203
24.64167	204
24.65000	204
24.65833	205
24.66667	205
24.67500	205
24.68333	206
24.69167	207
24.70000	207
24.70833	208
24.71667	208
24.72500	209
24.73333	210
24.74167	210
24.75000	211
24.75833	212
24.76667	213
24.77500	213
24.78333	214
24.79167	215
24.80000	216
24.80833	217
24.81667	218
24.82500	219
24.83333	219
24.84167	220
24.85000	221
24.85833	221
24.86667	221
24.87500	222
24.88333	222
24.89167	222
24.90000	223
24.90833	223
24.91667	224
24.92500	225
24.93333	225
24.94167	226
24.95000	226
24.95833	227
24.96667	227
24.97500	228
24.98333	228
24.99167	229
25.00000	229
25.00833	229
25.01667	230
25.02500	230
25.03333	230
25.04167	230
25.05000	231
25.05833	231
25.06667	231
25.07500	231
25.08333	231
25.09167	232
25.10000	232
25.10833	232
25.11667	232
25.12500	232
25.13333	232
25.14167	232
25.15000	232
25.15833	232
25.16667	231
25.17500	231
25.18333	231
25.19167	230
25.20000	229
25.20833	229
25.21667	229
25.22500	228
25.23333	228
25.24167	228
25.25000	227
25.25833	227
25.26667	226
25.27500	225
25.28333	224
25.29167	224
25.30000	223
25.30833	222
25.31667	221
25.32500	220
25.33333	219
25.34167	218
25.35000	217
25.35833	216
25.36667	216
25.37500	215
25.38333	214
25.39167	213
25.40000	212
25.40833	211
25.41667	211
25.42500	210
25.43333	209
25.44167	209
25.45000	208
25.45833	207
25.46667	206
25.47500	206
25.48333	205
25.49167	204
25.50000	204
25.50833	203
25.51667	202
25.52500	201
25.53333	200
25.54167	200
25.55000	200
25.55833	199
25.56667	199
25.57500	199
25.58333	198
25.59167	198
25.60000	198
25.60833	198
25.61667	198
25.62500	197
25.63333	197
25.64167	197
25.65000	196
25.65833	196
25.66667	196
25.67500	196
25.68333	196
25.69167	196
25.70000	196
25.70833	196
25.71667	197
25.72500	197
25.73333	197
25.74167	196
25.75000	196
25.75833	196
25.76667	196
25.77500	196
25.78333	196
25.79167	196
25.80000	195
25.80833	195
25.81667	195
25.82500	195
25.83333	195
25.84167	195
25.85000	195
25.85833	195
25.86667	195
25.87500	194
25.88333	194
25.89167	194
25.90000	194
25.90833	194
25.91667	194
25.92500	194
25.93333	194
25.94167	194
25.95000	195
25.95833	195
25.96667	194
25.97500	194
25.98333	194
25.99167	194
26.00000	194
26.00833	194
26.01667	194
26.02500	194
26.03333	194
26.04167	194
26.05000	194
26.05833	195
26.06667	195
26.07500	195
26.08333	196
26.09167	196
26.10000	197
26.10833	197
26.11667	197
26.12500	197
26.13333	198
26.14167	198
26.15000	198
26.15833	198
26.16667	198
26.17500	199
26.18333	199
26.19167	199
26.20000	200
26.20833	200
26.21667	200
26.22500	201
26.23333	201
26.24167	202
26.25000	202
26.25833	203
26.26667	203
26.27500	204
26.28333	204
26.29167	204
26.30000	205
26.30833	205
26.31667	206
26.32500	206
26.33333	207
26.34167	207
26.35000	208
26.35833	209
26.36667	209
26.37500	210
26.38333	210
26.39167	211
26.40000	211
26.40833	211
26.41667	211
26.42500	211
26.43333	211
26.44167	212
26.45000	212
26.45833	211
26.46667	211
26.47500	210
26.48333	209
26.49167	208
26.50000	208
26.50833	207
26.51667	206
26.52500	205
26.53333	203
26.54167	202
26.55000	201
26.55833	199
26.56667	197
26.57500	196
26.58333	193
26.59167	191
26.60000	188
26.60833	186
26.61667	184
26.62500	181
26.63333	178
26.64167	175
26.65000	173
26.65833	169
26.66667	166
26.67500	163
26.68333	160
26.69167	157
26.70000	154
26.70833	151
26.71667	148
26.72500	145
26.73333	143
26.74167	139
26.75000	136
26.75833	133
26.76667	130
26.77500	127
26.78333	124
26.79167	121
26.80000	119
26.80833	116
26.81667	113
26.82500	110
26.83333	107
26.84167	104
26.85000	102
26.85833	100
26.86667	97
26.87500	95
26.88333	93
26.89167	91
26.90000	88
26.90833	86
26.91667	83
26.92500	81
26.93333	79
26.94167	77
26.95000	76
26.95833	74
26.96667	72
26.97500	71
26.98333	69
26.99167	67
27.00000	66
27.00833	65
27.01667	63
27.02500	61
27.03333	59
27.04167	58
27.05000	57
27.05833	56
27.06667	55
27.07500	54
27.08333	52
27.09167	51
27.10000	49
27.10833	48
27.11667	47
27.12500	46
27.13333	45
27.14167	43
27.15000	42
27.15833	41
27.16667	40
27.17500	39
27.18333	39
27.19167	37
27.20000	36
27.20833	35
27.21667	34
27.22500	33
27.23333	32
27.24167	31
27.25000	30
27.25833	30
27.26667	29
27.27500	28
27.28333	27
27.29167	26
27.30000	25
27.30833	24
27.31667	23
27.32500	22
27.33333	21
27.34167	20
27.35000	19
27.35833	19
27.36667	18
27.37500	17
27.38333	16
27.39167	15
27.40000	14
27.40833	14
27.41667	14
27.42500	13
27.43333	13
27.44167	12
27.45000	11
27.45833	11
27.46667	10
27.47500	10
27.48333	10
27.49167	9
27.50000	9
27.50833	8
27.51667	8
27.52500	8
27.53333	8
27.54167	7
27.55000	7
27.55833	6
27.56667	6
27.57500	5
27.58333	4
27.59167	4
27.60000	3
27.60833	3
27.61667	2
27.62500	1
27.63333	1
27.64167	0
27.65000	-0
27.65833	-1
27.66667	-2
27.67500	-2
27.68333	-2
27.69167	-3
27.70000	-3
27.70833	-4
27.71667	-5
27.72500	-6
27.73333	-6
27.74167	-7
27.75000	-8
27.75833	-8
27.76667	-8
27.77500	-8
27.78333	-9
27.79167	-10
27.80000	-11
27.80833	-12
27.81667	-13
27.82500	-13
27.83333	-14
27.84167	-14
27.85000	-15
27.85833	-16
27.86667	-17
27.87500	-17
27.88333	-18
27.89167	-19
27.90000	-20
27.90833	-21
27.91667	-21
27.92500	-21
27.93333	-22
27.94167	-23
27.95000	-23
27.95833	-24
27.96667	-25
27.97500	-26
27.98333	-26
27.99167	-27
28.00000	-28

