R.Time (min)	Intensity
0.00000	-18
0.00833	-18
0.01667	-2
0.02500	-1
0.03333	-1
0.04167	-1
0.05000	-2
0.05833	-2
0.06667	-2
0.07500	-2
0.08333	-2
0.09167	-1
0.10000	-1
0.10833	-1
0.11667	-1
0.12500	-1
0.13333	-2
0.14167	-2
0.15000	-2
0.15833	-2
0.16667	-2
0.17500	-2
0.18333	-2
0.19167	-2
0.20000	-2
0.20833	-2
0.21667	-2
0.22500	-2
0.23333	-2
0.24167	-1
0.25000	-1
0.25833	-2
0.26667	-2
0.27500	-2
0.28333	-3
0.29167	-3
0.30000	-4
0.30833	-4
0.31667	-4
0.32500	-4
0.33333	-4
0.34167	-4
0.35000	-4
0.35833	-4
0.36667	-5
0.37500	-5
0.38333	-5
0.39167	-5
0.40000	-5
0.40833	-5
0.41667	-5
0.42500	-6
0.43333	-6
0.44167	-6
0.45000	-6
0.45833	-6
0.46667	-6
0.47500	-6
0.48333	-7
0.49167	-6
0.50000	-7
0.50833	-7
0.51667	-7
0.52500	-8
0.53333	-8
0.54167	-8
0.55000	-8
0.55833	-8
0.56667	-9
0.57500	-9
0.58333	-9
0.59167	-9
0.60000	-9
0.60833	-9
0.61667	-8
0.62500	-8
0.63333	-8
0.64167	-8
0.65000	-8
0.65833	-8
0.66667	-8
0.67500	-8
0.68333	-8
0.69167	-7
0.70000	-7
0.70833	-7
0.71667	-7
0.72500	-7
0.73333	-8
0.74167	-8
0.75000	-8
0.75833	-8
0.76667	-8
0.77500	-8
0.78333	-8
0.79167	-8
0.80000	-9
0.80833	-9
0.81667	-9
0.82500	-9
0.83333	-10
0.84167	-10
0.85000	-9
0.85833	-9
0.86667	-10
0.87500	-10
0.88333	-9
0.89167	-9
0.90000	-9
0.90833	-10
0.91667	-10
0.92500	-10
0.93333	-10
0.94167	-10
0.95000	-9
0.95833	-10
0.96667	-10
0.97500	-10
0.98333	-10
0.99167	-10
1.00000	-10
1.00833	-10
1.01667	-10
1.02500	-10
1.03333	-10
1.04167	-10
1.05000	-10
1.05833	-11
1.06667	-11
1.07500	-10
1.08333	-10
1.09167	-10
1.10000	-10
1.10833	-10
1.11667	-10
1.12500	-10
1.13333	-10
1.14167	-10
1.15000	-9
1.15833	-9
1.16667	-9
1.17500	-9
1.18333	-9
1.19167	-9
1.20000	-9
1.20833	-9
1.21667	-8
1.22500	-8
1.23333	-8
1.24167	-8
1.25000	-8
1.25833	-8
1.26667	-8
1.27500	-8
1.28333	-8
1.29167	-8
1.30000	-8
1.30833	-7
1.31667	-7
1.32500	-7
1.33333	-6
1.34167	-6
1.35000	-6
1.35833	-6
1.36667	-7
1.37500	-7
1.38333	-8
1.39167	-8
1.40000	-8
1.40833	-7
1.41667	-7
1.42500	-7
1.43333	-7
1.44167	-7
1.45000	-7
1.45833	-7
1.46667	-7
1.47500	-7
1.48333	-7
1.49167	-8
1.50000	-8
1.50833	-8
1.51667	-8
1.52500	-8
1.53333	-8
1.54167	-8
1.55000	-8
1.55833	-9
1.56667	-9
1.57500	-9
1.58333	-9
1.59167	-9
1.60000	-10
1.60833	-10
1.61667	-10
1.62500	-10
1.63333	-10
1.64167	-10
1.65000	-10
1.65833	-10
1.66667	-10
1.67500	-10
1.68333	-10
1.69167	-10
1.70000	-10
1.70833	-10
1.71667	-10
1.72500	-10
1.73333	-9
1.74167	-9
1.75000	-9
1.75833	-10
1.76667	-10
1.77500	-10
1.78333	-10
1.79167	-10
1.80000	-10
1.80833	-10
1.81667	-9
1.82500	-9
1.83333	-9
1.84167	-9
1.85000	-9
1.85833	-9
1.86667	-9
1.87500	-9
1.88333	-9
1.89167	-9
1.90000	-9
1.90833	-9
1.91667	-8
1.92500	-8
1.93333	-8
1.94167	-9
1.95000	-8
1.95833	-8
1.96667	-8
1.97500	-8
1.98333	-7
1.99167	-7
2.00000	-7
2.00833	-7
2.01667	-7
2.02500	-8
2.03333	-8
2.04167	-8
2.05000	-8
2.05833	-7
2.06667	-7
2.07500	-7
2.08333	-7
2.09167	-7
2.10000	-7
2.10833	-7
2.11667	-7
2.12500	-7
2.13333	-7
2.14167	-7
2.15000	-7
2.15833	-7
2.16667	-7
2.17500	-7
2.18333	-7
2.19167	-7
2.20000	-7
2.20833	-7
2.21667	-7
2.22500	-7
2.23333	-6
2.24167	-6
2.25000	-6
2.25833	-7
2.26667	-7
2.27500	-8
2.28333	-8
2.29167	-8
2.30000	-8
2.30833	-8
2.31667	-8
2.32500	-8
2.33333	-8
2.34167	-8
2.35000	-7
2.35833	-8
2.36667	-8
2.37500	-9
2.38333	-9
2.39167	-9
2.40000	-9
2.40833	-9
2.41667	-9
2.42500	-8
2.43333	-8
2.44167	-8
2.45000	-9
2.45833	-9
2.46667	-9
2.47500	-9
2.48333	-9
2.49167	-9
2.50000	-9
2.50833	-9
2.51667	-9
2.52500	-9
2.53333	-9
2.54167	-9
2.55000	-9
2.55833	-10
2.56667	-10
2.57500	-10
2.58333	-9
2.59167	-9
2.60000	-9
2.60833	-8
2.61667	-8
2.62500	-8
2.63333	-8
2.64167	-8
2.65000	-7
2.65833	-7
2.66667	-7
2.67500	-7
2.68333	-7
2.69167	-7
2.70000	-7
2.70833	-7
2.71667	-6
2.72500	-6
2.73333	-6
2.74167	-5
2.75000	-5
2.75833	-5
2.76667	-6
2.77500	-6
2.78333	-6
2.79167	-7
2.80000	-7
2.80833	-7
2.81667	-6
2.82500	-6
2.83333	-5
2.84167	-5
2.85000	-5
2.85833	-5
2.86667	-4
2.87500	-4
2.88333	-4
2.89167	-4
2.90000	-4
2.90833	-4
2.91667	-4
2.92500	-4
2.93333	-4
2.94167	-4
2.95000	-5
2.95833	-5
2.96667	-5
2.97500	-5
2.98333	-5
2.99167	-5
3.00000	-5
3.00833	-5
3.01667	-5
3.02500	-5
3.03333	-6
3.04167	-6
3.05000	-6
3.05833	-7
3.06667	-7
3.07500	-7
3.08333	-7
3.09167	-7
3.10000	-7
3.10833	-8
3.11667	-8
3.12500	-8
3.13333	-8
3.14167	-8
3.15000	-9
3.15833	-9
3.16667	-9
3.17500	-9
3.18333	-9
3.19167	-9
3.20000	-9
3.20833	-9
3.21667	-9
3.22500	-10
3.23333	-10
3.24167	-10
3.25000	-10
3.25833	-10
3.26667	-9
3.27500	-9
3.28333	-9
3.29167	-9
3.30000	-9
3.30833	-9
3.31667	-9
3.32500	-8
3.33333	-8
3.34167	-8
3.35000	-8
3.35833	-7
3.36667	-7
3.37500	-7
3.38333	-7
3.39167	-7
3.40000	-7
3.40833	-6
3.41667	-6
3.42500	-6
3.43333	-6
3.44167	-6
3.45000	-6
3.45833	-6
3.46667	-6
3.47500	-6
3.48333	-6
3.49167	-6
3.50000	-6
3.50833	-6
3.51667	-7
3.52500	-7
3.53333	-7
3.54167	-8
3.55000	-8
3.55833	-8
3.56667	-8
3.57500	-8
3.58333	-8
3.59167	-8
3.60000	-8
3.60833	-8
3.61667	-8
3.62500	-9
3.63333	-9
3.64167	-10
3.65000	-10
3.65833	-10
3.66667	-10
3.67500	-10
3.68333	-10
3.69167	-10
3.70000	-10
3.70833	-10
3.71667	-10
3.72500	-10
3.73333	-10
3.74167	-10
3.75000	-10
3.75833	-9
3.76667	-10
3.77500	-10
3.78333	-10
3.79167	-10
3.80000	-10
3.80833	-9
3.81667	-9
3.82500	-9
3.83333	-10
3.84167	-10
3.85000	-10
3.85833	-10
3.86667	-10
3.87500	-10
3.88333	-10
3.89167	-10
3.90000	-10
3.90833	-10
3.91667	-10
3.92500	-10
3.93333	-10
3.94167	-10
3.95000	-10
3.95833	-10
3.96667	-10
3.97500	-9
3.98333	-9
3.99167	-9
4.00000	-9
4.00833	-9
4.01667	-9
4.02500	-10
4.03333	-9
4.04167	-9
4.05000	-9
4.05833	-10
4.06667	-10
4.07500	-10
4.08333	-9
4.09167	-9
4.10000	-9
4.10833	-9
4.11667	-9
4.12500	-9
4.13333	-9
4.14167	-9
4.15000	-10
4.15833	-10
4.16667	-10
4.17500	-11
4.18333	-11
4.19167	-11
4.20000	-10
4.20833	-10
4.21667	-10
4.22500	-11
4.23333	-11
4.24167	-12
4.25000	-11
4.25833	-11
4.26667	-11
4.27500	-11
4.28333	-11
4.29167	-11
4.30000	-12
4.30833	-12
4.31667	-12
4.32500	-12
4.33333	-11
4.34167	-11
4.35000	-11
4.35833	-11
4.36667	-11
4.37500	-11
4.38333	-11
4.39167	-11
4.40000	-11
4.40833	-11
4.41667	-11
4.42500	-11
4.43333	-11
4.44167	-11
4.45000	-10
4.45833	-10
4.46667	-10
4.47500	-10
4.48333	-10
4.49167	-10
4.50000	-10
4.50833	-10
4.51667	-10
4.52500	-10
4.53333	-10
4.54167	-10
4.55000	-10
4.55833	-10
4.56667	-10
4.57500	-10
4.58333	-10
4.59167	-10
4.60000	-10
4.60833	-10
4.61667	-10
4.62500	-10
4.63333	-10
4.64167	-10
4.65000	-9
4.65833	-9
4.66667	-9
4.67500	-10
4.68333	-10
4.69167	-10
4.70000	-10
4.70833	-10
4.71667	-10
4.72500	-10
4.73333	-10
4.74167	-10
4.75000	-9
4.75833	-9
4.76667	-9
4.77500	-9
4.78333	-9
4.79167	-9
4.80000	-9
4.80833	-10
4.81667	-10
4.82500	-10
4.83333	-10
4.84167	-10
4.85000	-10
4.85833	-10
4.86667	-10
4.87500	-10
4.88333	-10
4.89167	-11
4.90000	-11
4.90833	-11
4.91667	-11
4.92500	-10
4.93333	-11
4.94167	-11
4.95000	-11
4.95833	-11
4.96667	-11
4.97500	-10
4.98333	-10
4.99167	-10
5.00000	-10
5.00833	-10
5.01667	-9
5.02500	-10
5.03333	-10
5.04167	-10
5.05000	-10
5.05833	-10
5.06667	-10
5.07500	-10
5.08333	-9
5.09167	-9
5.10000	-9
5.10833	-9
5.11667	-9
5.12500	-9
5.13333	-9
5.14167	-10
5.15000	-10
5.15833	-10
5.16667	-10
5.17500	-10
5.18333	-10
5.19167	-10
5.20000	-10
5.20833	-10
5.21667	-10
5.22500	-10
5.23333	-10
5.24167	-10
5.25000	-10
5.25833	-10
5.26667	-10
5.27500	-10
5.28333	-10
5.29167	-10
5.30000	-10
5.30833	-10
5.31667	-10
5.32500	-10
5.33333	-10
5.34167	-10
5.35000	-10
5.35833	-10
5.36667	-9
5.37500	-9
5.38333	-10
5.39167	-10
5.40000	-10
5.40833	-10
5.41667	-10
5.42500	-10
5.43333	-11
5.44167	-11
5.45000	-10
5.45833	-10
5.46667	-10
5.47500	-10
5.48333	-10
5.49167	-10
5.50000	-10
5.50833	-10
5.51667	-10
5.52500	-10
5.53333	-10
5.54167	-10
5.55000	-10
5.55833	-10
5.56667	-11
5.57500	-11
5.58333	-11
5.59167	-11
5.60000	-11
5.60833	-11
5.61667	-11
5.62500	-11
5.63333	-12
5.64167	-12
5.65000	-12
5.65833	-12
5.66667	-11
5.67500	-11
5.68333	-11
5.69167	-11
5.70000	-11
5.70833	-11
5.71667	-11
5.72500	-12
5.73333	-12
5.74167	-13
5.75000	-13
5.75833	-13
5.76667	-13
5.77500	-13
5.78333	-13
5.79167	-13
5.80000	-13
5.80833	-13
5.81667	-13
5.82500	-13
5.83333	-13
5.84167	-13
5.85000	-14
5.85833	-14
5.86667	-14
5.87500	-14
5.88333	-14
5.89167	-14
5.90000	-14
5.90833	-14
5.91667	-14
5.92500	-14
5.93333	-14
5.94167	-14
5.95000	-14
5.95833	-14
5.96667	-13
5.97500	-13
5.98333	-12
5.99167	-12
6.00000	-12
6.00833	-12
6.01667	-12
6.02500	-12
6.03333	-12
6.04167	-12
6.05000	-11
6.05833	-11
6.06667	-11
6.07500	-11
6.08333	-11
6.09167	-11
6.10000	-11
6.10833	-11
6.11667	-11
6.12500	-11
6.13333	-11
6.14167	-11
6.15000	-10
6.15833	-10
6.16667	-10
6.17500	-10
6.18333	-10
6.19167	-10
6.20000	-10
6.20833	-10
6.21667	-10
6.22500	-10
6.23333	-10
6.24167	-10
6.25000	-10
6.25833	-9
6.26667	-9
6.27500	-9
6.28333	-9
6.29167	-9
6.30000	-8
6.30833	-9
6.31667	-9
6.32500	-9
6.33333	-9
6.34167	-9
6.35000	-8
6.35833	-8
6.36667	-8
6.37500	-7
6.38333	-7
6.39167	-7
6.40000	-7
6.40833	-8
6.41667	-8
6.42500	-8
6.43333	-8
6.44167	-8
6.45000	-8
6.45833	-8
6.46667	-8
6.47500	-8
6.48333	-9
6.49167	-9
6.50000	-9
6.50833	-10
6.51667	-10
6.52500	-10
6.53333	-10
6.54167	-10
6.55000	-10
6.55833	-10
6.56667	-10
6.57500	-11
6.58333	-11
6.59167	-11
6.60000	-11
6.60833	-11
6.61667	-11
6.62500	-11
6.63333	-12
6.64167	-12
6.65000	-11
6.65833	-11
6.66667	-12
6.67500	-12
6.68333	-12
6.69167	-11
6.70000	-11
6.70833	-11
6.71667	-11
6.72500	-11
6.73333	-11
6.74167	-11
6.75000	-11
6.75833	-11
6.76667	-10
6.77500	-10
6.78333	-10
6.79167	-10
6.80000	-10
6.80833	-10
6.81667	-10
6.82500	-10
6.83333	-10
6.84167	-10
6.85000	-9
6.85833	-9
6.86667	-8
6.87500	-8
6.88333	-7
6.89167	-6
6.90000	-6
6.90833	-5
6.91667	-5
6.92500	-4
6.93333	-4
6.94167	-4
6.95000	-4
6.95833	-3
6.96667	-3
6.97500	-3
6.98333	-3
6.99167	-3
7.00000	-3
7.00833	-2
7.01667	-2
7.02500	-1
7.03333	-0
7.04167	0
7.05000	1
7.05833	2
7.06667	3
7.07500	4
7.08333	6
7.09167	9
7.10000	12
7.10833	15
7.11667	20
7.12500	27
7.13333	34
7.14167	43
7.15000	54
7.15833	66
7.16667	81
7.17500	98
7.18333	117
7.19167	139
7.20000	164
7.20833	190
7.21667	218
7.22500	249
7.23333	280
7.24167	313
7.25000	345
7.25833	378
7.26667	408
7.27500	436
7.28333	458
7.29167	473
7.30000	481
7.30833	479
7.31667	467
7.32500	447
7.33333	419
7.34167	392
7.35000	372
7.35833	371
7.36667	405
7.37500	491
7.38333	649
7.39167	898
7.40000	1261
7.40833	1755
7.41667	2399
7.42500	3205
7.43333	4182
7.44167	5329
7.45000	6640
7.45833	8100
7.46667	9683
7.47500	11353
7.48333	13062
7.49167	14753
7.50000	16360
7.50833	17812
7.51667	19040
7.52500	19982
7.53333	20586
7.54167	20824
7.55000	20688
7.55833	20192
7.56667	19374
7.57500	18288
7.58333	16999
7.59167	15578
7.60000	14092
7.60833	12602
7.61667	11159
7.62500	9801
7.63333	8557
7.64167	7441
7.65000	6460
7.65833	5612
7.66667	4890
7.67500	4282
7.68333	3776
7.69167	3357
7.70000	3013
7.70833	2730
7.71667	2497
7.72500	2305
7.73333	2144
7.74167	2008
7.75000	1890
7.75833	1786
7.76667	1694
7.77500	1609
7.78333	1531
7.79167	1458
7.80000	1388
7.80833	1321
7.81667	1257
7.82500	1196
7.83333	1137
7.84167	1080
7.85000	1026
7.85833	973
7.86667	924
7.87500	877
7.88333	833
7.89167	792
7.90000	755
7.90833	721
7.91667	691
7.92500	664
7.93333	642
7.94167	623
7.95000	609
7.95833	599
7.96667	594
7.97500	593
7.98333	595
7.99167	600
8.00000	607
8.00833	616
8.01667	626
8.02500	636
8.03333	646
8.04167	653
8.05000	659
8.05833	661
8.06667	661
8.07500	658
8.08333	652
8.09167	643
8.10000	632
8.10833	618
8.11667	603
8.12500	586
8.13333	568
8.14167	548
8.15000	529
8.15833	508
8.16667	488
8.17500	468
8.18333	449
8.19167	430
8.20000	412
8.20833	396
8.21667	381
8.22500	367
8.23333	354
8.24167	342
8.25000	331
8.25833	321
8.26667	313
8.27500	305
8.28333	298
8.29167	293
8.30000	288
8.30833	284
8.31667	281
8.32500	278
8.33333	275
8.34167	273
8.35000	271
8.35833	269
8.36667	267
8.37500	266
8.38333	264
8.39167	263
8.40000	261
8.40833	260
8.41667	258
8.42500	257
8.43333	256
8.44167	255
8.45000	254
8.45833	252
8.46667	251
8.47500	250
8.48333	249
8.49167	248
8.50000	247
8.50833	246
8.51667	246
8.52500	246
8.53333	245
8.54167	246
8.55000	246
8.55833	247
8.56667	249
8.57500	251
8.58333	254
8.59167	257
8.60000	261
8.60833	266
8.61667	273
8.62500	282
8.63333	292
8.64167	305
8.65000	321
8.65833	339
8.66667	359
8.67500	382
8.68333	408
8.69167	436
8.70000	467
8.70833	498
8.71667	531
8.72500	565
8.73333	599
8.74167	632
8.75000	664
8.75833	693
8.76667	719
8.77500	743
8.78333	762
8.79167	778
8.80000	789
8.80833	797
8.81667	801
8.82500	802
8.83333	800
8.84167	797
8.85000	793
8.85833	788
8.86667	785
8.87500	784
8.88333	786
8.89167	793
8.90000	806
8.90833	825
8.91667	853
8.92500	891
8.93333	938
8.94167	996
8.95000	1064
8.95833	1144
8.96667	1233
8.97500	1333
8.98333	1441
8.99167	1556
9.00000	1675
9.00833	1798
9.01667	1921
9.02500	2041
9.03333	2156
9.04167	2263
9.05000	2360
9.05833	2445
9.06667	2514
9.07500	2567
9.08333	2603
9.09167	2620
9.10000	2620
9.10833	2602
9.11667	2567
9.12500	2517
9.13333	2453
9.14167	2376
9.15000	2289
9.15833	2193
9.16667	2092
9.17500	1986
9.18333	1879
9.19167	1770
9.20000	1662
9.20833	1556
9.21667	1454
9.22500	1357
9.23333	1264
9.24167	1177
9.25000	1095
9.25833	1019
9.26667	949
9.27500	885
9.28333	826
9.29167	773
9.30000	725
9.30833	682
9.31667	643
9.32500	610
9.33333	580
9.34167	555
9.35000	533
9.35833	516
9.36667	502
9.37500	491
9.38333	484
9.39167	482
9.40000	484
9.40833	491
9.41667	504
9.42500	523
9.43333	551
9.44167	589
9.45000	638
9.45833	701
9.46667	780
9.47500	879
9.48333	1002
9.49167	1152
9.50000	1334
9.50833	1553
9.51667	1815
9.52500	2125
9.53333	2486
9.54167	2904
9.55000	3382
9.55833	3922
9.56667	4527
9.57500	5196
9.58333	5925
9.59167	6712
9.60000	7551
9.60833	8433
9.61667	9348
9.62500	10285
9.63333	11230
9.64167	12170
9.65000	13090
9.65833	13976
9.66667	14811
9.67500	15585
9.68333	16284
9.69167	16899
9.70000	17422
9.70833	17848
9.71667	18174
9.72500	18401
9.73333	18531
9.74167	18569
9.75000	18523
9.75833	18401
9.76667	18214
9.77500	17974
9.78333	17693
9.79167	17383
9.80000	17057
9.80833	16725
9.81667	16399
9.82500	16088
9.83333	15801
9.84167	15546
9.85000	15328
9.85833	15153
9.86667	15025
9.87500	14946
9.88333	14917
9.89167	14940
9.90000	15013
9.90833	15137
9.91667	15309
9.92500	15526
9.93333	15788
9.94167	16090
9.95000	16431
9.95833	16807
9.96667	17215
9.97500	17652
9.98333	18114
9.99167	18598
10.00000	19100
10.00833	19618
10.01667	20148
10.02500	20684
10.03333	21220
10.04167	21746
10.05000	22249
10.05833	22710
10.06667	23103
10.07500	23394
10.08333	23546
10.09167	23521
10.10000	23283
10.10833	22807
10.11667	22082
10.12500	21116
10.13333	19935
10.14167	18580
10.15000	17102
10.15833	15556
10.16667	13998
10.17500	12475
10.18333	11028
10.19167	9685
10.20000	8463
10.20833	7372
10.21667	6411
10.22500	5576
10.23333	4858
10.24167	4245
10.25000	3726
10.25833	3287
10.26667	2919
10.27500	2609
10.28333	2349
10.29167	2130
10.30000	1944
10.30833	1787
10.31667	1653
10.32500	1538
10.33333	1438
10.34167	1351
10.35000	1274
10.35833	1206
10.36667	1145
10.37500	1091
10.38333	1042
10.39167	997
10.40000	957
10.40833	919
10.41667	885
10.42500	854
10.43333	825
10.44167	798
10.45000	774
10.45833	752
10.46667	733
10.47500	715
10.48333	700
10.49167	686
10.50000	674
10.50833	665
10.51667	657
10.52500	651
10.53333	645
10.54167	641
10.55000	638
10.55833	635
10.56667	632
10.57500	630
10.58333	626
10.59167	622
10.60000	617
10.60833	611
10.61667	604
10.62500	595
10.63333	585
10.64167	573
10.65000	560
10.65833	546
10.66667	530
10.67500	513
10.68333	496
10.69167	477
10.70000	458
10.70833	439
10.71667	420
10.72500	401
10.73333	382
10.74167	364
10.75000	346
10.75833	329
10.76667	313
10.77500	298
10.78333	284
10.79167	270
10.80000	258
10.80833	247
10.81667	236
10.82500	227
10.83333	218
10.84167	210
10.85000	202
10.85833	196
10.86667	190
10.87500	185
10.88333	180
10.89167	176
10.90000	172
10.90833	169
10.91667	166
10.92500	164
10.93333	162
10.94167	160
10.95000	158
10.95833	157
10.96667	156
10.97500	155
10.98333	154
10.99167	153
11.00000	153
11.00833	152
11.01667	153
11.02500	153
11.03333	154
11.04167	154
11.05000	156
11.05833	157
11.06667	158
11.07500	160
11.08333	162
11.09167	164
11.10000	167
11.10833	169
11.11667	173
11.12500	176
11.13333	180
11.14167	183
11.15000	188
11.15833	192
11.16667	197
11.17500	202
11.18333	208
11.19167	213
11.20000	219
11.20833	225
11.21667	232
11.22500	239
11.23333	246
11.24167	254
11.25000	261
11.25833	269
11.26667	276
11.27500	283
11.28333	290
11.29167	297
11.30000	304
11.30833	310
11.31667	315
11.32500	319
11.33333	323
11.34167	326
11.35000	328
11.35833	329
11.36667	329
11.37500	328
11.38333	326
11.39167	324
11.40000	321
11.40833	317
11.41667	313
11.42500	308
11.43333	304
11.44167	298
11.45000	293
11.45833	287
11.46667	281
11.47500	275
11.48333	270
11.49167	265
11.50000	260
11.50833	256
11.51667	252
11.52500	248
11.53333	245
11.54167	242
11.55000	240
11.55833	238
11.56667	238
11.57500	237
11.58333	238
11.59167	238
11.60000	239
11.60833	240
11.61667	241
11.62500	242
11.63333	244
11.64167	245
11.65000	247
11.65833	248
11.66667	249
11.67500	249
11.68333	250
11.69167	250
11.70000	250
11.70833	250
11.71667	250
11.72500	249
11.73333	248
11.74167	246
11.75000	244
11.75833	242
11.76667	239
11.77500	237
11.78333	234
11.79167	230
11.80000	227
11.80833	223
11.81667	219
11.82500	215
11.83333	211
11.84167	207
11.85000	203
11.85833	199
11.86667	195
11.87500	191
11.88333	187
11.89167	183
11.90000	179
11.90833	175
11.91667	172
11.92500	169
11.93333	165
11.94167	162
11.95000	159
11.95833	157
11.96667	154
11.97500	152
11.98333	151
11.99167	149
12.00000	148
12.00833	147
12.01667	147
12.02500	146
12.03333	146
12.04167	146
12.05000	146
12.05833	147
12.06667	147
12.07500	148
12.08333	149
12.09167	150
12.10000	152
12.10833	153
12.11667	154
12.12500	155
12.13333	156
12.14167	157
12.15000	157
12.15833	158
12.16667	158
12.17500	159
12.18333	160
12.19167	161
12.20000	162
12.20833	162
12.21667	162
12.22500	162
12.23333	162
12.24167	162
12.25000	162
12.25833	162
12.26667	161
12.27500	160
12.28333	160
12.29167	159
12.30000	158
12.30833	156
12.31667	154
12.32500	153
12.33333	151
12.34167	149
12.35000	146
12.35833	144
12.36667	141
12.37500	138
12.38333	135
12.39167	133
12.40000	130
12.40833	128
12.41667	126
12.42500	124
12.43333	121
12.44167	119
12.45000	117
12.45833	115
12.46667	114
12.47500	112
12.48333	110
12.49167	109
12.50000	108
12.50833	107
12.51667	106
12.52500	105
12.53333	105
12.54167	104
12.55000	104
12.55833	104
12.56667	104
12.57500	105
12.58333	105
12.59167	105
12.60000	106
12.60833	107
12.61667	108
12.62500	109
12.63333	111
12.64167	112
12.65000	114
12.65833	116
12.66667	117
12.67500	118
12.68333	120
12.69167	122
12.70000	124
12.70833	126
12.71667	127
12.72500	128
12.73333	130
12.74167	132
12.75000	133
12.75833	134
12.76667	135
12.77500	136
12.78333	137
12.79167	137
12.80000	138
12.80833	138
12.81667	139
12.82500	140
12.83333	141
12.84167	141
12.85000	141
12.85833	142
12.86667	142
12.87500	143
12.88333	143
12.89167	144
12.90000	144
12.90833	145
12.91667	145
12.92500	145
12.93333	146
12.94167	147
12.95000	148
12.95833	148
12.96667	149
12.97500	150
12.98333	151
12.99167	152
13.00000	152
13.00833	153
13.01667	154
13.02500	155
13.03333	155
13.04167	156
13.05000	157
13.05833	158
13.06667	159
13.07500	159
13.08333	160
13.09167	160
13.10000	159
13.10833	158
13.11667	158
13.12500	158
13.13333	157
13.14167	156
13.15000	156
13.15833	155
13.16667	155
13.17500	154
13.18333	153
13.19167	152
13.20000	151
13.20833	150
13.21667	149
13.22500	148
13.23333	147
13.24167	146
13.25000	146
13.25833	145
13.26667	145
13.27500	144
13.28333	144
13.29167	143
13.30000	143
13.30833	143
13.31667	143
13.32500	143
13.33333	143
13.34167	142
13.35000	143
13.35833	143
13.36667	143
13.37500	144
13.38333	144
13.39167	144
13.40000	145
13.40833	145
13.41667	146
13.42500	146
13.43333	146
13.44167	147
13.45000	147
13.45833	147
13.46667	147
13.47500	148
13.48333	148
13.49167	149
13.50000	150
13.50833	150
13.51667	149
13.52500	149
13.53333	148
13.54167	148
13.55000	147
13.55833	146
13.56667	146
13.57500	146
13.58333	145
13.59167	144
13.60000	144
13.60833	143
13.61667	143
13.62500	142
13.63333	142
13.64167	141
13.65000	141
13.65833	140
13.66667	141
13.67500	141
13.68333	142
13.69167	143
13.70000	143
13.70833	144
13.71667	146
13.72500	148
13.73333	150
13.74167	153
13.75000	157
13.75833	161
13.76667	165
13.77500	171
13.78333	177
13.79167	183
13.80000	191
13.80833	198
13.81667	207
13.82500	216
13.83333	227
13.84167	237
13.85000	249
13.85833	261
13.86667	274
13.87500	286
13.88333	300
13.89167	313
13.90000	326
13.90833	339
13.91667	351
13.92500	363
13.93333	373
13.94167	383
13.95000	392
13.95833	399
13.96667	405
13.97500	409
13.98333	412
13.99167	414
14.00000	414
14.00833	412
14.01667	409
14.02500	404
14.03333	398
14.04167	391
14.05000	383
14.05833	374
14.06667	365
14.07500	354
14.08333	344
14.09167	333
14.10000	322
14.10833	311
14.11667	301
14.12500	290
14.13333	280
14.14167	270
14.15000	260
14.15833	250
14.16667	242
14.17500	233
14.18333	225
14.19167	218
14.20000	211
14.20833	205
14.21667	199
14.22500	194
14.23333	190
14.24167	186
14.25000	183
14.25833	180
14.26667	178
14.27500	176
14.28333	174
14.29167	173
14.30000	173
14.30833	172
14.31667	172
14.32500	172
14.33333	173
14.34167	173
14.35000	174
14.35833	175
14.36667	176
14.37500	178
14.38333	179
14.39167	181
14.40000	183
14.40833	185
14.41667	186
14.42500	188
14.43333	190
14.44167	192
14.45000	194
14.45833	195
14.46667	197
14.47500	198
14.48333	200
14.49167	201
14.50000	202
14.50833	203
14.51667	204
14.52500	204
14.53333	204
14.54167	204
14.55000	203
14.55833	203
14.56667	202
14.57500	201
14.58333	200
14.59167	199
14.60000	197
14.60833	195
14.61667	193
14.62500	191
14.63333	189
14.64167	187
14.65000	184
14.65833	182
14.66667	180
14.67500	177
14.68333	174
14.69167	171
14.70000	169
14.70833	166
14.71667	164
14.72500	161
14.73333	159
14.74167	156
14.75000	154
14.75833	152
14.76667	150
14.77500	149
14.78333	148
14.79167	147
14.80000	145
14.80833	143
14.81667	142
14.82500	141
14.83333	139
14.84167	138
14.85000	137
14.85833	135
14.86667	134
14.87500	132
14.88333	132
14.89167	131
14.90000	130
14.90833	130
14.91667	128
14.92500	127
14.93333	126
14.94167	125
14.95000	124
14.95833	123
14.96667	122
14.97500	122
14.98333	121
14.99167	121
15.00000	120
15.00833	120
15.01667	120
15.02500	120
15.03333	120
15.04167	120
15.05000	121
15.05833	122
15.06667	123
15.07500	124
15.08333	126
15.09167	127
15.10000	130
15.10833	132
15.11667	135
15.12500	138
15.13333	141
15.14167	144
15.15000	148
15.15833	152
15.16667	156
15.17500	160
15.18333	164
15.19167	169
15.20000	173
15.20833	177
15.21667	181
15.22500	184
15.23333	188
15.24167	191
15.25000	194
15.25833	197
15.26667	198
15.27500	199
15.28333	200
15.29167	201
15.30000	201
15.30833	200
15.31667	198
15.32500	197
15.33333	194
15.34167	191
15.35000	187
15.35833	184
15.36667	180
15.37500	176
15.38333	172
15.39167	168
15.40000	163
15.40833	158
15.41667	152
15.42500	147
15.43333	142
15.44167	138
15.45000	134
15.45833	130
15.46667	127
15.47500	123
15.48333	120
15.49167	116
15.50000	114
15.50833	111
15.51667	109
15.52500	107
15.53333	105
15.54167	103
15.55000	102
15.55833	100
15.56667	99
15.57500	98
15.58333	97
15.59167	97
15.60000	96
15.60833	96
15.61667	96
15.62500	96
15.63333	97
15.64167	97
15.65000	98
15.65833	99
15.66667	100
15.67500	101
15.68333	102
15.69167	103
15.70000	104
15.70833	106
15.71667	108
15.72500	109
15.73333	111
15.74167	113
15.75000	115
15.75833	116
15.76667	118
15.77500	120
15.78333	121
15.79167	122
15.80000	124
15.80833	125
15.81667	126
15.82500	127
15.83333	128
15.84167	129
15.85000	130
15.85833	130
15.86667	131
15.87500	131
15.88333	131
15.89167	130
15.90000	130
15.90833	130
15.91667	130
15.92500	130
15.93333	129
15.94167	129
15.95000	129
15.95833	129
15.96667	129
15.97500	130
15.98333	130
15.99167	131
16.00000	132
16.00833	133
16.01667	134
16.02500	135
16.03333	137
16.04167	139
16.05000	140
16.05833	143
16.06667	145
16.07500	147
16.08333	150
16.09167	153
16.10000	155
16.10833	158
16.11667	161
16.12500	164
16.13333	166
16.14167	168
16.15000	170
16.15833	172
16.16667	174
16.17500	175
16.18333	176
16.19167	177
16.20000	178
16.20833	179
16.21667	180
16.22500	181
16.23333	182
16.24167	183
16.25000	184
16.25833	185
16.26667	186
16.27500	188
16.28333	190
16.29167	192
16.30000	195
16.30833	197
16.31667	201
16.32500	204
16.33333	208
16.34167	213
16.35000	217
16.35833	223
16.36667	229
16.37500	235
16.38333	242
16.39167	250
16.40000	258
16.40833	266
16.41667	275
16.42500	284
16.43333	293
16.44167	302
16.45000	312
16.45833	322
16.46667	333
16.47500	343
16.48333	354
16.49167	366
16.50000	377
16.50833	389
16.51667	401
16.52500	414
16.53333	426
16.54167	439
16.55000	452
16.55833	464
16.56667	477
16.57500	489
16.58333	501
16.59167	512
16.60000	522
16.60833	532
16.61667	541
16.62500	549
16.63333	555
16.64167	561
16.65000	565
16.65833	567
16.66667	569
16.67500	569
16.68333	568
16.69167	565
16.70000	560
16.70833	554
16.71667	547
16.72500	539
16.73333	529
16.74167	519
16.75000	507
16.75833	495
16.76667	482
16.77500	468
16.78333	454
16.79167	440
16.80000	427
16.80833	413
16.81667	399
16.82500	385
16.83333	372
16.84167	358
16.85000	345
16.85833	332
16.86667	320
16.87500	308
16.88333	296
16.89167	286
16.90000	275
16.90833	265
16.91667	256
16.92500	248
16.93333	239
16.94167	231
16.95000	224
16.95833	217
16.96667	211
16.97500	206
16.98333	200
16.99167	194
17.00000	189
17.00833	183
17.01667	179
17.02500	174
17.03333	170
17.04167	165
17.05000	161
17.05833	157
17.06667	154
17.07500	150
17.08333	147
17.09167	143
17.10000	139
17.10833	136
17.11667	133
17.12500	130
17.13333	127
17.14167	124
17.15000	121
17.15833	117
17.16667	114
17.17500	111
17.18333	109
17.19167	106
17.20000	104
17.20833	101
17.21667	99
17.22500	97
17.23333	94
17.24167	92
17.25000	90
17.25833	89
17.26667	87
17.27500	85
17.28333	83
17.29167	81
17.30000	79
17.30833	78
17.31667	76
17.32500	75
17.33333	73
17.34167	72
17.35000	71
17.35833	70
17.36667	69
17.37500	68
17.38333	66
17.39167	65
17.40000	64
17.40833	63
17.41667	62
17.42500	61
17.43333	61
17.44167	60
17.45000	60
17.45833	60
17.46667	60
17.47500	60
17.48333	60
17.49167	60
17.50000	59
17.50833	59
17.51667	59
17.52500	59
17.53333	59
17.54167	60
17.55000	60
17.55833	60
17.56667	61
17.57500	61
17.58333	62
17.59167	63
17.60000	64
17.60833	65
17.61667	66
17.62500	67
17.63333	68
17.64167	69
17.65000	70
17.65833	72
17.66667	74
17.67500	76
17.68333	79
17.69167	81
17.70000	84
17.70833	87
17.71667	90
17.72500	94
17.73333	99
17.74167	104
17.75000	109
17.75833	116
17.76667	122
17.77500	130
17.78333	138
17.79167	147
17.80000	157
17.80833	167
17.81667	179
17.82500	192
17.83333	207
17.84167	223
17.85000	240
17.85833	260
17.86667	282
17.87500	305
17.88333	331
17.89167	359
17.90000	390
17.90833	423
17.91667	460
17.92500	499
17.93333	542
17.94167	587
17.95000	635
17.95833	687
17.96667	742
17.97500	799
17.98333	860
17.99167	922
18.00000	987
18.00833	1054
18.01667	1122
18.02500	1192
18.03333	1261
18.04167	1330
18.05000	1398
18.05833	1464
18.06667	1528
18.07500	1589
18.08333	1646
18.09167	1699
18.10000	1747
18.10833	1790
18.11667	1826
18.12500	1857
18.13333	1880
18.14167	1896
18.15000	1905
18.15833	1907
18.16667	1902
18.17500	1890
18.18333	1871
18.19167	1845
18.20000	1813
18.20833	1776
18.21667	1733
18.22500	1685
18.23333	1634
18.24167	1579
18.25000	1522
18.25833	1463
18.26667	1402
18.27500	1340
18.28333	1277
18.29167	1214
18.30000	1152
18.30833	1090
18.31667	1030
18.32500	972
18.33333	915
18.34167	860
18.35000	808
18.35833	758
18.36667	711
18.37500	666
18.38333	625
18.39167	586
18.40000	549
18.40833	515
18.41667	483
18.42500	454
18.43333	427
18.44167	402
18.45000	379
18.45833	357
18.46667	338
18.47500	321
18.48333	304
18.49167	290
18.50000	276
18.50833	265
18.51667	254
18.52500	245
18.53333	236
18.54167	229
18.55000	223
18.55833	218
18.56667	214
18.57500	211
18.58333	208
18.59167	207
18.60000	206
18.60833	206
18.61667	207
18.62500	209
18.63333	212
18.64167	216
18.65000	221
18.65833	228
18.66667	235
18.67500	243
18.68333	252
18.69167	263
18.70000	274
18.70833	287
18.71667	301
18.72500	315
18.73333	332
18.74167	349
18.75000	368
18.75833	387
18.76667	407
18.77500	428
18.78333	450
18.79167	472
18.80000	494
18.80833	517
18.81667	540
18.82500	563
18.83333	586
18.84167	609
18.85000	631
18.85833	652
18.86667	671
18.87500	690
18.88333	707
18.89167	723
18.90000	737
18.90833	748
18.91667	758
18.92500	765
18.93333	770
18.94167	773
18.95000	774
18.95833	772
18.96667	768
18.97500	762
18.98333	754
18.99167	744
19.00000	732
19.00833	718
19.01667	703
19.02500	686
19.03333	667
19.04167	647
19.05000	626
19.05833	605
19.06667	582
19.07500	560
19.08333	537
19.09167	514
19.10000	491
19.10833	468
19.11667	446
19.12500	424
19.13333	403
19.14167	382
19.15000	363
19.15833	344
19.16667	326
19.17500	309
19.18333	292
19.19167	276
19.20000	261
19.20833	247
19.21667	234
19.22500	222
19.23333	211
19.24167	200
19.25000	191
19.25833	182
19.26667	174
19.27500	166
19.28333	160
19.29167	154
19.30000	149
19.30833	145
19.31667	141
19.32500	137
19.33333	134
19.34167	131
19.35000	129
19.35833	127
19.36667	125
19.37500	124
19.38333	123
19.39167	122
19.40000	121
19.40833	121
19.41667	121
19.42500	121
19.43333	121
19.44167	121
19.45000	121
19.45833	121
19.46667	122
19.47500	122
19.48333	122
19.49167	122
19.50000	122
19.50833	122
19.51667	122
19.52500	122
19.53333	121
19.54167	120
19.55000	119
19.55833	118
19.56667	117
19.57500	116
19.58333	115
19.59167	113
19.60000	112
19.60833	110
19.61667	109
19.62500	107
19.63333	105
19.64167	103
19.65000	100
19.65833	98
19.66667	96
19.67500	94
19.68333	93
19.69167	91
19.70000	90
19.70833	89
19.71667	88
19.72500	87
19.73333	85
19.74167	84
19.75000	82
19.75833	81
19.76667	79
19.77500	78
19.78333	77
19.79167	76
19.80000	75
19.80833	74
19.81667	73
19.82500	73
19.83333	72
19.84167	72
19.85000	71
19.85833	71
19.86667	70
19.87500	70
19.88333	69
19.89167	69
19.90000	68
19.90833	68
19.91667	68
19.92500	68
19.93333	68
19.94167	67
19.95000	67
19.95833	67
19.96667	67
19.97500	67
19.98333	66
19.99167	66
20.00000	66
20.00833	66
20.01667	66
20.02500	66
20.03333	66
20.04167	67
20.05000	67
20.05833	67
20.06667	67
20.07500	67
20.08333	67
20.09167	67
20.10000	68
20.10833	68
20.11667	68
20.12500	69
20.13333	69
20.14167	69
20.15000	70
20.15833	71
20.16667	71
20.17500	72
20.18333	72
20.19167	72
20.20000	72
20.20833	72
20.21667	72
20.22500	72
20.23333	72
20.24167	73
20.25000	74
20.25833	75
20.26667	76
20.27500	77
20.28333	78
20.29167	79
20.30000	80
20.30833	81
20.31667	83
20.32500	84
20.33333	86
20.34167	87
20.35000	89
20.35833	92
20.36667	94
20.37500	96
20.38333	99
20.39167	102
20.40000	104
20.40833	107
20.41667	110
20.42500	113
20.43333	116
20.44167	120
20.45000	124
20.45833	128
20.46667	133
20.47500	139
20.48333	144
20.49167	149
20.50000	155
20.50833	161
20.51667	167
20.52500	175
20.53333	183
20.54167	191
20.55000	200
20.55833	209
20.56667	219
20.57500	229
20.58333	241
20.59167	253
20.60000	267
20.60833	281
20.61667	296
20.62500	313
20.63333	331
20.64167	350
20.65000	370
20.65833	392
20.66667	415
20.67500	440
20.68333	466
20.69167	494
20.70000	523
20.70833	555
20.71667	588
20.72500	622
20.73333	658
20.74167	696
20.75000	734
20.75833	775
20.76667	816
20.77500	858
20.78333	901
20.79167	945
20.80000	989
20.80833	1034
20.81667	1079
20.82500	1125
20.83333	1170
20.84167	1216
20.85000	1261
20.85833	1306
20.86667	1350
20.87500	1393
20.88333	1436
20.89167	1478
20.90000	1518
20.90833	1558
20.91667	1596
20.92500	1633
20.93333	1669
20.94167	1704
20.95000	1738
20.95833	1771
20.96667	1803
20.97500	1834
20.98333	1864
20.99167	1895
21.00000	1925
21.00833	1956
21.01667	1987
21.02500	2018
21.03333	2050
21.04167	2083
21.05000	2118
21.05833	2154
21.06667	2193
21.07500	2233
21.08333	2277
21.09167	2324
21.10000	2374
21.10833	2429
21.11667	2489
21.12500	2554
21.13333	2625
21.14167	2702
21.15000	2787
21.15833	2879
21.16667	2980
21.17500	3091
21.18333	3211
21.19167	3342
21.20000	3484
21.20833	3638
21.21667	3805
21.22500	3985
21.23333	4179
21.24167	4387
21.25000	4610
21.25833	4848
21.26667	5101
21.27500	5370
21.28333	5654
21.29167	5954
21.30000	6268
21.30833	6596
21.31667	6938
21.32500	7292
21.33333	7657
21.34167	8032
21.35000	8415
21.35833	8804
21.36667	9199
21.37500	9595
21.38333	9992
21.39167	10387
21.40000	10777
21.40833	11159
21.41667	11533
21.42500	11894
21.43333	12240
21.44167	12569
21.45000	12878
21.45833	13166
21.46667	13430
21.47500	13667
21.48333	13877
21.49167	14058
21.50000	14209
21.50833	14328
21.51667	14414
21.52500	14468
21.53333	14488
21.54167	14476
21.55000	14431
21.55833	14355
21.56667	14247
21.57500	14109
21.58333	13942
21.59167	13748
21.60000	13529
21.60833	13285
21.61667	13019
21.62500	12733
21.63333	12429
21.64167	12109
21.65000	11775
21.65833	11429
21.66667	11074
21.67500	10711
21.68333	10343
21.69167	9971
21.70000	9597
21.70833	9224
21.71667	8852
21.72500	8483
21.73333	8119
21.74167	7760
21.75000	7407
21.75833	7063
21.76667	6728
21.77500	6402
21.78333	6086
21.79167	5779
21.80000	5484
21.80833	5199
21.81667	4926
21.82500	4665
21.83333	4414
21.84167	4175
21.85000	3948
21.85833	3731
21.86667	3524
21.87500	3328
21.88333	3141
21.89167	2965
21.90000	2798
21.90833	2640
21.91667	2491
21.92500	2350
21.93333	2217
21.94167	2092
21.95000	1973
21.95833	1861
21.96667	1755
21.97500	1656
21.98333	1562
21.99167	1475
22.00000	1392
22.00833	1314
22.01667	1241
22.02500	1172
22.03333	1108
22.04167	1047
22.05000	990
22.05833	937
22.06667	888
22.07500	841
22.08333	798
22.09167	757
22.10000	718
22.10833	682
22.11667	649
22.12500	619
22.13333	591
22.14167	565
22.15000	541
22.15833	519
22.16667	498
22.17500	479
22.18333	462
22.19167	447
22.20000	433
22.20833	420
22.21667	409
22.22500	398
22.23333	389
22.24167	381
22.25000	374
22.25833	368
22.26667	362
22.27500	357
22.28333	352
22.29167	348
22.30000	345
22.30833	342
22.31667	340
22.32500	338
22.33333	335
22.34167	334
22.35000	332
22.35833	330
22.36667	329
22.37500	327
22.38333	325
22.39167	323
22.40000	321
22.40833	319
22.41667	317
22.42500	314
22.43333	311
22.44167	307
22.45000	303
22.45833	299
22.46667	295
22.47500	290
22.48333	286
22.49167	281
22.50000	275
22.50833	269
22.51667	263
22.52500	256
22.53333	250
22.54167	243
22.55000	236
22.55833	229
22.56667	221
22.57500	212
22.58333	204
22.59167	195
22.60000	187
22.60833	179
22.61667	170
22.62500	162
22.63333	152
22.64167	144
22.65000	135
22.65833	127
22.66667	118
22.67500	110
22.68333	102
22.69167	94
22.70000	86
22.70833	79
22.71667	71
22.72500	64
22.73333	58
22.74167	51
22.75000	45
22.75833	39
22.76667	33
22.77500	28
22.78333	24
22.79167	19
22.80000	15
22.80833	12
22.81667	8
22.82500	5
22.83333	3
22.84167	1
22.85000	-1
22.85833	-2
22.86667	-3
22.87500	-4
22.88333	-4
22.89167	-5
22.90000	-5
22.90833	-4
22.91667	-4
22.92500	-2
22.93333	-1
22.94167	0
22.95000	2
22.95833	4
22.96667	7
22.97500	9
22.98333	11
22.99167	14
23.00000	16
23.00833	18
23.01667	20
23.02500	22
23.03333	25
23.04167	27
23.05000	30
23.05833	33
23.06667	35
23.07500	37
23.08333	39
23.09167	41
23.10000	43
23.10833	45
23.11667	47
23.12500	49
23.13333	50
23.14167	52
23.15000	53
23.15833	54
23.16667	55
23.17500	56
23.18333	57
23.19167	57
23.20000	58
23.20833	58
23.21667	59
23.22500	60
23.23333	60
23.24167	61
23.25000	61
23.25833	60
23.26667	60
23.27500	59
23.28333	59
23.29167	58
23.30000	58
23.30833	57
23.31667	56
23.32500	55
23.33333	54
23.34167	53
23.35000	53
23.35833	52
23.36667	51
23.37500	50
23.38333	50
23.39167	49
23.40000	48
23.40833	47
23.41667	46
23.42500	45
23.43333	44
23.44167	44
23.45000	43
23.45833	42
23.46667	41
23.47500	41
23.48333	40
23.49167	39
23.50000	38
23.50833	38
23.51667	37
23.52500	36
23.53333	35
23.54167	35
23.55000	34
23.55833	33
23.56667	32
23.57500	32
23.58333	31
23.59167	31
23.60000	30
23.60833	30
23.61667	29
23.62500	29
23.63333	29
23.64167	29
23.65000	28
23.65833	28
23.66667	28
23.67500	28
23.68333	28
23.69167	28
23.70000	28
23.70833	29
23.71667	29
23.72500	29
23.73333	29
23.74167	29
23.75000	30
23.75833	30
23.76667	30
23.77500	30
23.78333	30
23.79167	30
23.80000	29
23.80833	29
23.81667	29
23.82500	29
23.83333	29
23.84167	29
23.85000	30
23.85833	30
23.86667	31
23.87500	31
23.88333	31
23.89167	31
23.90000	32
23.90833	32
23.91667	33
23.92500	33
23.93333	33
23.94167	33
23.95000	33
23.95833	34
23.96667	34
23.97500	35
23.98333	35
23.99167	35
24.00000	35
24.00833	35
24.01667	35
24.02500	36
24.03333	36
24.04167	36
24.05000	36
24.05833	37
24.06667	37
24.07500	38
24.08333	37
24.09167	37
24.10000	37
24.10833	37
24.11667	37
24.12500	36
24.13333	36
24.14167	35
24.15000	35
24.15833	35
24.16667	34
24.17500	33
24.18333	32
24.19167	31
24.20000	30
24.20833	29
24.21667	28
24.22500	27
24.23333	25
24.24167	24
24.25000	22
24.25833	21
24.26667	19
24.27500	17
24.28333	15
24.29167	14
24.30000	12
24.30833	10
24.31667	8
24.32500	7
24.33333	6
24.34167	4
24.35000	3
24.35833	2
24.36667	0
24.37500	-1
24.38333	-2
24.39167	-4
24.40000	-5
24.40833	-6
24.41667	-7
24.42500	-8
24.43333	-9
24.44167	-10
24.45000	-12
24.45833	-13
24.46667	-13
24.47500	-14
24.48333	-14
24.49167	-15
24.50000	-15
24.50833	-15
24.51667	-15
24.52500	-15
24.53333	-16
24.54167	-16
24.55000	-16
24.55833	-16
24.56667	-15
24.57500	-15
24.58333	-14
24.59167	-14
24.60000	-14
24.60833	-13
24.61667	-13
24.62500	-13
24.63333	-13
24.64167	-12
24.65000	-12
24.65833	-11
24.66667	-11
24.67500	-10
24.68333	-9
24.69167	-8
24.70000	-7
24.70833	-7
24.71667	-6
24.72500	-5
24.73333	-5
24.74167	-4
24.75000	-4
24.75833	-3
24.76667	-2
24.77500	-2
24.78333	-1
24.79167	-0
24.80000	0
24.80833	1
24.81667	2
24.82500	2
24.83333	2
24.84167	3
24.85000	3
24.85833	3
24.86667	4
24.87500	4
24.88333	5
24.89167	5
24.90000	5
24.90833	6
24.91667	6
24.92500	6
24.93333	6
24.94167	6
24.95000	6
24.95833	6
24.96667	6
24.97500	6
24.98333	7
24.99167	7
25.00000	7
25.00833	8
25.01667	9
25.02500	10
25.03333	11
25.04167	12
25.05000	12
25.05833	13
25.06667	13
25.07500	14
25.08333	14
25.09167	15
25.10000	15
25.10833	15
25.11667	15
25.12500	15
25.13333	16
25.14167	16
25.15000	16
25.15833	16
25.16667	17
25.17500	17
25.18333	17
25.19167	17
25.20000	17
25.20833	17
25.21667	18
25.22500	18
25.23333	19
25.24167	19
25.25000	19
25.25833	20
25.26667	20
25.27500	21
25.28333	21
25.29167	21
25.30000	22
25.30833	22
25.31667	23
25.32500	23
25.33333	24
25.34167	25
25.35000	26
25.35833	27
25.36667	27
25.37500	28
25.38333	29
25.39167	31
25.40000	32
25.40833	33
25.41667	34
25.42500	35
25.43333	36
25.44167	37
25.45000	38
25.45833	40
25.46667	41
25.47500	43
25.48333	44
25.49167	45
25.50000	46
25.50833	48
25.51667	49
25.52500	50
25.53333	51
25.54167	52
25.55000	53
25.55833	54
25.56667	55
25.57500	55
25.58333	56
25.59167	57
25.60000	59
25.60833	60
25.61667	61
25.62500	63
25.63333	64
25.64167	66
25.65000	68
25.65833	69
25.66667	71
25.67500	73
25.68333	74
25.69167	75
25.70000	76
25.70833	78
25.71667	79
25.72500	80
25.73333	81
25.74167	82
25.75000	84
25.75833	84
25.76667	85
25.77500	86
25.78333	86
25.79167	87
25.80000	87
25.80833	88
25.81667	89
25.82500	90
25.83333	90
25.84167	91
25.85000	92
25.85833	93
25.86667	94
25.87500	94
25.88333	95
25.89167	97
25.90000	98
25.90833	100
25.91667	102
25.92500	104
25.93333	106
25.94167	109
25.95000	111
25.95833	114
25.96667	116
25.97500	118
25.98333	121
25.99167	124
26.00000	128
26.00833	132
26.01667	136
26.02500	141
26.03333	146
26.04167	151
26.05000	157
26.05833	163
26.06667	170
26.07500	178
26.08333	186
26.09167	194
26.10000	203
26.10833	213
26.11667	224
26.12500	235
26.13333	248
26.14167	261
26.15000	275
26.15833	290
26.16667	306
26.17500	323
26.18333	340
26.19167	359
26.20000	379
26.20833	400
26.21667	421
26.22500	444
26.23333	468
26.24167	492
26.25000	518
26.25833	546
26.26667	574
26.27500	604
26.28333	635
26.29167	668
26.30000	701
26.30833	736
26.31667	771
26.32500	807
26.33333	844
26.34167	881
26.35000	919
26.35833	958
26.36667	997
26.37500	1036
26.38333	1075
26.39167	1114
26.40000	1152
26.40833	1190
26.41667	1227
26.42500	1263
26.43333	1297
26.44167	1330
26.45000	1362
26.45833	1392
26.46667	1421
26.47500	1448
26.48333	1472
26.49167	1494
26.50000	1514
26.50833	1531
26.51667	1546
26.52500	1557
26.53333	1567
26.54167	1574
26.55000	1578
26.55833	1579
26.56667	1577
26.57500	1573
26.58333	1565
26.59167	1554
26.60000	1541
26.60833	1526
26.61667	1508
26.62500	1487
26.63333	1464
26.64167	1438
26.65000	1411
26.65833	1382
26.66667	1351
26.67500	1319
26.68333	1285
26.69167	1250
26.70000	1215
26.70833	1178
26.71667	1141
26.72500	1104
26.73333	1066
26.74167	1028
26.75000	991
26.75833	954
26.76667	917
26.77500	880
26.78333	843
26.79167	807
26.80000	772
26.80833	738
26.81667	705
26.82500	672
26.83333	640
26.84167	609
26.85000	579
26.85833	551
26.86667	523
26.87500	497
26.88333	471
26.89167	447
26.90000	423
26.90833	401
26.91667	380
26.92500	360
26.93333	341
26.94167	324
26.95000	307
26.95833	291
26.96667	277
26.97500	263
26.98333	250
26.99167	238
27.00000	226
27.00833	215
27.01667	205
27.02500	195
27.03333	185
27.04167	177
27.05000	168
27.05833	160
27.06667	152
27.07500	145
27.08333	138
27.09167	132
27.10000	126
27.10833	120
27.11667	115
27.12500	110
27.13333	106
27.14167	101
27.15000	98
27.15833	94
27.16667	91
27.17500	88
27.18333	86
27.19167	83
27.20000	80
27.20833	78
27.21667	75
27.22500	73
27.23333	72
27.24167	70
27.25000	68
27.25833	66
27.26667	64
27.27500	62
27.28333	60
27.29167	59
27.30000	57
27.30833	55
27.31667	54
27.32500	53
27.33333	51
27.34167	50
27.35000	49
27.35833	48
27.36667	47
27.37500	46
27.38333	46
27.39167	45
27.40000	45
27.40833	45
27.41667	45
27.42500	44
27.43333	43
27.44167	42
27.45000	42
27.45833	41
27.46667	41
27.47500	40
27.48333	39
27.49167	38
27.50000	38
27.50833	37
27.51667	36
27.52500	35
27.53333	34
27.54167	34
27.55000	33
27.55833	33
27.56667	33
27.57500	32
27.58333	32
27.59167	32
27.60000	32
27.60833	32
27.61667	32
27.62500	32
27.63333	32
27.64167	32
27.65000	32
27.65833	32
27.66667	32
27.67500	31
27.68333	31
27.69167	31
27.70000	30
27.70833	30
27.71667	30
27.72500	29
27.73333	29
27.74167	28
27.75000	28
27.75833	28
27.76667	28
27.77500	28
27.78333	28
27.79167	28
27.80000	28
27.80833	28
27.81667	28
27.82500	28
27.83333	29
27.84167	29
27.85000	30
27.85833	30
27.86667	30
27.87500	30
27.88333	30
27.89167	31
27.90000	31
27.90833	31
27.91667	31
27.92500	32
27.93333	32
27.94167	33
27.95000	33
27.95833	33
27.96667	33
27.97500	32
27.98333	32
27.99167	32
28.00000	32

