R.Time (min)	Intensity
0.00000	-33
0.00833	-33
0.01667	-0
0.02500	-1
0.03333	-1
0.04167	-2
0.05000	-3
0.05833	-4
0.06667	-5
0.07500	-6
0.08333	-6
0.09167	-7
0.10000	-7
0.10833	-8
0.11667	-8
0.12500	-8
0.13333	-9
0.14167	-10
0.15000	-10
0.15833	-11
0.16667	-12
0.17500	-13
0.18333	-14
0.19167	-14
0.20000	-14
0.20833	-15
0.21667	-15
0.22500	-15
0.23333	-15
0.24167	-16
0.25000	-16
0.25833	-17
0.26667	-17
0.27500	-18
0.28333	-18
0.29167	-19
0.30000	-19
0.30833	-19
0.31667	-20
0.32500	-20
0.33333	-20
0.34167	-20
0.35000	-20
0.35833	-20
0.36667	-20
0.37500	-21
0.38333	-22
0.39167	-22
0.40000	-23
0.40833	-23
0.41667	-24
0.42500	-24
0.43333	-24
0.44167	-25
0.45000	-26
0.45833	-27
0.46667	-28
0.47500	-28
0.48333	-29
0.49167	-31
0.50000	-32
0.50833	-33
0.51667	-33
0.52500	-34
0.53333	-35
0.54167	-35
0.55000	-36
0.55833	-36
0.56667	-37
0.57500	-37
0.58333	-38
0.59167	-39
0.60000	-39
0.60833	-39
0.61667	-40
0.62500	-40
0.63333	-41
0.64167	-41
0.65000	-42
0.65833	-43
0.66667	-44
0.67500	-44
0.68333	-44
0.69167	-45
0.70000	-45
0.70833	-46
0.71667	-46
0.72500	-46
0.73333	-46
0.74167	-46
0.75000	-46
0.75833	-47
0.76667	-47
0.77500	-47
0.78333	-48
0.79167	-48
0.80000	-49
0.80833	-49
0.81667	-49
0.82500	-50
0.83333	-50
0.84167	-51
0.85000	-51
0.85833	-51
0.86667	-51
0.87500	-52
0.88333	-52
0.89167	-52
0.90000	-52
0.90833	-53
0.91667	-53
0.92500	-53
0.93333	-54
0.94167	-54
0.95000	-55
0.95833	-55
0.96667	-56
0.97500	-56
0.98333	-56
0.99167	-57
1.00000	-57
1.00833	-58
1.01667	-59
1.02500	-60
1.03333	-60
1.04167	-61
1.05000	-61
1.05833	-61
1.06667	-62
1.07500	-62
1.08333	-62
1.09167	-62
1.10000	-63
1.10833	-64
1.11667	-65
1.12500	-65
1.13333	-66
1.14167	-66
1.15000	-67
1.15833	-68
1.16667	-68
1.17500	-69
1.18333	-69
1.19167	-70
1.20000	-70
1.20833	-70
1.21667	-70
1.22500	-70
1.23333	-70
1.24167	-71
1.25000	-72
1.25833	-72
1.26667	-74
1.27500	-74
1.28333	-74
1.29167	-74
1.30000	-74
1.30833	-74
1.31667	-74
1.32500	-74
1.33333	-74
1.34167	-74
1.35000	-74
1.35833	-74
1.36667	-75
1.37500	-75
1.38333	-75
1.39167	-75
1.40000	-75
1.40833	-75
1.41667	-75
1.42500	-76
1.43333	-76
1.44167	-76
1.45000	-76
1.45833	-76
1.46667	-76
1.47500	-76
1.48333	-76
1.49167	-76
1.50000	-76
1.50833	-76
1.51667	-76
1.52500	-76
1.53333	-76
1.54167	-76
1.55000	-77
1.55833	-77
1.56667	-77
1.57500	-77
1.58333	-78
1.59167	-78
1.60000	-78
1.60833	-78
1.61667	-78
1.62500	-79
1.63333	-79
1.64167	-79
1.65000	-79
1.65833	-79
1.66667	-79
1.67500	-79
1.68333	-79
1.69167	-79
1.70000	-80
1.70833	-80
1.71667	-80
1.72500	-80
1.73333	-80
1.74167	-81
1.75000	-81
1.75833	-81
1.76667	-81
1.77500	-81
1.78333	-81
1.79167	-81
1.80000	-81
1.80833	-82
1.81667	-82
1.82500	-82
1.83333	-82
1.84167	-82
1.85000	-82
1.85833	-82
1.86667	-83
1.87500	-83
1.88333	-83
1.89167	-83
1.90000	-83
1.90833	-83
1.91667	-84
1.92500	-84
1.93333	-84
1.94167	-84
1.95000	-84
1.95833	-84
1.96667	-84
1.97500	-84
1.98333	-84
1.99167	-84
2.00000	-84
2.00833	-84
2.01667	-84
2.02500	-85
2.03333	-85
2.04167	-86
2.05000	-87
2.05833	-87
2.06667	-88
2.07500	-88
2.08333	-88
2.09167	-89
2.10000	-89
2.10833	-89
2.11667	-89
2.12500	-89
2.13333	-89
2.14167	-89
2.15000	-90
2.15833	-89
2.16667	-90
2.17500	-90
2.18333	-90
2.19167	-90
2.20000	-90
2.20833	-90
2.21667	-90
2.22500	-90
2.23333	-90
2.24167	-91
2.25000	-91
2.25833	-91
2.26667	-91
2.27500	-91
2.28333	-91
2.29167	-92
2.30000	-92
2.30833	-92
2.31667	-92
2.32500	-92
2.33333	-92
2.34167	-93
2.35000	-93
2.35833	-92
2.36667	-92
2.37500	-92
2.38333	-92
2.39167	-92
2.40000	-92
2.40833	-92
2.41667	-93
2.42500	-93
2.43333	-93
2.44167	-93
2.45000	-93
2.45833	-94
2.46667	-94
2.47500	-94
2.48333	-95
2.49167	-94
2.50000	-94
2.50833	-94
2.51667	-95
2.52500	-95
2.53333	-95
2.54167	-95
2.55000	-95
2.55833	-95
2.56667	-95
2.57500	-95
2.58333	-95
2.59167	-96
2.60000	-96
2.60833	-96
2.61667	-96
2.62500	-96
2.63333	-97
2.64167	-97
2.65000	-97
2.65833	-97
2.66667	-97
2.67500	-98
2.68333	-98
2.69167	-98
2.70000	-99
2.70833	-99
2.71667	-100
2.72500	-100
2.73333	-100
2.74167	-100
2.75000	-100
2.75833	-100
2.76667	-101
2.77500	-101
2.78333	-102
2.79167	-102
2.80000	-102
2.80833	-102
2.81667	-102
2.82500	-102
2.83333	-101
2.84167	-101
2.85000	-101
2.85833	-101
2.86667	-102
2.87500	-102
2.88333	-102
2.89167	-103
2.90000	-103
2.90833	-103
2.91667	-104
2.92500	-104
2.93333	-104
2.94167	-104
2.95000	-104
2.95833	-105
2.96667	-105
2.97500	-106
2.98333	-107
2.99167	-106
3.00000	-106
3.00833	-106
3.01667	-106
3.02500	-106
3.03333	-106
3.04167	-106
3.05000	-106
3.05833	-106
3.06667	-106
3.07500	-106
3.08333	-106
3.09167	-107
3.10000	-107
3.10833	-107
3.11667	-107
3.12500	-108
3.13333	-108
3.14167	-108
3.15000	-108
3.15833	-109
3.16667	-109
3.17500	-109
3.18333	-109
3.19167	-109
3.20000	-109
3.20833	-109
3.21667	-109
3.22500	-109
3.23333	-109
3.24167	-109
3.25000	-110
3.25833	-110
3.26667	-110
3.27500	-111
3.28333	-111
3.29167	-111
3.30000	-111
3.30833	-111
3.31667	-111
3.32500	-111
3.33333	-112
3.34167	-112
3.35000	-112
3.35833	-112
3.36667	-111
3.37500	-111
3.38333	-111
3.39167	-110
3.40000	-110
3.40833	-109
3.41667	-109
3.42500	-109
3.43333	-108
3.44167	-107
3.45000	-107
3.45833	-106
3.46667	-106
3.47500	-105
3.48333	-105
3.49167	-104
3.50000	-103
3.50833	-102
3.51667	-101
3.52500	-100
3.53333	-99
3.54167	-98
3.55000	-97
3.55833	-95
3.56667	-94
3.57500	-92
3.58333	-91
3.59167	-89
3.60000	-88
3.60833	-86
3.61667	-85
3.62500	-83
3.63333	-81
3.64167	-79
3.65000	-77
3.65833	-75
3.66667	-73
3.67500	-71
3.68333	-68
3.69167	-66
3.70000	-63
3.70833	-60
3.71667	-57
3.72500	-54
3.73333	-50
3.74167	-47
3.75000	-44
3.75833	-40
3.76667	-37
3.77500	-33
3.78333	-30
3.79167	-25
3.80000	-21
3.80833	-17
3.81667	-13
3.82500	-10
3.83333	-6
3.84167	-2
3.85000	1
3.85833	5
3.86667	9
3.87500	13
3.88333	17
3.89167	21
3.90000	24
3.90833	28
3.91667	32
3.92500	35
3.93333	39
3.94167	42
3.95000	45
3.95833	47
3.96667	50
3.97500	52
3.98333	54
3.99167	56
4.00000	58
4.00833	60
4.01667	62
4.02500	64
4.03333	65
4.04167	66
4.05000	67
4.05833	67
4.06667	67
4.07500	66
4.08333	66
4.09167	65
4.10000	64
4.10833	63
4.11667	62
4.12500	60
4.13333	58
4.14167	56
4.15000	54
4.15833	51
4.16667	49
4.17500	46
4.18333	43
4.19167	40
4.20000	36
4.20833	32
4.21667	29
4.22500	25
4.23333	21
4.24167	17
4.25000	13
4.25833	10
4.26667	6
4.27500	2
4.28333	-2
4.29167	-6
4.30000	-10
4.30833	-14
4.31667	-18
4.32500	-22
4.33333	-26
4.34167	-30
4.35000	-35
4.35833	-39
4.36667	-43
4.37500	-46
4.38333	-50
4.39167	-53
4.40000	-56
4.40833	-59
4.41667	-62
4.42500	-64
4.43333	-67
4.44167	-70
4.45000	-73
4.45833	-75
4.46667	-77
4.47500	-79
4.48333	-82
4.49167	-84
4.50000	-87
4.50833	-89
4.51667	-91
4.52500	-92
4.53333	-94
4.54167	-96
4.55000	-97
4.55833	-99
4.56667	-100
4.57500	-102
4.58333	-104
4.59167	-105
4.60000	-106
4.60833	-108
4.61667	-109
4.62500	-110
4.63333	-111
4.64167	-112
4.65000	-113
4.65833	-113
4.66667	-114
4.67500	-115
4.68333	-116
4.69167	-117
4.70000	-118
4.70833	-118
4.71667	-119
4.72500	-120
4.73333	-120
4.74167	-121
4.75000	-121
4.75833	-122
4.76667	-122
4.77500	-123
4.78333	-123
4.79167	-124
4.80000	-124
4.80833	-123
4.81667	-124
4.82500	-124
4.83333	-123
4.84167	-123
4.85000	-123
4.85833	-123
4.86667	-122
4.87500	-122
4.88333	-122
4.89167	-121
4.90000	-121
4.90833	-121
4.91667	-120
4.92500	-120
4.93333	-120
4.94167	-120
4.95000	-120
4.95833	-119
4.96667	-119
4.97500	-118
4.98333	-118
4.99167	-117
5.00000	-117
5.00833	-116
5.01667	-116
5.02500	-115
5.03333	-115
5.04167	-114
5.05000	-113
5.05833	-113
5.06667	-113
5.07500	-113
5.08333	-113
5.09167	-112
5.10000	-112
5.10833	-111
5.11667	-110
5.12500	-110
5.13333	-110
5.14167	-110
5.15000	-110
5.15833	-110
5.16667	-109
5.17500	-109
5.18333	-109
5.19167	-109
5.20000	-109
5.20833	-108
5.21667	-108
5.22500	-108
5.23333	-108
5.24167	-108
5.25000	-107
5.25833	-107
5.26667	-107
5.27500	-107
5.28333	-108
5.29167	-108
5.30000	-108
5.30833	-109
5.31667	-109
5.32500	-109
5.33333	-109
5.34167	-110
5.35000	-110
5.35833	-110
5.36667	-111
5.37500	-111
5.38333	-112
5.39167	-112
5.40000	-112
5.40833	-112
5.41667	-113
5.42500	-113
5.43333	-114
5.44167	-114
5.45000	-115
5.45833	-115
5.46667	-115
5.47500	-115
5.48333	-115
5.49167	-115
5.50000	-115
5.50833	-115
5.51667	-116
5.52500	-116
5.53333	-115
5.54167	-115
5.55000	-115
5.55833	-115
5.56667	-115
5.57500	-114
5.58333	-114
5.59167	-114
5.60000	-114
5.60833	-115
5.61667	-115
5.62500	-115
5.63333	-115
5.64167	-116
5.65000	-116
5.65833	-116
5.66667	-116
5.67500	-116
5.68333	-115
5.69167	-115
5.70000	-115
5.70833	-115
5.71667	-115
5.72500	-115
5.73333	-116
5.74167	-116
5.75000	-116
5.75833	-116
5.76667	-116
5.77500	-116
5.78333	-117
5.79167	-117
5.80000	-117
5.80833	-118
5.81667	-118
5.82500	-119
5.83333	-119
5.84167	-119
5.85000	-119
5.85833	-119
5.86667	-120
5.87500	-120
5.88333	-120
5.89167	-120
5.90000	-119
5.90833	-119
5.91667	-119
5.92500	-119
5.93333	-119
5.94167	-119
5.95000	-118
5.95833	-118
5.96667	-118
5.97500	-118
5.98333	-118
5.99167	-118
6.00000	-118
6.00833	-118
6.01667	-118
6.02500	-117
6.03333	-117
6.04167	-117
6.05000	-117
6.05833	-117
6.06667	-117
6.07500	-117
6.08333	-116
6.09167	-116
6.10000	-117
6.10833	-117
6.11667	-116
6.12500	-116
6.13333	-116
6.14167	-116
6.15000	-116
6.15833	-116
6.16667	-116
6.17500	-116
6.18333	-116
6.19167	-116
6.20000	-116
6.20833	-115
6.21667	-115
6.22500	-115
6.23333	-115
6.24167	-114
6.25000	-114
6.25833	-114
6.26667	-114
6.27500	-114
6.28333	-113
6.29167	-113
6.30000	-113
6.30833	-112
6.31667	-112
6.32500	-111
6.33333	-111
6.34167	-111
6.35000	-110
6.35833	-110
6.36667	-110
6.37500	-110
6.38333	-110
6.39167	-110
6.40000	-110
6.40833	-109
6.41667	-109
6.42500	-109
6.43333	-108
6.44167	-108
6.45000	-108
6.45833	-107
6.46667	-107
6.47500	-107
6.48333	-106
6.49167	-106
6.50000	-106
6.50833	-106
6.51667	-106
6.52500	-106
6.53333	-106
6.54167	-106
6.55000	-106
6.55833	-106
6.56667	-107
6.57500	-107
6.58333	-108
6.59167	-108
6.60000	-109
6.60833	-109
6.61667	-110
6.62500	-110
6.63333	-110
6.64167	-110
6.65000	-110
6.65833	-110
6.66667	-110
6.67500	-110
6.68333	-111
6.69167	-111
6.70000	-111
6.70833	-111
6.71667	-111
6.72500	-112
6.73333	-111
6.74167	-111
6.75000	-111
6.75833	-111
6.76667	-111
6.77500	-111
6.78333	-111
6.79167	-111
6.80000	-111
6.80833	-111
6.81667	-111
6.82500	-111
6.83333	-111
6.84167	-110
6.85000	-111
6.85833	-111
6.86667	-110
6.87500	-110
6.88333	-110
6.89167	-110
6.90000	-110
6.90833	-110
6.91667	-110
6.92500	-110
6.93333	-110
6.94167	-110
6.95000	-110
6.95833	-110
6.96667	-110
6.97500	-110
6.98333	-110
6.99167	-110
7.00000	-110
7.00833	-110
7.01667	-111
7.02500	-111
7.03333	-110
7.04167	-110
7.05000	-110
7.05833	-109
7.06667	-108
7.07500	-107
7.08333	-105
7.09167	-102
7.10000	-98
7.10833	-93
7.11667	-88
7.12500	-80
7.13333	-71
7.14167	-61
7.15000	-48
7.15833	-33
7.16667	-16
7.17500	3
7.18333	26
7.19167	51
7.20000	79
7.20833	109
7.21667	141
7.22500	175
7.23333	211
7.24167	248
7.25000	286
7.25833	322
7.26667	357
7.27500	388
7.28333	413
7.29167	431
7.30000	440
7.30833	438
7.31667	427
7.32500	407
7.33333	383
7.34167	359
7.35000	348
7.35833	360
7.36667	413
7.37500	524
7.38333	713
7.39167	1003
7.40000	1414
7.40833	1965
7.41667	2672
7.42500	3549
7.43333	4601
7.44167	5829
7.45000	7226
7.45833	8774
7.46667	10449
7.47500	12212
7.48333	14017
7.49167	15803
7.50000	17504
7.50833	19047
7.51667	20357
7.52500	21369
7.53333	22027
7.54167	22298
7.55000	22171
7.55833	21660
7.56667	20802
7.57500	19653
7.58333	18281
7.59167	16760
7.60000	15163
7.60833	13556
7.61667	11994
7.62500	10522
7.63333	9170
7.64167	7955
7.65000	6885
7.65833	5959
7.66667	5170
7.67500	4506
7.68333	3953
7.69167	3498
7.70000	3125
7.70833	2820
7.71667	2570
7.72500	2365
7.73333	2195
7.74167	2051
7.75000	1927
7.75833	1819
7.76667	1723
7.77500	1635
7.78333	1553
7.79167	1476
7.80000	1402
7.80833	1330
7.81667	1261
7.82500	1195
7.83333	1131
7.84167	1069
7.85000	1009
7.85833	952
7.86667	898
7.87500	847
7.88333	799
7.89167	755
7.90000	714
7.90833	676
7.91667	643
7.92500	614
7.93333	590
7.94167	571
7.95000	557
7.95833	548
7.96667	544
7.97500	546
7.98333	551
7.99167	559
8.00000	571
8.00833	584
8.01667	599
8.02500	613
8.03333	626
8.04167	636
8.05000	644
8.05833	649
8.06667	650
8.07500	648
8.08333	643
8.09167	634
8.10000	622
8.10833	606
8.11667	588
8.12500	568
8.13333	546
8.14167	523
8.15000	499
8.15833	475
8.16667	451
8.17500	427
8.18333	403
8.19167	381
8.20000	360
8.20833	339
8.21667	320
8.22500	303
8.23333	287
8.24167	272
8.25000	260
8.25833	248
8.26667	238
8.27500	229
8.28333	221
8.29167	214
8.30000	208
8.30833	203
8.31667	198
8.32500	194
8.33333	190
8.34167	188
8.35000	185
8.35833	183
8.36667	181
8.37500	179
8.38333	178
8.39167	176
8.40000	174
8.40833	173
8.41667	171
8.42500	170
8.43333	169
8.44167	168
8.45000	166
8.45833	165
8.46667	164
8.47500	163
8.48333	162
8.49167	161
8.50000	160
8.50833	159
8.51667	158
8.52500	158
8.53333	158
8.54167	158
8.55000	158
8.55833	159
8.56667	160
8.57500	163
8.58333	166
8.59167	169
8.60000	174
8.60833	179
8.61667	186
8.62500	194
8.63333	204
8.64167	216
8.65000	231
8.65833	248
8.66667	267
8.67500	289
8.68333	314
8.69167	342
8.70000	371
8.70833	402
8.71667	434
8.72500	467
8.73333	500
8.74167	532
8.75000	562
8.75833	590
8.76667	615
8.77500	637
8.78333	656
8.79167	671
8.80000	682
8.80833	690
8.81667	694
8.82500	696
8.83333	695
8.84167	693
8.85000	691
8.85833	689
8.86667	688
8.87500	690
8.88333	695
8.89167	705
8.90000	721
8.90833	745
8.91667	777
8.92500	819
8.93333	871
8.94167	935
8.95000	1009
8.95833	1095
8.96667	1192
8.97500	1298
8.98333	1413
8.99167	1535
9.00000	1661
9.00833	1790
9.01667	1919
9.02500	2045
9.03333	2166
9.04167	2277
9.05000	2377
9.05833	2464
9.06667	2535
9.07500	2588
9.08333	2624
9.09167	2642
9.10000	2640
9.10833	2621
9.11667	2583
9.12500	2530
9.13333	2462
9.14167	2382
9.15000	2291
9.15833	2192
9.16667	2087
9.17500	1977
9.18333	1866
9.19167	1754
9.20000	1643
9.20833	1535
9.21667	1430
9.22500	1330
9.23333	1236
9.24167	1146
9.25000	1063
9.25833	986
9.26667	915
9.27500	850
9.28333	792
9.29167	739
9.30000	691
9.30833	649
9.31667	611
9.32500	578
9.33333	549
9.34167	525
9.35000	505
9.35833	488
9.36667	476
9.37500	467
9.38333	462
9.39167	462
9.40000	467
9.40833	477
9.41667	493
9.42500	516
9.43333	548
9.44167	589
9.45000	642
9.45833	711
9.46667	796
9.47500	903
9.48333	1034
9.49167	1194
9.50000	1386
9.50833	1618
9.51667	1893
9.52500	2216
9.53333	2592
9.54167	3027
9.55000	3522
9.55833	4081
9.56667	4705
9.57500	5392
9.58333	6141
9.59167	6947
9.60000	7804
9.60833	8705
9.61667	9637
9.62500	10591
9.63333	11552
9.64167	12507
9.65000	13440
9.65833	14337
9.66667	15184
9.67500	15968
9.68333	16676
9.69167	17298
9.70000	17828
9.70833	18259
9.71667	18589
9.72500	18819
9.73333	18951
9.74167	18990
9.75000	18944
9.75833	18821
9.76667	18633
9.77500	18390
9.78333	18104
9.79167	17788
9.80000	17455
9.80833	17115
9.81667	16781
9.82500	16461
9.83333	16165
9.84167	15900
9.85000	15673
9.85833	15488
9.86667	15350
9.87500	15261
9.88333	15223
9.89167	15237
9.90000	15303
9.90833	15418
9.91667	15582
9.92500	15793
9.93333	16049
9.94167	16347
9.95000	16685
9.95833	17058
9.96667	17464
9.97500	17901
9.98333	18363
9.99167	18850
10.00000	19358
10.00833	19882
10.01667	20420
10.02500	20967
10.03333	21518
10.04167	22066
10.05000	22603
10.05833	23113
10.06667	23575
10.07500	23961
10.08333	24237
10.09167	24364
10.10000	24301
10.10833	24014
10.11667	23478
10.12500	22685
10.13333	21645
10.14167	20388
10.15000	18958
10.15833	17408
10.16667	15797
10.17500	14182
10.18333	12611
10.19167	11122
10.20000	9746
10.20833	8498
10.21667	7387
10.22500	6411
10.23333	5564
10.24167	4837
10.25000	4218
10.25833	3694
10.26667	3253
10.27500	2882
10.28333	2570
10.29167	2309
10.30000	2088
10.30833	1902
10.31667	1745
10.32500	1611
10.33333	1496
10.34167	1397
10.35000	1310
10.35833	1234
10.36667	1167
10.37500	1106
10.38333	1052
10.39167	1003
10.40000	957
10.40833	917
10.41667	880
10.42500	846
10.43333	814
10.44167	786
10.45000	760
10.45833	736
10.46667	715
10.47500	695
10.48333	678
10.49167	663
10.50000	650
10.50833	638
10.51667	629
10.52500	621
10.53333	615
10.54167	610
10.55000	605
10.55833	601
10.56667	598
10.57500	594
10.58333	589
10.59167	584
10.60000	578
10.60833	572
10.61667	563
10.62500	553
10.63333	541
10.64167	527
10.65000	512
10.65833	495
10.66667	477
10.67500	458
10.68333	438
10.69167	417
10.70000	396
10.70833	374
10.71667	353
10.72500	332
10.73333	311
10.74167	290
10.75000	270
10.75833	251
10.76667	233
10.77500	216
10.78333	200
10.79167	185
10.80000	170
10.80833	157
10.81667	145
10.82500	134
10.83333	124
10.84167	115
10.85000	108
10.85833	101
10.86667	94
10.87500	88
10.88333	83
10.89167	78
10.90000	74
10.90833	70
10.91667	67
10.92500	64
10.93333	61
10.94167	58
10.95000	56
10.95833	55
10.96667	53
10.97500	52
10.98333	51
10.99167	49
11.00000	49
11.00833	48
11.01667	48
11.02500	48
11.03333	48
11.04167	49
11.05000	49
11.05833	50
11.06667	51
11.07500	53
11.08333	54
11.09167	56
11.10000	59
11.10833	62
11.11667	65
11.12500	68
11.13333	71
11.14167	75
11.15000	79
11.15833	83
11.16667	88
11.17500	93
11.18333	99
11.19167	105
11.20000	111
11.20833	118
11.21667	125
11.22500	132
11.23333	140
11.24167	149
11.25000	157
11.25833	165
11.26667	172
11.27500	180
11.28333	188
11.29167	195
11.30000	201
11.30833	208
11.31667	213
11.32500	218
11.33333	222
11.34167	225
11.35000	227
11.35833	228
11.36667	228
11.37500	227
11.38333	225
11.39167	222
11.40000	219
11.40833	215
11.41667	210
11.42500	206
11.43333	200
11.44167	194
11.45000	188
11.45833	182
11.46667	176
11.47500	170
11.48333	165
11.49167	159
11.50000	154
11.50833	150
11.51667	146
11.52500	144
11.53333	141
11.54167	139
11.55000	138
11.55833	138
11.56667	138
11.57500	139
11.58333	140
11.59167	142
11.60000	144
11.60833	147
11.61667	150
11.62500	153
11.63333	156
11.64167	159
11.65000	162
11.65833	164
11.66667	167
11.67500	168
11.68333	169
11.69167	169
11.70000	169
11.70833	169
11.71667	168
11.72500	167
11.73333	165
11.74167	162
11.75000	159
11.75833	156
11.76667	152
11.77500	148
11.78333	143
11.79167	139
11.80000	134
11.80833	128
11.81667	123
11.82500	118
11.83333	113
11.84167	108
11.85000	102
11.85833	97
11.86667	92
11.87500	87
11.88333	82
11.89167	78
11.90000	73
11.90833	68
11.91667	64
11.92500	59
11.93333	55
11.94167	52
11.95000	49
11.95833	45
11.96667	42
11.97500	40
11.98333	38
11.99167	36
12.00000	35
12.00833	34
12.01667	33
12.02500	32
12.03333	32
12.04167	32
12.05000	32
12.05833	33
12.06667	33
12.07500	34
12.08333	35
12.09167	37
12.10000	38
12.10833	40
12.11667	41
12.12500	43
12.13333	44
12.14167	46
12.15000	48
12.15833	49
12.16667	50
12.17500	52
12.18333	53
12.19167	55
12.20000	56
12.20833	57
12.21667	58
12.22500	59
12.23333	60
12.24167	61
12.25000	61
12.25833	61
12.26667	60
12.27500	59
12.28333	58
12.29167	57
12.30000	56
12.30833	54
12.31667	52
12.32500	49
12.33333	47
12.34167	44
12.35000	42
12.35833	39
12.36667	36
12.37500	34
12.38333	31
12.39167	29
12.40000	26
12.40833	23
12.41667	20
12.42500	18
12.43333	15
12.44167	13
12.45000	11
12.45833	9
12.46667	7
12.47500	6
12.48333	5
12.49167	4
12.50000	3
12.50833	3
12.51667	2
12.52500	2
12.53333	2
12.54167	2
12.55000	2
12.55833	2
12.56667	3
12.57500	3
12.58333	4
12.59167	5
12.60000	6
12.60833	7
12.61667	9
12.62500	10
12.63333	12
12.64167	13
12.65000	15
12.65833	16
12.66667	18
12.67500	20
12.68333	21
12.69167	23
12.70000	25
12.70833	27
12.71667	29
12.72500	31
12.73333	33
12.74167	35
12.75000	37
12.75833	38
12.76667	40
12.77500	41
12.78333	43
12.79167	44
12.80000	45
12.80833	46
12.81667	46
12.82500	47
12.83333	48
12.84167	48
12.85000	48
12.85833	49
12.86667	49
12.87500	49
12.88333	49
12.89167	49
12.90000	49
12.90833	49
12.91667	49
12.92500	50
12.93333	50
12.94167	51
12.95000	51
12.95833	52
12.96667	52
12.97500	53
12.98333	54
12.99167	55
13.00000	56
13.00833	56
13.01667	57
13.02500	57
13.03333	58
13.04167	59
13.05000	60
13.05833	60
13.06667	60
13.07500	61
13.08333	61
13.09167	61
13.10000	62
13.10833	62
13.11667	62
13.12500	61
13.13333	61
13.14167	61
13.15000	60
13.15833	59
13.16667	59
13.17500	58
13.18333	57
13.19167	56
13.20000	55
13.20833	53
13.21667	52
13.22500	51
13.23333	49
13.24167	48
13.25000	48
13.25833	47
13.26667	47
13.27500	46
13.28333	46
13.29167	45
13.30000	45
13.30833	44
13.31667	44
13.32500	45
13.33333	46
13.34167	46
13.35000	47
13.35833	48
13.36667	48
13.37500	49
13.38333	50
13.39167	51
13.40000	51
13.40833	53
13.41667	53
13.42500	54
13.43333	55
13.44167	56
13.45000	57
13.45833	57
13.46667	58
13.47500	59
13.48333	60
13.49167	61
13.50000	61
13.50833	62
13.51667	63
13.52500	63
13.53333	63
13.54167	64
13.55000	64
13.55833	64
13.56667	64
13.57500	64
13.58333	64
13.59167	65
13.60000	65
13.60833	65
13.61667	65
13.62500	65
13.63333	66
13.64167	66
13.65000	67
13.65833	68
13.66667	69
13.67500	71
13.68333	72
13.69167	75
13.70000	77
13.70833	81
13.71667	84
13.72500	89
13.73333	93
13.74167	99
13.75000	105
13.75833	112
13.76667	119
13.77500	127
13.78333	136
13.79167	145
13.80000	156
13.80833	166
13.81667	178
13.82500	190
13.83333	203
13.84167	217
13.85000	232
13.85833	247
13.86667	262
13.87500	278
13.88333	294
13.89167	311
13.90000	327
13.90833	343
13.91667	358
13.92500	373
13.93333	387
13.94167	399
13.95000	411
13.95833	422
13.96667	431
13.97500	438
13.98333	444
13.99167	448
14.00000	451
14.00833	452
14.01667	452
14.02500	451
14.03333	447
14.04167	442
14.05000	437
14.05833	430
14.06667	423
14.07500	415
14.08333	407
14.09167	398
14.10000	390
14.10833	382
14.11667	373
14.12500	365
14.13333	357
14.14167	349
14.15000	342
14.15833	335
14.16667	329
14.17500	323
14.18333	318
14.19167	314
14.20000	310
14.20833	306
14.21667	304
14.22500	302
14.23333	300
14.24167	299
14.25000	299
14.25833	298
14.26667	298
14.27500	299
14.28333	300
14.29167	302
14.30000	304
14.30833	306
14.31667	309
14.32500	311
14.33333	314
14.34167	317
14.35000	320
14.35833	324
14.36667	328
14.37500	331
14.38333	335
14.39167	339
14.40000	343
14.40833	347
14.41667	351
14.42500	355
14.43333	359
14.44167	363
14.45000	366
14.45833	369
14.46667	373
14.47500	376
14.48333	379
14.49167	382
14.50000	385
14.50833	387
14.51667	389
14.52500	391
14.53333	392
14.54167	393
14.55000	394
14.55833	394
14.56667	394
14.57500	394
14.58333	393
14.59167	392
14.60000	390
14.60833	388
14.61667	387
14.62500	385
14.63333	382
14.64167	379
14.65000	377
14.65833	374
14.66667	372
14.67500	369
14.68333	367
14.69167	364
14.70000	361
14.70833	358
14.71667	355
14.72500	353
14.73333	351
14.74167	349
14.75000	347
14.75833	344
14.76667	343
14.77500	341
14.78333	339
14.79167	337
14.80000	335
14.80833	334
14.81667	332
14.82500	330
14.83333	329
14.84167	327
14.85000	326
14.85833	325
14.86667	323
14.87500	322
14.88333	320
14.89167	318
14.90000	316
14.90833	314
14.91667	312
14.92500	311
14.93333	309
14.94167	307
14.95000	305
14.95833	304
14.96667	303
14.97500	302
14.98333	300
14.99167	299
15.00000	297
15.00833	296
15.01667	295
15.02500	295
15.03333	294
15.04167	294
15.05000	293
15.05833	293
15.06667	293
15.07500	294
15.08333	296
15.09167	298
15.10000	300
15.10833	302
15.11667	304
15.12500	307
15.13333	310
15.14167	313
15.15000	317
15.15833	321
15.16667	325
15.17500	328
15.18333	333
15.19167	337
15.20000	341
15.20833	345
15.21667	349
15.22500	352
15.23333	355
15.24167	358
15.25000	360
15.25833	361
15.26667	362
15.27500	363
15.28333	363
15.29167	362
15.30000	360
15.30833	357
15.31667	354
15.32500	350
15.33333	345
15.34167	339
15.35000	333
15.35833	326
15.36667	319
15.37500	312
15.38333	305
15.39167	297
15.40000	288
15.40833	280
15.41667	272
15.42500	264
15.43333	257
15.44167	249
15.45000	242
15.45833	235
15.46667	228
15.47500	222
15.48333	215
15.49167	209
15.50000	204
15.50833	198
15.51667	193
15.52500	188
15.53333	183
15.54167	179
15.55000	175
15.55833	171
15.56667	168
15.57500	165
15.58333	163
15.59167	160
15.60000	158
15.60833	156
15.61667	155
15.62500	155
15.63333	154
15.64167	154
15.65000	154
15.65833	154
15.66667	155
15.67500	155
15.68333	156
15.69167	157
15.70000	158
15.70833	160
15.71667	161
15.72500	164
15.73333	166
15.74167	169
15.75000	171
15.75833	174
15.76667	177
15.77500	179
15.78333	182
15.79167	185
15.80000	188
15.80833	191
15.81667	194
15.82500	197
15.83333	199
15.84167	202
15.85000	205
15.85833	207
15.86667	209
15.87500	211
15.88333	213
15.89167	215
15.90000	217
15.90833	218
15.91667	220
15.92500	221
15.93333	223
15.94167	224
15.95000	225
15.95833	227
15.96667	228
15.97500	230
15.98333	232
15.99167	233
16.00000	235
16.00833	236
16.01667	238
16.02500	240
16.03333	242
16.04167	244
16.05000	247
16.05833	250
16.06667	253
16.07500	255
16.08333	258
16.09167	260
16.10000	263
16.10833	266
16.11667	269
16.12500	272
16.13333	275
16.14167	278
16.15000	281
16.15833	284
16.16667	287
16.17500	289
16.18333	292
16.19167	295
16.20000	297
16.20833	300
16.21667	303
16.22500	306
16.23333	310
16.24167	312
16.25000	315
16.25833	318
16.26667	322
16.27500	325
16.28333	330
16.29167	334
16.30000	338
16.30833	343
16.31667	348
16.32500	352
16.33333	357
16.34167	363
16.35000	368
16.35833	374
16.36667	380
16.37500	387
16.38333	393
16.39167	400
16.40000	406
16.40833	413
16.41667	420
16.42500	427
16.43333	435
16.44167	443
16.45000	451
16.45833	459
16.46667	468
16.47500	477
16.48333	486
16.49167	495
16.50000	504
16.50833	514
16.51667	524
16.52500	534
16.53333	545
16.54167	555
16.55000	565
16.55833	576
16.56667	586
16.57500	595
16.58333	605
16.59167	614
16.60000	622
16.60833	630
16.61667	636
16.62500	642
16.63333	646
16.64167	648
16.65000	650
16.65833	650
16.66667	648
16.67500	645
16.68333	640
16.69167	634
16.70000	626
16.70833	617
16.71667	606
16.72500	594
16.73333	581
16.74167	567
16.75000	551
16.75833	536
16.76667	519
16.77500	502
16.78333	484
16.79167	466
16.80000	447
16.80833	429
16.81667	411
16.82500	393
16.83333	375
16.84167	359
16.85000	343
16.85833	327
16.86667	312
16.87500	297
16.88333	284
16.89167	270
16.90000	257
16.90833	245
16.91667	234
16.92500	223
16.93333	213
16.94167	203
16.95000	194
16.95833	186
16.96667	178
16.97500	170
16.98333	163
16.99167	156
17.00000	149
17.00833	143
17.01667	137
17.02500	131
17.03333	126
17.04167	120
17.05000	115
17.05833	111
17.06667	106
17.07500	101
17.08333	97
17.09167	93
17.10000	89
17.10833	85
17.11667	82
17.12500	79
17.13333	76
17.14167	73
17.15000	70
17.15833	67
17.16667	64
17.17500	62
17.18333	59
17.19167	56
17.20000	53
17.20833	51
17.21667	49
17.22500	47
17.23333	45
17.24167	42
17.25000	40
17.25833	38
17.26667	36
17.27500	35
17.28333	33
17.29167	31
17.30000	30
17.30833	29
17.31667	27
17.32500	26
17.33333	25
17.34167	23
17.35000	22
17.35833	20
17.36667	19
17.37500	19
17.38333	18
17.39167	17
17.40000	16
17.40833	15
17.41667	14
17.42500	14
17.43333	13
17.44167	13
17.45000	12
17.45833	12
17.46667	11
17.47500	11
17.48333	12
17.49167	12
17.50000	12
17.50833	13
17.51667	13
17.52500	13
17.53333	14
17.54167	14
17.55000	15
17.55833	15
17.56667	16
17.57500	17
17.58333	18
17.59167	20
17.60000	21
17.60833	22
17.61667	24
17.62500	25
17.63333	28
17.64167	30
17.65000	33
17.65833	35
17.66667	38
17.67500	41
17.68333	45
17.69167	48
17.70000	52
17.70833	56
17.71667	60
17.72500	66
17.73333	71
17.74167	77
17.75000	84
17.75833	92
17.76667	100
17.77500	109
17.78333	118
17.79167	129
17.80000	140
17.80833	153
17.81667	167
17.82500	184
17.83333	201
17.84167	220
17.85000	242
17.85833	265
17.86667	290
17.87500	318
17.88333	349
17.89167	382
17.90000	419
17.90833	458
17.91667	500
17.92500	547
17.93333	596
17.94167	649
17.95000	706
17.95833	767
17.96667	831
17.97500	898
17.98333	968
17.99167	1042
18.00000	1117
18.00833	1195
18.01667	1274
18.02500	1353
18.03333	1433
18.04167	1513
18.05000	1592
18.05833	1668
18.06667	1742
18.07500	1812
18.08333	1878
18.09167	1938
18.10000	1993
18.10833	2041
18.11667	2083
18.12500	2117
18.13333	2143
18.14167	2162
18.15000	2172
18.15833	2173
18.16667	2167
18.17500	2152
18.18333	2130
18.19167	2100
18.20000	2063
18.20833	2020
18.21667	1971
18.22500	1916
18.23333	1857
18.24167	1795
18.25000	1729
18.25833	1660
18.26667	1590
18.27500	1519
18.28333	1447
18.29167	1376
18.30000	1305
18.30833	1235
18.31667	1167
18.32500	1101
18.33333	1036
18.34167	975
18.35000	915
18.35833	859
18.36667	805
18.37500	755
18.38333	707
18.39167	662
18.40000	620
18.40833	581
18.41667	545
18.42500	511
18.43333	480
18.44167	451
18.45000	425
18.45833	402
18.46667	380
18.47500	360
18.48333	341
18.49167	325
18.50000	310
18.50833	297
18.51667	285
18.52500	275
18.53333	265
18.54167	257
18.55000	250
18.55833	245
18.56667	240
18.57500	236
18.58333	233
18.59167	232
18.60000	231
18.60833	232
18.61667	233
18.62500	236
18.63333	239
18.64167	244
18.65000	249
18.65833	256
18.66667	264
18.67500	273
18.68333	284
18.69167	295
18.70000	307
18.70833	321
18.71667	336
18.72500	353
18.73333	371
18.74167	390
18.75000	410
18.75833	430
18.76667	452
18.77500	474
18.78333	497
18.79167	521
18.80000	545
18.80833	570
18.81667	594
18.82500	619
18.83333	643
18.84167	667
18.85000	690
18.85833	713
18.86667	734
18.87500	754
18.88333	773
18.89167	789
18.90000	804
18.90833	817
18.91667	827
18.92500	835
18.93333	842
18.94167	845
18.95000	846
18.95833	845
18.96667	841
18.97500	835
18.98333	827
18.99167	816
19.00000	804
19.00833	789
19.01667	773
19.02500	755
19.03333	736
19.04167	715
19.05000	694
19.05833	672
19.06667	649
19.07500	626
19.08333	602
19.09167	579
19.10000	555
19.10833	532
19.11667	509
19.12500	486
19.13333	464
19.14167	442
19.15000	422
19.15833	402
19.16667	383
19.17500	366
19.18333	349
19.19167	333
19.20000	317
19.20833	303
19.21667	290
19.22500	277
19.23333	266
19.24167	255
19.25000	245
19.25833	237
19.26667	229
19.27500	222
19.28333	216
19.29167	210
19.30000	205
19.30833	200
19.31667	196
19.32500	193
19.33333	190
19.34167	188
19.35000	186
19.35833	185
19.36667	183
19.37500	183
19.38333	183
19.39167	183
19.40000	183
19.40833	183
19.41667	184
19.42500	184
19.43333	186
19.44167	186
19.45000	187
19.45833	188
19.46667	189
19.47500	190
19.48333	191
19.49167	192
19.50000	192
19.50833	192
19.51667	192
19.52500	192
19.53333	193
19.54167	193
19.55000	193
19.55833	192
19.56667	192
19.57500	191
19.58333	190
19.59167	189
19.60000	188
19.60833	187
19.61667	185
19.62500	184
19.63333	182
19.64167	180
19.65000	178
19.65833	176
19.66667	175
19.67500	174
19.68333	172
19.69167	171
19.70000	170
19.70833	169
19.71667	168
19.72500	166
19.73333	165
19.74167	164
19.75000	163
19.75833	162
19.76667	162
19.77500	161
19.78333	160
19.79167	159
19.80000	158
19.80833	157
19.81667	157
19.82500	156
19.83333	156
19.84167	155
19.85000	155
19.85833	155
19.86667	155
19.87500	154
19.88333	154
19.89167	155
19.90000	155
19.90833	155
19.91667	155
19.92500	156
19.93333	156
19.94167	157
19.95000	157
19.95833	158
19.96667	159
19.97500	160
19.98333	160
19.99167	161
20.00000	162
20.00833	162
20.01667	163
20.02500	164
20.03333	165
20.04167	166
20.05000	166
20.05833	167
20.06667	168
20.07500	170
20.08333	171
20.09167	172
20.10000	173
20.10833	173
20.11667	175
20.12500	176
20.13333	177
20.14167	178
20.15000	179
20.15833	180
20.16667	181
20.17500	182
20.18333	183
20.19167	184
20.20000	185
20.20833	186
20.21667	187
20.22500	189
20.23333	190
20.24167	191
20.25000	193
20.25833	194
20.26667	196
20.27500	198
20.28333	199
20.29167	201
20.30000	202
20.30833	204
20.31667	207
20.32500	209
20.33333	211
20.34167	213
20.35000	215
20.35833	218
20.36667	221
20.37500	224
20.38333	227
20.39167	230
20.40000	233
20.40833	237
20.41667	241
20.42500	246
20.43333	251
20.44167	255
20.45000	260
20.45833	266
20.46667	271
20.47500	277
20.48333	283
20.49167	290
20.50000	297
20.50833	305
20.51667	313
20.52500	321
20.53333	330
20.54167	340
20.55000	351
20.55833	362
20.56667	374
20.57500	386
20.58333	400
20.59167	414
20.60000	429
20.60833	445
20.61667	463
20.62500	482
20.63333	502
20.64167	524
20.65000	547
20.65833	571
20.66667	597
20.67500	624
20.68333	653
20.69167	684
20.70000	717
20.70833	751
20.71667	786
20.72500	824
20.73333	863
20.74167	903
20.75000	945
20.75833	989
20.76667	1033
20.77500	1079
20.78333	1126
20.79167	1174
20.80000	1223
20.80833	1272
20.81667	1321
20.82500	1371
20.83333	1420
20.84167	1469
20.85000	1518
20.85833	1567
20.86667	1615
20.87500	1661
20.88333	1707
20.89167	1752
20.90000	1796
20.90833	1838
20.91667	1879
20.92500	1919
20.93333	1958
20.94167	1996
20.95000	2032
20.95833	2068
20.96667	2102
20.97500	2136
20.98333	2169
20.99167	2201
21.00000	2234
21.00833	2267
21.01667	2300
21.02500	2334
21.03333	2368
21.04167	2404
21.05000	2441
21.05833	2480
21.06667	2522
21.07500	2566
21.08333	2613
21.09167	2664
21.10000	2720
21.10833	2780
21.11667	2845
21.12500	2916
21.13333	2994
21.14167	3078
21.15000	3171
21.15833	3271
21.16667	3381
21.17500	3501
21.18333	3631
21.19167	3773
21.20000	3926
21.20833	4093
21.21667	4273
21.22500	4468
21.23333	4678
21.24167	4903
21.25000	5143
21.25833	5399
21.26667	5672
21.27500	5960
21.28333	6264
21.29167	6585
21.30000	6920
21.30833	7270
21.31667	7634
21.32500	8010
21.33333	8398
21.34167	8795
21.35000	9200
21.35833	9612
21.36667	10027
21.37500	10445
21.38333	10862
21.39167	11275
21.40000	11684
21.40833	12083
21.41667	12473
21.42500	12848
21.43333	13207
21.44167	13548
21.45000	13867
21.45833	14163
21.46667	14432
21.47500	14675
21.48333	14887
21.49167	15070
21.50000	15219
21.50833	15336
21.51667	15418
21.52500	15466
21.53333	15480
21.54167	15459
21.55000	15405
21.55833	15316
21.56667	15195
21.57500	15044
21.58333	14863
21.59167	14653
21.60000	14417
21.60833	14157
21.61667	13873
21.62500	13569
21.63333	13246
21.64167	12908
21.65000	12555
21.65833	12190
21.66667	11816
21.67500	11434
21.68333	11047
21.69167	10656
21.70000	10264
21.70833	9872
21.71667	9482
21.72500	9096
21.73333	8714
21.74167	8339
21.75000	7971
21.75833	7611
21.76667	7261
21.77500	6920
21.78333	6590
21.79167	6271
21.80000	5963
21.80833	5667
21.81667	5383
21.82500	5110
21.83333	4849
21.84167	4600
21.85000	4362
21.85833	4135
21.86667	3920
21.87500	3715
21.88333	3521
21.89167	3337
21.90000	3163
21.90833	2998
21.91667	2842
21.92500	2695
21.93333	2556
21.94167	2425
21.95000	2302
21.95833	2185
21.96667	2076
21.97500	1972
21.98333	1875
21.99167	1783
22.00000	1697
22.00833	1616
22.01667	1540
22.02500	1468
22.03333	1401
22.04167	1338
22.05000	1279
22.05833	1224
22.06667	1172
22.07500	1124
22.08333	1079
22.09167	1037
22.10000	998
22.10833	961
22.11667	927
22.12500	896
22.13333	867
22.14167	841
22.15000	817
22.15833	795
22.16667	774
22.17500	755
22.18333	738
22.19167	722
22.20000	708
22.20833	695
22.21667	684
22.22500	674
22.23333	665
22.24167	657
22.25000	650
22.25833	644
22.26667	639
22.27500	634
22.28333	630
22.29167	627
22.30000	624
22.30833	621
22.31667	619
22.32500	617
22.33333	615
22.34167	614
22.35000	612
22.35833	611
22.36667	609
22.37500	607
22.38333	606
22.39167	604
22.40000	602
22.40833	599
22.41667	597
22.42500	594
22.43333	591
22.44167	588
22.45000	584
22.45833	579
22.46667	575
22.47500	571
22.48333	566
22.49167	560
22.50000	554
22.50833	548
22.51667	542
22.52500	535
22.53333	528
22.54167	520
22.55000	512
22.55833	504
22.56667	496
22.57500	487
22.58333	478
22.59167	469
22.60000	461
22.60833	452
22.61667	443
22.62500	434
22.63333	426
22.64167	417
22.65000	408
22.65833	399
22.66667	391
22.67500	382
22.68333	373
22.69167	365
22.70000	357
22.70833	349
22.71667	342
22.72500	335
22.73333	328
22.74167	322
22.75000	316
22.75833	310
22.76667	304
22.77500	299
22.78333	294
22.79167	290
22.80000	286
22.80833	282
22.81667	279
22.82500	277
22.83333	275
22.84167	273
22.85000	271
22.85833	270
22.86667	269
22.87500	268
22.88333	268
22.89167	268
22.90000	268
22.90833	269
22.91667	270
22.92500	271
22.93333	272
22.94167	274
22.95000	276
22.95833	278
22.96667	280
22.97500	282
22.98333	284
22.99167	286
23.00000	288
23.00833	290
23.01667	293
23.02500	295
23.03333	298
23.04167	300
23.05000	302
23.05833	305
23.06667	307
23.07500	309
23.08333	311
23.09167	313
23.10000	315
23.10833	317
23.11667	318
23.12500	319
23.13333	321
23.14167	322
23.15000	323
23.15833	324
23.16667	325
23.17500	325
23.18333	326
23.19167	326
23.20000	327
23.20833	327
23.21667	327
23.22500	328
23.23333	327
23.24167	327
23.25000	327
23.25833	327
23.26667	326
23.27500	326
23.28333	325
23.29167	325
23.30000	324
23.30833	323
23.31667	322
23.32500	321
23.33333	321
23.34167	320
23.35000	319
23.35833	318
23.36667	318
23.37500	318
23.38333	317
23.39167	316
23.40000	315
23.40833	314
23.41667	313
23.42500	313
23.43333	312
23.44167	311
23.45000	311
23.45833	310
23.46667	309
23.47500	308
23.48333	307
23.49167	307
23.50000	306
23.50833	305
23.51667	305
23.52500	304
23.53333	304
23.54167	303
23.55000	303
23.55833	302
23.56667	301
23.57500	301
23.58333	300
23.59167	300
23.60000	299
23.60833	299
23.61667	298
23.62500	298
23.63333	298
23.64167	297
23.65000	297
23.65833	296
23.66667	296
23.67500	295
23.68333	295
23.69167	295
23.70000	294
23.70833	294
23.71667	293
23.72500	293
23.73333	292
23.74167	292
23.75000	292
23.75833	292
23.76667	292
23.77500	292
23.78333	292
23.79167	292
23.80000	292
23.80833	292
23.81667	292
23.82500	293
23.83333	293
23.84167	293
23.85000	294
23.85833	294
23.86667	294
23.87500	294
23.88333	294
23.89167	294
23.90000	294
23.90833	294
23.91667	294
23.92500	294
23.93333	294
23.94167	294
23.95000	294
23.95833	295
23.96667	295
23.97500	295
23.98333	296
23.99167	296
24.00000	296
24.00833	296
24.01667	297
24.02500	297
24.03333	297
24.04167	297
24.05000	296
24.05833	296
24.06667	296
24.07500	296
24.08333	296
24.09167	295
24.10000	295
24.10833	294
24.11667	294
24.12500	293
24.13333	292
24.14167	292
24.15000	291
24.15833	291
24.16667	290
24.17500	288
24.18333	287
24.19167	286
24.20000	285
24.20833	283
24.21667	282
24.22500	280
24.23333	279
24.24167	278
24.25000	276
24.25833	274
24.26667	272
24.27500	270
24.28333	268
24.29167	266
24.30000	264
24.30833	262
24.31667	261
24.32500	259
24.33333	257
24.34167	255
24.35000	253
24.35833	251
24.36667	249
24.37500	247
24.38333	245
24.39167	244
24.40000	242
24.40833	240
24.41667	238
24.42500	237
24.43333	235
24.44167	234
24.45000	233
24.45833	232
24.46667	231
24.47500	230
24.48333	229
24.49167	229
24.50000	228
24.50833	228
24.51667	227
24.52500	227
24.53333	226
24.54167	226
24.55000	225
24.55833	225
24.56667	225
24.57500	225
24.58333	225
24.59167	225
24.60000	225
24.60833	225
24.61667	225
24.62500	225
24.63333	224
24.64167	224
24.65000	225
24.65833	225
24.66667	225
24.67500	225
24.68333	225
24.69167	225
24.70000	225
24.70833	225
24.71667	225
24.72500	226
24.73333	226
24.74167	226
24.75000	226
24.75833	226
24.76667	227
24.77500	227
24.78333	227
24.79167	227
24.80000	227
24.80833	227
24.81667	227
24.82500	227
24.83333	227
24.84167	227
24.85000	227
24.85833	227
24.86667	227
24.87500	227
24.88333	227
24.89167	227
24.90000	227
24.90833	227
24.91667	227
24.92500	227
24.93333	227
24.94167	227
24.95000	227
24.95833	227
24.96667	227
24.97500	226
24.98333	226
24.99167	226
25.00000	226
25.00833	226
25.01667	226
25.02500	226
25.03333	226
25.04167	226
25.05000	226
25.05833	226
25.06667	226
25.07500	225
25.08333	225
25.09167	225
25.10000	225
25.10833	225
25.11667	225
25.12500	225
25.13333	225
25.14167	225
25.15000	225
25.15833	225
25.16667	226
25.17500	226
25.18333	226
25.19167	226
25.20000	226
25.20833	227
25.21667	227
25.22500	228
25.23333	228
25.24167	228
25.25000	228
25.25833	229
25.26667	229
25.27500	229
25.28333	230
25.29167	230
25.30000	230
25.30833	230
25.31667	231
25.32500	231
25.33333	232
25.34167	233
25.35000	234
25.35833	235
25.36667	235
25.37500	237
25.38333	238
25.39167	238
25.40000	239
25.40833	240
25.41667	241
25.42500	241
25.43333	242
25.44167	243
25.45000	244
25.45833	245
25.46667	247
25.47500	248
25.48333	249
25.49167	250
25.50000	252
25.50833	253
25.51667	255
25.52500	256
25.53333	258
25.54167	259
25.55000	260
25.55833	261
25.56667	263
25.57500	264
25.58333	266
25.59167	268
25.60000	270
25.60833	272
25.61667	273
25.62500	275
25.63333	277
25.64167	278
25.65000	280
25.65833	282
25.66667	284
25.67500	286
25.68333	287
25.69167	289
25.70000	290
25.70833	291
25.71667	293
25.72500	294
25.73333	296
25.74167	297
25.75000	299
25.75833	300
25.76667	301
25.77500	302
25.78333	303
25.79167	303
25.80000	304
25.80833	305
25.81667	306
25.82500	307
25.83333	308
25.84167	309
25.85000	310
25.85833	310
25.86667	311
25.87500	312
25.88333	313
25.89167	313
25.90000	314
25.90833	315
25.91667	316
25.92500	317
25.93333	318
25.94167	319
25.95000	320
25.95833	321
25.96667	323
25.97500	324
25.98333	326
25.99167	328
26.00000	331
26.00833	334
26.01667	337
26.02500	340
26.03333	344
26.04167	348
26.05000	352
26.05833	356
26.06667	361
26.07500	366
26.08333	372
26.09167	378
26.10000	384
26.10833	391
26.11667	398
26.12500	406
26.13333	415
26.14167	424
26.15000	433
26.15833	443
26.16667	453
26.17500	465
26.18333	477
26.19167	491
26.20000	504
26.20833	519
26.21667	534
26.22500	550
26.23333	566
26.24167	584
26.25000	602
26.25833	621
26.26667	641
26.27500	661
26.28333	683
26.29167	705
26.30000	727
26.30833	750
26.31667	774
26.32500	798
26.33333	823
26.34167	848
26.35000	873
26.35833	899
26.36667	925
26.37500	951
26.38333	977
26.39167	1002
26.40000	1027
26.40833	1052
26.41667	1076
26.42500	1099
26.43333	1121
26.44167	1143
26.45000	1163
26.45833	1183
26.46667	1201
26.47500	1218
26.48333	1233
26.49167	1247
26.50000	1258
26.50833	1268
26.51667	1276
26.52500	1282
26.53333	1286
26.54167	1288
26.55000	1289
26.55833	1287
26.56667	1283
26.57500	1277
26.58333	1269
26.59167	1259
26.60000	1248
26.60833	1234
26.61667	1219
26.62500	1202
26.63333	1184
26.64167	1165
26.65000	1144
26.65833	1123
26.66667	1099
26.67500	1075
26.68333	1049
26.69167	1023
26.70000	997
26.70833	969
26.71667	942
26.72500	914
26.73333	886
26.74167	858
26.75000	830
26.75833	802
26.76667	774
26.77500	747
26.78333	720
26.79167	694
26.80000	668
26.80833	643
26.81667	618
26.82500	594
26.83333	571
26.84167	549
26.85000	527
26.85833	506
26.86667	486
26.87500	467
26.88333	448
26.89167	430
26.90000	413
26.90833	396
26.91667	381
26.92500	365
26.93333	351
26.94167	337
26.95000	324
26.95833	311
26.96667	299
26.97500	288
26.98333	278
26.99167	269
27.00000	259
27.00833	250
27.01667	242
27.02500	233
27.03333	226
27.04167	219
27.05000	212
27.05833	205
27.06667	199
27.07500	193
27.08333	187
27.09167	182
27.10000	177
27.10833	173
27.11667	168
27.12500	163
27.13333	159
27.14167	155
27.15000	150
27.15833	147
27.16667	143
27.17500	139
27.18333	136
27.19167	132
27.20000	129
27.20833	127
27.21667	124
27.22500	121
27.23333	119
27.24167	117
27.25000	114
27.25833	112
27.26667	110
27.27500	108
27.28333	106
27.29167	104
27.30000	102
27.30833	100
27.31667	98
27.32500	96
27.33333	95
27.34167	94
27.35000	93
27.35833	91
27.36667	90
27.37500	88
27.38333	87
27.39167	86
27.40000	85
27.40833	83
27.41667	82
27.42500	81
27.43333	80
27.44167	80
27.45000	79
27.45833	78
27.46667	77
27.47500	76
27.48333	75
27.49167	74
27.50000	74
27.50833	73
27.51667	72
27.52500	72
27.53333	72
27.54167	71
27.55000	71
27.55833	70
27.56667	70
27.57500	69
27.58333	68
27.59167	67
27.60000	67
27.60833	66
27.61667	66
27.62500	66
27.63333	65
27.64167	65
27.65000	65
27.65833	64
27.66667	63
27.67500	63
27.68333	63
27.69167	62
27.70000	61
27.70833	61
27.71667	60
27.72500	59
27.73333	59
27.74167	58
27.75000	58
27.75833	57
27.76667	56
27.77500	56
27.78333	55
27.79167	55
27.80000	55
27.80833	55
27.81667	54
27.82500	54
27.83333	54
27.84167	53
27.85000	53
27.85833	52
27.86667	51
27.87500	50
27.88333	50
27.89167	49
27.90000	49
27.90833	49
27.91667	48
27.92500	48
27.93333	47
27.94167	47
27.95000	46
27.95833	46
27.96667	46
27.97500	46
27.98333	45
27.99167	45
28.00000	44

