R.Time (min)	Intensity
0.00000	-26
0.00833	-26
0.01667	-1
0.02500	-1
0.03333	-2
0.04167	-2
0.05000	-3
0.05833	-4
0.06667	-4
0.07500	-4
0.08333	-4
0.09167	-4
0.10000	-4
0.10833	-4
0.11667	-4
0.12500	-4
0.13333	-4
0.14167	-5
0.15000	-5
0.15833	-5
0.16667	-6
0.17500	-6
0.18333	-7
0.19167	-7
0.20000	-8
0.20833	-8
0.21667	-9
0.22500	-9
0.23333	-10
0.24167	-11
0.25000	-12
0.25833	-13
0.26667	-14
0.27500	-14
0.28333	-15
0.29167	-16
0.30000	-17
0.30833	-18
0.31667	-18
0.32500	-18
0.33333	-19
0.34167	-20
0.35000	-21
0.35833	-22
0.36667	-23
0.37500	-24
0.38333	-25
0.39167	-25
0.40000	-26
0.40833	-26
0.41667	-26
0.42500	-27
0.43333	-27
0.44167	-27
0.45000	-27
0.45833	-28
0.46667	-28
0.47500	-29
0.48333	-29
0.49167	-29
0.50000	-30
0.50833	-31
0.51667	-31
0.52500	-32
0.53333	-32
0.54167	-33
0.55000	-33
0.55833	-33
0.56667	-33
0.57500	-33
0.58333	-34
0.59167	-34
0.60000	-35
0.60833	-35
0.61667	-36
0.62500	-36
0.63333	-36
0.64167	-37
0.65000	-37
0.65833	-37
0.66667	-38
0.67500	-38
0.68333	-38
0.69167	-39
0.70000	-40
0.70833	-40
0.71667	-41
0.72500	-42
0.73333	-42
0.74167	-43
0.75000	-44
0.75833	-45
0.76667	-46
0.77500	-46
0.78333	-46
0.79167	-47
0.80000	-47
0.80833	-48
0.81667	-48
0.82500	-49
0.83333	-49
0.84167	-49
0.85000	-49
0.85833	-49
0.86667	-49
0.87500	-50
0.88333	-50
0.89167	-51
0.90000	-51
0.90833	-52
0.91667	-52
0.92500	-53
0.93333	-53
0.94167	-54
0.95000	-54
0.95833	-54
0.96667	-55
0.97500	-55
0.98333	-55
0.99167	-55
1.00000	-56
1.00833	-56
1.01667	-57
1.02500	-57
1.03333	-57
1.04167	-57
1.05000	-58
1.05833	-58
1.06667	-59
1.07500	-59
1.08333	-60
1.09167	-60
1.10000	-61
1.10833	-62
1.11667	-62
1.12500	-63
1.13333	-64
1.14167	-64
1.15000	-65
1.15833	-65
1.16667	-65
1.17500	-66
1.18333	-66
1.19167	-67
1.20000	-67
1.20833	-68
1.21667	-68
1.22500	-68
1.23333	-68
1.24167	-68
1.25000	-68
1.25833	-68
1.26667	-69
1.27500	-69
1.28333	-69
1.29167	-69
1.30000	-69
1.30833	-70
1.31667	-70
1.32500	-70
1.33333	-70
1.34167	-70
1.35000	-69
1.35833	-69
1.36667	-69
1.37500	-69
1.38333	-69
1.39167	-69
1.40000	-70
1.40833	-71
1.41667	-71
1.42500	-72
1.43333	-73
1.44167	-73
1.45000	-74
1.45833	-74
1.46667	-74
1.47500	-75
1.48333	-76
1.49167	-76
1.50000	-76
1.50833	-77
1.51667	-77
1.52500	-78
1.53333	-78
1.54167	-79
1.55000	-79
1.55833	-79
1.56667	-80
1.57500	-80
1.58333	-81
1.59167	-81
1.60000	-82
1.60833	-82
1.61667	-83
1.62500	-83
1.63333	-84
1.64167	-84
1.65000	-84
1.65833	-83
1.66667	-83
1.67500	-83
1.68333	-83
1.69167	-83
1.70000	-84
1.70833	-83
1.71667	-83
1.72500	-83
1.73333	-83
1.74167	-84
1.75000	-84
1.75833	-84
1.76667	-84
1.77500	-84
1.78333	-84
1.79167	-84
1.80000	-84
1.80833	-84
1.81667	-84
1.82500	-84
1.83333	-84
1.84167	-83
1.85000	-82
1.85833	-82
1.86667	-82
1.87500	-83
1.88333	-83
1.89167	-83
1.90000	-83
1.90833	-83
1.91667	-84
1.92500	-84
1.93333	-84
1.94167	-85
1.95000	-85
1.95833	-86
1.96667	-86
1.97500	-86
1.98333	-87
1.99167	-87
2.00000	-87
2.00833	-88
2.01667	-88
2.02500	-88
2.03333	-89
2.04167	-89
2.05000	-90
2.05833	-91
2.06667	-91
2.07500	-91
2.08333	-92
2.09167	-92
2.10000	-92
2.10833	-92
2.11667	-92
2.12500	-92
2.13333	-92
2.14167	-92
2.15000	-92
2.15833	-93
2.16667	-93
2.17500	-93
2.18333	-93
2.19167	-92
2.20000	-93
2.20833	-93
2.21667	-93
2.22500	-93
2.23333	-94
2.24167	-94
2.25000	-94
2.25833	-94
2.26667	-94
2.27500	-94
2.28333	-95
2.29167	-96
2.30000	-96
2.30833	-97
2.31667	-97
2.32500	-97
2.33333	-97
2.34167	-97
2.35000	-97
2.35833	-97
2.36667	-97
2.37500	-97
2.38333	-97
2.39167	-98
2.40000	-98
2.40833	-98
2.41667	-98
2.42500	-97
2.43333	-97
2.44167	-97
2.45000	-97
2.45833	-98
2.46667	-98
2.47500	-98
2.48333	-99
2.49167	-99
2.50000	-100
2.50833	-100
2.51667	-100
2.52500	-100
2.53333	-100
2.54167	-100
2.55000	-100
2.55833	-100
2.56667	-100
2.57500	-100
2.58333	-101
2.59167	-101
2.60000	-101
2.60833	-101
2.61667	-101
2.62500	-101
2.63333	-101
2.64167	-101
2.65000	-101
2.65833	-101
2.66667	-101
2.67500	-101
2.68333	-101
2.69167	-101
2.70000	-102
2.70833	-102
2.71667	-103
2.72500	-103
2.73333	-103
2.74167	-104
2.75000	-104
2.75833	-104
2.76667	-104
2.77500	-104
2.78333	-105
2.79167	-105
2.80000	-105
2.80833	-106
2.81667	-106
2.82500	-106
2.83333	-106
2.84167	-107
2.85000	-107
2.85833	-107
2.86667	-107
2.87500	-107
2.88333	-106
2.89167	-107
2.90000	-107
2.90833	-107
2.91667	-108
2.92500	-108
2.93333	-109
2.94167	-109
2.95000	-109
2.95833	-110
2.96667	-110
2.97500	-111
2.98333	-111
2.99167	-111
3.00000	-110
3.00833	-110
3.01667	-111
3.02500	-111
3.03333	-111
3.04167	-111
3.05000	-112
3.05833	-112
3.06667	-113
3.07500	-112
3.08333	-112
3.09167	-112
3.10000	-112
3.10833	-112
3.11667	-112
3.12500	-112
3.13333	-112
3.14167	-112
3.15000	-113
3.15833	-113
3.16667	-114
3.17500	-114
3.18333	-114
3.19167	-113
3.20000	-113
3.20833	-114
3.21667	-114
3.22500	-114
3.23333	-113
3.24167	-113
3.25000	-113
3.25833	-114
3.26667	-114
3.27500	-113
3.28333	-113
3.29167	-112
3.30000	-112
3.30833	-112
3.31667	-112
3.32500	-112
3.33333	-111
3.34167	-111
3.35000	-111
3.35833	-111
3.36667	-111
3.37500	-111
3.38333	-111
3.39167	-111
3.40000	-111
3.40833	-111
3.41667	-110
3.42500	-110
3.43333	-110
3.44167	-109
3.45000	-109
3.45833	-109
3.46667	-108
3.47500	-108
3.48333	-107
3.49167	-107
3.50000	-106
3.50833	-106
3.51667	-105
3.52500	-105
3.53333	-104
3.54167	-103
3.55000	-102
3.55833	-101
3.56667	-100
3.57500	-99
3.58333	-98
3.59167	-97
3.60000	-96
3.60833	-95
3.61667	-94
3.62500	-93
3.63333	-91
3.64167	-90
3.65000	-89
3.65833	-87
3.66667	-85
3.67500	-83
3.68333	-81
3.69167	-79
3.70000	-77
3.70833	-75
3.71667	-73
3.72500	-70
3.73333	-68
3.74167	-65
3.75000	-62
3.75833	-59
3.76667	-56
3.77500	-53
3.78333	-50
3.79167	-47
3.80000	-44
3.80833	-40
3.81667	-37
3.82500	-33
3.83333	-29
3.84167	-25
3.85000	-22
3.85833	-18
3.86667	-14
3.87500	-11
3.88333	-7
3.89167	-3
3.90000	1
3.90833	5
3.91667	9
3.92500	12
3.93333	16
3.94167	19
3.95000	22
3.95833	26
3.96667	29
3.97500	32
3.98333	34
3.99167	37
4.00000	39
4.00833	41
4.01667	43
4.02500	45
4.03333	47
4.04167	48
4.05000	49
4.05833	50
4.06667	51
4.07500	52
4.08333	52
4.09167	53
4.10000	53
4.10833	52
4.11667	51
4.12500	50
4.13333	49
4.14167	48
4.15000	46
4.15833	44
4.16667	42
4.17500	40
4.18333	38
4.19167	36
4.20000	34
4.20833	31
4.21667	28
4.22500	25
4.23333	22
4.24167	18
4.25000	15
4.25833	11
4.26667	7
4.27500	3
4.28333	-1
4.29167	-4
4.30000	-8
4.30833	-12
4.31667	-16
4.32500	-20
4.33333	-24
4.34167	-28
4.35000	-31
4.35833	-35
4.36667	-39
4.37500	-42
4.38333	-46
4.39167	-50
4.40000	-53
4.40833	-57
4.41667	-60
4.42500	-63
4.43333	-66
4.44167	-69
4.45000	-72
4.45833	-76
4.46667	-79
4.47500	-82
4.48333	-85
4.49167	-88
4.50000	-90
4.50833	-93
4.51667	-95
4.52500	-97
4.53333	-99
4.54167	-101
4.55000	-103
4.55833	-105
4.56667	-106
4.57500	-107
4.58333	-108
4.59167	-110
4.60000	-111
4.60833	-112
4.61667	-113
4.62500	-114
4.63333	-115
4.64167	-116
4.65000	-117
4.65833	-118
4.66667	-119
4.67500	-119
4.68333	-120
4.69167	-120
4.70000	-121
4.70833	-121
4.71667	-122
4.72500	-122
4.73333	-122
4.74167	-122
4.75000	-123
4.75833	-123
4.76667	-124
4.77500	-124
4.78333	-124
4.79167	-124
4.80000	-123
4.80833	-123
4.81667	-123
4.82500	-123
4.83333	-123
4.84167	-123
4.85000	-122
4.85833	-122
4.86667	-123
4.87500	-122
4.88333	-122
4.89167	-122
4.90000	-122
4.90833	-122
4.91667	-122
4.92500	-122
4.93333	-121
4.94167	-121
4.95000	-121
4.95833	-122
4.96667	-122
4.97500	-122
4.98333	-122
4.99167	-121
5.00000	-121
5.00833	-121
5.01667	-121
5.02500	-121
5.03333	-120
5.04167	-119
5.05000	-118
5.05833	-118
5.06667	-117
5.07500	-117
5.08333	-116
5.09167	-115
5.10000	-115
5.10833	-115
5.11667	-115
5.12500	-114
5.13333	-114
5.14167	-114
5.15000	-114
5.15833	-115
5.16667	-115
5.17500	-115
5.18333	-115
5.19167	-115
5.20000	-115
5.20833	-116
5.21667	-115
5.22500	-115
5.23333	-114
5.24167	-114
5.25000	-113
5.25833	-113
5.26667	-113
5.27500	-112
5.28333	-112
5.29167	-111
5.30000	-111
5.30833	-110
5.31667	-110
5.32500	-110
5.33333	-110
5.34167	-110
5.35000	-110
5.35833	-111
5.36667	-111
5.37500	-112
5.38333	-112
5.39167	-112
5.40000	-112
5.40833	-113
5.41667	-113
5.42500	-113
5.43333	-114
5.44167	-114
5.45000	-115
5.45833	-115
5.46667	-115
5.47500	-116
5.48333	-116
5.49167	-116
5.50000	-116
5.50833	-115
5.51667	-115
5.52500	-115
5.53333	-115
5.54167	-115
5.55000	-114
5.55833	-114
5.56667	-114
5.57500	-115
5.58333	-115
5.59167	-115
5.60000	-116
5.60833	-117
5.61667	-117
5.62500	-118
5.63333	-118
5.64167	-119
5.65000	-119
5.65833	-119
5.66667	-120
5.67500	-120
5.68333	-121
5.69167	-121
5.70000	-120
5.70833	-120
5.71667	-120
5.72500	-120
5.73333	-120
5.74167	-120
5.75000	-119
5.75833	-118
5.76667	-118
5.77500	-118
5.78333	-118
5.79167	-118
5.80000	-118
5.80833	-118
5.81667	-118
5.82500	-118
5.83333	-118
5.84167	-118
5.85000	-119
5.85833	-119
5.86667	-119
5.87500	-120
5.88333	-120
5.89167	-121
5.90000	-121
5.90833	-121
5.91667	-121
5.92500	-121
5.93333	-120
5.94167	-120
5.95000	-120
5.95833	-120
5.96667	-119
5.97500	-119
5.98333	-118
5.99167	-118
6.00000	-117
6.00833	-117
6.01667	-117
6.02500	-117
6.03333	-117
6.04167	-117
6.05000	-117
6.05833	-117
6.06667	-117
6.07500	-118
6.08333	-118
6.09167	-118
6.10000	-119
6.10833	-119
6.11667	-119
6.12500	-119
6.13333	-118
6.14167	-118
6.15000	-117
6.15833	-117
6.16667	-116
6.17500	-116
6.18333	-116
6.19167	-115
6.20000	-115
6.20833	-115
6.21667	-115
6.22500	-114
6.23333	-114
6.24167	-114
6.25000	-113
6.25833	-113
6.26667	-113
6.27500	-113
6.28333	-113
6.29167	-113
6.30000	-113
6.30833	-113
6.31667	-113
6.32500	-113
6.33333	-114
6.34167	-114
6.35000	-113
6.35833	-113
6.36667	-113
6.37500	-113
6.38333	-113
6.39167	-113
6.40000	-113
6.40833	-113
6.41667	-113
6.42500	-113
6.43333	-112
6.44167	-112
6.45000	-112
6.45833	-112
6.46667	-112
6.47500	-111
6.48333	-111
6.49167	-110
6.50000	-110
6.50833	-109
6.51667	-108
6.52500	-108
6.53333	-108
6.54167	-108
6.55000	-108
6.55833	-108
6.56667	-108
6.57500	-108
6.58333	-109
6.59167	-109
6.60000	-109
6.60833	-110
6.61667	-110
6.62500	-110
6.63333	-110
6.64167	-110
6.65000	-110
6.65833	-110
6.66667	-111
6.67500	-111
6.68333	-111
6.69167	-111
6.70000	-111
6.70833	-111
6.71667	-111
6.72500	-111
6.73333	-111
6.74167	-111
6.75000	-111
6.75833	-111
6.76667	-111
6.77500	-111
6.78333	-111
6.79167	-111
6.80000	-111
6.80833	-111
6.81667	-111
6.82500	-110
6.83333	-110
6.84167	-110
6.85000	-110
6.85833	-111
6.86667	-110
6.87500	-111
6.88333	-111
6.89167	-111
6.90000	-111
6.90833	-112
6.91667	-112
6.92500	-112
6.93333	-112
6.94167	-112
6.95000	-112
6.95833	-112
6.96667	-113
6.97500	-113
6.98333	-113
6.99167	-113
7.00000	-112
7.00833	-112
7.01667	-112
7.02500	-112
7.03333	-111
7.04167	-110
7.05000	-109
7.05833	-108
7.06667	-107
7.07500	-106
7.08333	-104
7.09167	-101
7.10000	-97
7.10833	-92
7.11667	-87
7.12500	-80
7.13333	-71
7.14167	-61
7.15000	-48
7.15833	-34
7.16667	-16
7.17500	3
7.18333	26
7.19167	51
7.20000	80
7.20833	111
7.21667	145
7.22500	180
7.23333	217
7.24167	256
7.25000	294
7.25833	332
7.26667	367
7.27500	399
7.28333	425
7.29167	443
7.30000	452
7.30833	451
7.31667	440
7.32500	421
7.33333	398
7.34167	376
7.35000	365
7.35833	378
7.36667	430
7.37500	539
7.38333	725
7.39167	1008
7.40000	1408
7.40833	1944
7.41667	2629
7.42500	3476
7.43333	4491
7.44167	5671
7.45000	7010
7.45833	8488
7.46667	10079
7.47500	11745
7.48333	13438
7.49167	15100
7.50000	16666
7.50833	18067
7.51667	19234
7.52500	20108
7.53333	20643
7.54167	20811
7.55000	20607
7.55833	20051
7.56667	19179
7.57500	18048
7.58333	16724
7.59167	15275
7.60000	13769
7.60833	12266
7.61667	10817
7.62500	9458
7.63333	8217
7.64167	7109
7.65000	6139
7.65833	5304
7.66667	4598
7.67500	4009
7.68333	3523
7.69167	3126
7.70000	2804
7.70833	2545
7.71667	2335
7.72500	2165
7.73333	2025
7.74167	1909
7.75000	1809
7.75833	1722
7.76667	1643
7.77500	1569
7.78333	1499
7.79167	1431
7.80000	1364
7.80833	1298
7.81667	1233
7.82500	1169
7.83333	1106
7.84167	1045
7.85000	986
7.85833	929
7.86667	874
7.87500	822
7.88333	774
7.89167	729
7.90000	689
7.90833	652
7.91667	620
7.92500	593
7.93333	571
7.94167	554
7.95000	543
7.95833	536
7.96667	535
7.97500	539
7.98333	547
7.99167	558
8.00000	573
8.00833	589
8.01667	606
8.02500	622
8.03333	637
8.04167	650
8.05000	659
8.05833	666
8.06667	668
8.07500	667
8.08333	662
8.09167	653
8.10000	640
8.10833	625
8.11667	606
8.12500	585
8.13333	563
8.14167	538
8.15000	513
8.15833	487
8.16667	462
8.17500	436
8.18333	412
8.19167	388
8.20000	365
8.20833	343
8.21667	323
8.22500	304
8.23333	286
8.24167	270
8.25000	256
8.25833	243
8.26667	231
8.27500	221
8.28333	213
8.29167	206
8.30000	200
8.30833	194
8.31667	190
8.32500	186
8.33333	182
8.34167	179
8.35000	177
8.35833	174
8.36667	172
8.37500	170
8.38333	168
8.39167	165
8.40000	164
8.40833	162
8.41667	160
8.42500	158
8.43333	156
8.44167	154
8.45000	152
8.45833	151
8.46667	150
8.47500	149
8.48333	148
8.49167	147
8.50000	146
8.50833	145
8.51667	145
8.52500	146
8.53333	147
8.54167	147
8.55000	148
8.55833	150
8.56667	151
8.57500	153
8.58333	156
8.59167	159
8.60000	163
8.60833	168
8.61667	174
8.62500	181
8.63333	190
8.64167	201
8.65000	214
8.65833	230
8.66667	247
8.67500	266
8.68333	288
8.69167	312
8.70000	339
8.70833	368
8.71667	398
8.72500	429
8.73333	461
8.74167	493
8.75000	524
8.75833	556
8.76667	585
8.77500	613
8.78333	640
8.79167	666
8.80000	689
8.80833	710
8.81667	729
8.82500	747
8.83333	764
8.84167	779
8.85000	794
8.85833	808
8.86667	823
8.87500	839
8.88333	857
8.89167	877
8.90000	902
8.90833	931
8.91667	965
8.92500	1006
8.93333	1054
8.94167	1111
8.95000	1176
8.95833	1250
8.96667	1332
8.97500	1422
8.98333	1519
8.99167	1621
9.00000	1727
9.00833	1835
9.01667	1943
9.02500	2048
9.03333	2148
9.04167	2240
9.05000	2322
9.05833	2393
9.06667	2449
9.07500	2489
9.08333	2514
9.09167	2522
9.10000	2513
9.10833	2488
9.11667	2447
9.12500	2391
9.13333	2323
9.14167	2244
9.15000	2156
9.15833	2060
9.16667	1958
9.17500	1854
9.18333	1747
9.19167	1641
9.20000	1536
9.20833	1433
9.21667	1334
9.22500	1240
9.23333	1150
9.24167	1067
9.25000	989
9.25833	916
9.26667	850
9.27500	790
9.28333	735
9.29167	686
9.30000	642
9.30833	603
9.31667	568
9.32500	537
9.33333	511
9.34167	488
9.35000	469
9.35833	453
9.36667	440
9.37500	431
9.38333	426
9.39167	425
9.40000	429
9.40833	437
9.41667	451
9.42500	472
9.43333	501
9.44167	538
9.45000	587
9.45833	649
9.46667	726
9.47500	822
9.48333	940
9.49167	1085
9.50000	1259
9.50833	1468
9.51667	1717
9.52500	2008
9.53333	2347
9.54167	2738
9.55000	3184
9.55833	3686
9.56667	4245
9.57500	4862
9.58333	5532
9.59167	6254
9.60000	7020
9.60833	7823
9.61667	8655
9.62500	9504
9.63333	10360
9.64167	11209
9.65000	12039
9.65833	12838
9.66667	13592
9.67500	14290
9.68333	14922
9.69167	15481
9.70000	15959
9.70833	16352
9.71667	16658
9.72500	16878
9.73333	17015
9.74167	17072
9.75000	17057
9.75833	16977
9.76667	16842
9.77500	16663
9.78333	16449
9.79167	16211
9.80000	15960
9.80833	15706
9.81667	15458
9.82500	15227
9.83333	15018
9.84167	14838
9.85000	14694
9.85833	14589
9.86667	14526
9.87500	14507
9.88333	14536
9.89167	14611
9.90000	14732
9.90833	14899
9.91667	15109
9.92500	15362
9.93333	15654
9.94167	15984
9.95000	16349
9.95833	16747
9.96667	17173
9.97500	17625
9.98333	18100
9.99167	18595
10.00000	19106
10.00833	19630
10.01667	20163
10.02500	20699
10.03333	21232
10.04167	21750
10.05000	22237
10.05833	22673
10.06667	23029
10.07500	23269
10.08333	23355
10.09167	23249
10.10000	22921
10.10833	22351
10.11667	21535
10.12500	20487
10.13333	19240
10.14167	17839
10.15000	16337
10.15833	14791
10.16667	13251
10.17500	11764
10.18333	10364
10.19167	9074
10.20000	7910
10.20833	6876
10.21667	5971
10.22500	5187
10.23333	4515
10.24167	3943
10.25000	3458
10.25833	3051
10.26667	2708
10.27500	2420
10.28333	2178
10.29167	1974
10.30000	1801
10.30833	1654
10.31667	1529
10.32500	1421
10.33333	1328
10.34167	1248
10.35000	1177
10.35833	1114
10.36667	1058
10.37500	1007
10.38333	962
10.39167	920
10.40000	882
10.40833	848
10.41667	817
10.42500	788
10.43333	761
10.44167	737
10.45000	715
10.45833	695
10.46667	677
10.47500	661
10.48333	647
10.49167	635
10.50000	625
10.50833	616
10.51667	609
10.52500	603
10.53333	599
10.54167	595
10.55000	592
10.55833	589
10.56667	587
10.57500	584
10.58333	581
10.59167	577
10.60000	573
10.60833	567
10.61667	560
10.62500	551
10.63333	541
10.64167	529
10.65000	515
10.65833	501
10.66667	485
10.67500	468
10.68333	450
10.69167	431
10.70000	412
10.70833	392
10.71667	371
10.72500	351
10.73333	331
10.74167	312
10.75000	294
10.75833	277
10.76667	261
10.77500	245
10.78333	230
10.79167	216
10.80000	203
10.80833	191
10.81667	180
10.82500	170
10.83333	162
10.84167	154
10.85000	147
10.85833	140
10.86667	135
10.87500	130
10.88333	126
10.89167	122
10.90000	118
10.90833	115
10.91667	111
10.92500	108
10.93333	105
10.94167	102
10.95000	100
10.95833	97
10.96667	95
10.97500	93
10.98333	90
10.99167	88
11.00000	87
11.00833	85
11.01667	84
11.02500	83
11.03333	82
11.04167	81
11.05000	81
11.05833	81
11.06667	81
11.07500	82
11.08333	82
11.09167	83
11.10000	84
11.10833	85
11.11667	87
11.12500	89
11.13333	91
11.14167	94
11.15000	97
11.15833	101
11.16667	105
11.17500	109
11.18333	114
11.19167	120
11.20000	125
11.20833	131
11.21667	137
11.22500	143
11.23333	149
11.24167	156
11.25000	163
11.25833	170
11.26667	177
11.27500	184
11.28333	191
11.29167	198
11.30000	204
11.30833	210
11.31667	215
11.32500	219
11.33333	223
11.34167	226
11.35000	228
11.35833	229
11.36667	230
11.37500	229
11.38333	228
11.39167	225
11.40000	222
11.40833	218
11.41667	214
11.42500	209
11.43333	204
11.44167	199
11.45000	194
11.45833	189
11.46667	184
11.47500	179
11.48333	174
11.49167	169
11.50000	166
11.50833	162
11.51667	160
11.52500	157
11.53333	156
11.54167	156
11.55000	155
11.55833	156
11.56667	157
11.57500	159
11.58333	161
11.59167	163
11.60000	167
11.60833	170
11.61667	174
11.62500	178
11.63333	182
11.64167	186
11.65000	190
11.65833	193
11.66667	195
11.67500	197
11.68333	199
11.69167	200
11.70000	201
11.70833	201
11.71667	200
11.72500	198
11.73333	196
11.74167	193
11.75000	190
11.75833	186
11.76667	181
11.77500	176
11.78333	171
11.79167	166
11.80000	161
11.80833	154
11.81667	148
11.82500	141
11.83333	135
11.84167	128
11.85000	121
11.85833	115
11.86667	109
11.87500	102
11.88333	96
11.89167	91
11.90000	86
11.90833	80
11.91667	75
11.92500	71
11.93333	66
11.94167	62
11.95000	58
11.95833	55
11.96667	52
11.97500	50
11.98333	48
11.99167	46
12.00000	45
12.00833	44
12.01667	44
12.02500	43
12.03333	43
12.04167	43
12.05000	44
12.05833	46
12.06667	47
12.07500	48
12.08333	49
12.09167	50
12.10000	52
12.10833	53
12.11667	55
12.12500	57
12.13333	59
12.14167	61
12.15000	62
12.15833	64
12.16667	65
12.17500	67
12.18333	68
12.19167	69
12.20000	70
12.20833	71
12.21667	72
12.22500	73
12.23333	73
12.24167	74
12.25000	74
12.25833	74
12.26667	74
12.27500	73
12.28333	72
12.29167	71
12.30000	69
12.30833	67
12.31667	65
12.32500	63
12.33333	61
12.34167	59
12.35000	56
12.35833	54
12.36667	51
12.37500	48
12.38333	45
12.39167	42
12.40000	39
12.40833	36
12.41667	33
12.42500	30
12.43333	28
12.44167	25
12.45000	23
12.45833	21
12.46667	19
12.47500	17
12.48333	15
12.49167	14
12.50000	12
12.50833	11
12.51667	11
12.52500	10
12.53333	9
12.54167	9
12.55000	9
12.55833	9
12.56667	10
12.57500	11
12.58333	11
12.59167	12
12.60000	13
12.60833	15
12.61667	16
12.62500	18
12.63333	19
12.64167	21
12.65000	23
12.65833	25
12.66667	27
12.67500	29
12.68333	32
12.69167	34
12.70000	36
12.70833	38
12.71667	40
12.72500	42
12.73333	43
12.74167	45
12.75000	46
12.75833	48
12.76667	50
12.77500	51
12.78333	52
12.79167	53
12.80000	54
12.80833	55
12.81667	56
12.82500	57
12.83333	57
12.84167	57
12.85000	58
12.85833	58
12.86667	59
12.87500	59
12.88333	60
12.89167	60
12.90000	61
12.90833	62
12.91667	63
12.92500	64
12.93333	64
12.94167	64
12.95000	65
12.95833	66
12.96667	68
12.97500	69
12.98333	71
12.99167	72
13.00000	73
13.00833	75
13.01667	76
13.02500	78
13.03333	79
13.04167	80
13.05000	81
13.05833	82
13.06667	83
13.07500	83
13.08333	84
13.09167	84
13.10000	83
13.10833	83
13.11667	83
13.12500	82
13.13333	81
13.14167	79
13.15000	78
13.15833	77
13.16667	76
13.17500	74
13.18333	73
13.19167	72
13.20000	71
13.20833	70
13.21667	68
13.22500	67
13.23333	65
13.24167	64
13.25000	63
13.25833	62
13.26667	61
13.27500	61
13.28333	60
13.29167	60
13.30000	60
13.30833	60
13.31667	61
13.32500	61
13.33333	61
13.34167	62
13.35000	63
13.35833	64
13.36667	65
13.37500	66
13.38333	67
13.39167	68
13.40000	69
13.40833	70
13.41667	70
13.42500	71
13.43333	72
13.44167	73
13.45000	74
13.45833	75
13.46667	76
13.47500	77
13.48333	78
13.49167	79
13.50000	80
13.50833	81
13.51667	82
13.52500	82
13.53333	82
13.54167	83
13.55000	83
13.55833	83
13.56667	83
13.57500	83
13.58333	83
13.59167	83
13.60000	83
13.60833	83
13.61667	83
13.62500	83
13.63333	83
13.64167	83
13.65000	84
13.65833	84
13.66667	85
13.67500	87
13.68333	89
13.69167	91
13.70000	93
13.70833	96
13.71667	100
13.72500	103
13.73333	108
13.74167	113
13.75000	119
13.75833	125
13.76667	132
13.77500	139
13.78333	147
13.79167	156
13.80000	165
13.80833	175
13.81667	186
13.82500	198
13.83333	210
13.84167	223
13.85000	237
13.85833	252
13.86667	267
13.87500	282
13.88333	297
13.89167	312
13.90000	327
13.90833	342
13.91667	357
13.92500	371
13.93333	384
13.94167	396
13.95000	407
13.95833	417
13.96667	426
13.97500	433
13.98333	439
13.99167	443
14.00000	446
14.00833	447
14.01667	447
14.02500	445
14.03333	442
14.04167	438
14.05000	433
14.05833	427
14.06667	420
14.07500	413
14.08333	406
14.09167	398
14.10000	390
14.10833	381
14.11667	372
14.12500	364
14.13333	356
14.14167	349
14.15000	342
14.15833	335
14.16667	329
14.17500	323
14.18333	318
14.19167	313
14.20000	308
14.20833	304
14.21667	301
14.22500	299
14.23333	297
14.24167	296
14.25000	296
14.25833	295
14.26667	296
14.27500	296
14.28333	297
14.29167	299
14.30000	301
14.30833	303
14.31667	305
14.32500	308
14.33333	312
14.34167	315
14.35000	319
14.35833	323
14.36667	327
14.37500	332
14.38333	336
14.39167	340
14.40000	344
14.40833	348
14.41667	352
14.42500	355
14.43333	359
14.44167	363
14.45000	366
14.45833	369
14.46667	372
14.47500	375
14.48333	378
14.49167	381
14.50000	383
14.50833	385
14.51667	386
14.52500	388
14.53333	389
14.54167	390
14.55000	391
14.55833	391
14.56667	391
14.57500	390
14.58333	390
14.59167	389
14.60000	388
14.60833	386
14.61667	385
14.62500	383
14.63333	381
14.64167	378
14.65000	376
14.65833	374
14.66667	371
14.67500	369
14.68333	366
14.69167	364
14.70000	362
14.70833	360
14.71667	358
14.72500	355
14.73333	354
14.74167	352
14.75000	350
14.75833	348
14.76667	347
14.77500	345
14.78333	344
14.79167	343
14.80000	343
14.80833	342
14.81667	341
14.82500	340
14.83333	339
14.84167	339
14.85000	338
14.85833	337
14.86667	336
14.87500	335
14.88333	334
14.89167	333
14.90000	333
14.90833	331
14.91667	330
14.92500	329
14.93333	328
14.94167	327
14.95000	326
14.95833	325
14.96667	324
14.97500	324
14.98333	324
14.99167	324
15.00000	324
15.00833	325
15.01667	326
15.02500	329
15.03333	331
15.04167	335
15.05000	339
15.05833	343
15.06667	349
15.07500	356
15.08333	364
15.09167	373
15.10000	383
15.10833	394
15.11667	406
15.12500	420
15.13333	434
15.14167	450
15.15000	466
15.15833	483
15.16667	501
15.17500	519
15.18333	538
15.19167	558
15.20000	576
15.20833	595
15.21667	613
15.22500	630
15.23333	646
15.24167	660
15.25000	673
15.25833	685
15.26667	694
15.27500	701
15.28333	706
15.29167	708
15.30000	708
15.30833	705
15.31667	700
15.32500	693
15.33333	684
15.34167	672
15.35000	659
15.35833	645
15.36667	629
15.37500	612
15.38333	594
15.39167	575
15.40000	555
15.40833	535
15.41667	515
15.42500	494
15.43333	474
15.44167	455
15.45000	436
15.45833	418
15.46667	401
15.47500	384
15.48333	368
15.49167	354
15.50000	340
15.50833	327
15.51667	315
15.52500	303
15.53333	293
15.54167	283
15.55000	274
15.55833	266
15.56667	258
15.57500	251
15.58333	245
15.59167	239
15.60000	234
15.60833	229
15.61667	226
15.62500	223
15.63333	220
15.64167	218
15.65000	216
15.65833	215
15.66667	215
15.67500	215
15.68333	215
15.69167	216
15.70000	217
15.70833	219
15.71667	221
15.72500	223
15.73333	225
15.74167	228
15.75000	231
15.75833	234
15.76667	237
15.77500	241
15.78333	244
15.79167	247
15.80000	251
15.80833	255
15.81667	258
15.82500	262
15.83333	266
15.84167	270
15.85000	274
15.85833	277
15.86667	281
15.87500	285
15.88333	289
15.89167	292
15.90000	296
15.90833	299
15.91667	303
15.92500	307
15.93333	311
15.94167	315
15.95000	319
15.95833	323
15.96667	328
15.97500	333
15.98333	338
15.99167	343
16.00000	348
16.00833	353
16.01667	358
16.02500	363
16.03333	369
16.04167	374
16.05000	379
16.05833	385
16.06667	390
16.07500	395
16.08333	400
16.09167	404
16.10000	409
16.10833	414
16.11667	419
16.12500	424
16.13333	429
16.14167	433
16.15000	438
16.15833	442
16.16667	447
16.17500	451
16.18333	454
16.19167	458
16.20000	461
16.20833	465
16.21667	468
16.22500	472
16.23333	475
16.24167	478
16.25000	480
16.25833	483
16.26667	487
16.27500	489
16.28333	492
16.29167	495
16.30000	498
16.30833	501
16.31667	504
16.32500	508
16.33333	512
16.34167	515
16.35000	520
16.35833	524
16.36667	528
16.37500	533
16.38333	538
16.39167	543
16.40000	549
16.40833	555
16.41667	562
16.42500	568
16.43333	576
16.44167	583
16.45000	591
16.45833	598
16.46667	607
16.47500	615
16.48333	624
16.49167	633
16.50000	643
16.50833	652
16.51667	662
16.52500	672
16.53333	683
16.54167	693
16.55000	704
16.55833	715
16.56667	726
16.57500	736
16.58333	745
16.59167	754
16.60000	763
16.60833	770
16.61667	777
16.62500	782
16.63333	786
16.64167	789
16.65000	790
16.65833	790
16.66667	787
16.67500	783
16.68333	777
16.69167	769
16.70000	759
16.70833	747
16.71667	734
16.72500	720
16.73333	704
16.74167	686
16.75000	668
16.75833	648
16.76667	628
16.77500	607
16.78333	586
16.79167	565
16.80000	544
16.80833	523
16.81667	502
16.82500	482
16.83333	461
16.84167	442
16.85000	422
16.85833	403
16.86667	385
16.87500	368
16.88333	351
16.89167	336
16.90000	321
16.90833	307
16.91667	294
16.92500	281
16.93333	269
16.94167	257
16.95000	247
16.95833	236
16.96667	226
16.97500	217
16.98333	208
16.99167	199
17.00000	190
17.00833	182
17.01667	174
17.02500	167
17.03333	160
17.04167	153
17.05000	147
17.05833	140
17.06667	134
17.07500	128
17.08333	122
17.09167	117
17.10000	112
17.10833	107
17.11667	102
17.12500	97
17.13333	93
17.14167	89
17.15000	85
17.15833	81
17.16667	77
17.17500	73
17.18333	69
17.19167	66
17.20000	63
17.20833	59
17.21667	57
17.22500	54
17.23333	51
17.24167	49
17.25000	47
17.25833	44
17.26667	42
17.27500	40
17.28333	38
17.29167	36
17.30000	34
17.30833	33
17.31667	31
17.32500	29
17.33333	27
17.34167	25
17.35000	23
17.35833	22
17.36667	21
17.37500	20
17.38333	18
17.39167	18
17.40000	17
17.40833	16
17.41667	15
17.42500	15
17.43333	14
17.44167	13
17.45000	13
17.45833	12
17.46667	12
17.47500	12
17.48333	12
17.49167	13
17.50000	13
17.50833	13
17.51667	13
17.52500	13
17.53333	14
17.54167	15
17.55000	15
17.55833	16
17.56667	17
17.57500	18
17.58333	19
17.59167	21
17.60000	23
17.60833	24
17.61667	26
17.62500	28
17.63333	30
17.64167	32
17.65000	34
17.65833	37
17.66667	40
17.67500	43
17.68333	47
17.69167	50
17.70000	54
17.70833	59
17.71667	64
17.72500	69
17.73333	75
17.74167	81
17.75000	88
17.75833	96
17.76667	105
17.77500	115
17.78333	126
17.79167	138
17.80000	151
17.80833	166
17.81667	183
17.82500	201
17.83333	221
17.84167	243
17.85000	267
17.85833	293
17.86667	322
17.87500	354
17.88333	390
17.89167	429
17.90000	471
17.90833	516
17.91667	565
17.92500	618
17.93333	676
17.94167	737
17.95000	802
17.95833	871
17.96667	945
17.97500	1022
17.98333	1102
17.99167	1185
18.00000	1271
18.00833	1359
18.01667	1448
18.02500	1538
18.03333	1629
18.04167	1718
18.05000	1806
18.05833	1892
18.06667	1974
18.07500	2052
18.08333	2125
18.09167	2193
18.10000	2253
18.10833	2307
18.11667	2352
18.12500	2389
18.13333	2417
18.14167	2436
18.15000	2446
18.15833	2447
18.16667	2438
18.17500	2420
18.18333	2394
18.19167	2359
18.20000	2317
18.20833	2267
18.21667	2211
18.22500	2149
18.23333	2082
18.24167	2011
18.25000	1936
18.25833	1859
18.26667	1780
18.27500	1699
18.28333	1618
18.29167	1537
18.30000	1457
18.30833	1378
18.31667	1301
18.32500	1225
18.33333	1153
18.34167	1083
18.35000	1016
18.35833	952
18.36667	891
18.37500	834
18.38333	780
18.39167	729
18.40000	682
18.40833	637
18.41667	596
18.42500	557
18.43333	522
18.44167	489
18.45000	459
18.45833	431
18.46667	406
18.47500	383
18.48333	362
18.49167	343
18.50000	325
18.50833	310
18.51667	295
18.52500	283
18.53333	272
18.54167	262
18.55000	254
18.55833	247
18.56667	241
18.57500	237
18.58333	233
18.59167	231
18.60000	230
18.60833	229
18.61667	230
18.62500	232
18.63333	234
18.64167	238
18.65000	242
18.65833	248
18.66667	255
18.67500	263
18.68333	272
18.69167	283
18.70000	294
18.70833	307
18.71667	321
18.72500	336
18.73333	352
18.74167	369
18.75000	387
18.75833	407
18.76667	427
18.77500	448
18.78333	470
18.79167	492
18.80000	514
18.80833	537
18.81667	560
18.82500	583
18.83333	606
18.84167	628
18.85000	650
18.85833	670
18.86667	689
18.87500	708
18.88333	725
18.89167	740
18.90000	754
18.90833	766
18.91667	775
18.92500	782
18.93333	788
18.94167	791
18.95000	792
18.95833	791
18.96667	787
18.97500	781
18.98333	773
18.99167	763
19.00000	751
19.00833	737
19.01667	722
19.02500	705
19.03333	687
19.04167	669
19.05000	649
19.05833	628
19.06667	607
19.07500	585
19.08333	563
19.09167	541
19.10000	519
19.10833	497
19.11667	475
19.12500	454
19.13333	433
19.14167	413
19.15000	393
19.15833	374
19.16667	356
19.17500	339
19.18333	324
19.19167	308
19.20000	294
19.20833	281
19.21667	268
19.22500	256
19.23333	245
19.24167	235
19.25000	226
19.25833	218
19.26667	211
19.27500	205
19.28333	200
19.29167	195
19.30000	190
19.30833	185
19.31667	182
19.32500	179
19.33333	176
19.34167	174
19.35000	173
19.35833	171
19.36667	171
19.37500	170
19.38333	171
19.39167	171
19.40000	172
19.40833	173
19.41667	174
19.42500	175
19.43333	176
19.44167	178
19.45000	179
19.45833	179
19.46667	180
19.47500	181
19.48333	182
19.49167	182
19.50000	183
19.50833	183
19.51667	183
19.52500	184
19.53333	184
19.54167	183
19.55000	183
19.55833	182
19.56667	181
19.57500	180
19.58333	179
19.59167	178
19.60000	177
19.60833	176
19.61667	174
19.62500	172
19.63333	170
19.64167	168
19.65000	166
19.65833	164
19.66667	163
19.67500	161
19.68333	160
19.69167	158
19.70000	156
19.70833	155
19.71667	153
19.72500	152
19.73333	151
19.74167	149
19.75000	148
19.75833	147
19.76667	146
19.77500	145
19.78333	144
19.79167	143
19.80000	143
19.80833	142
19.81667	141
19.82500	141
19.83333	141
19.84167	140
19.85000	140
19.85833	139
19.86667	139
19.87500	139
19.88333	139
19.89167	139
19.90000	139
19.90833	140
19.91667	140
19.92500	140
19.93333	141
19.94167	141
19.95000	141
19.95833	141
19.96667	142
19.97500	142
19.98333	142
19.99167	143
20.00000	143
20.00833	143
20.01667	144
20.02500	144
20.03333	145
20.04167	146
20.05000	146
20.05833	147
20.06667	148
20.07500	149
20.08333	150
20.09167	151
20.10000	152
20.10833	153
20.11667	153
20.12500	154
20.13333	155
20.14167	156
20.15000	157
20.15833	158
20.16667	159
20.17500	160
20.18333	161
20.19167	162
20.20000	163
20.20833	164
20.21667	166
20.22500	167
20.23333	168
20.24167	169
20.25000	170
20.25833	172
20.26667	174
20.27500	175
20.28333	176
20.29167	178
20.30000	179
20.30833	181
20.31667	183
20.32500	185
20.33333	187
20.34167	190
20.35000	192
20.35833	195
20.36667	198
20.37500	201
20.38333	204
20.39167	207
20.40000	210
20.40833	214
20.41667	217
20.42500	221
20.43333	226
20.44167	230
20.45000	235
20.45833	240
20.46667	245
20.47500	250
20.48333	256
20.49167	262
20.50000	269
20.50833	276
20.51667	283
20.52500	291
20.53333	299
20.54167	308
20.55000	318
20.55833	328
20.56667	339
20.57500	351
20.58333	363
20.59167	377
20.60000	392
20.60833	407
20.61667	424
20.62500	442
20.63333	461
20.64167	482
20.65000	503
20.65833	527
20.66667	552
20.67500	579
20.68333	607
20.69167	637
20.70000	668
20.70833	701
20.71667	736
20.72500	772
20.73333	810
20.74167	849
20.75000	889
20.75833	932
20.76667	975
20.77500	1020
20.78333	1066
20.79167	1112
20.80000	1159
20.80833	1206
20.81667	1253
20.82500	1300
20.83333	1347
20.84167	1395
20.85000	1441
20.85833	1488
20.86667	1533
20.87500	1577
20.88333	1621
20.89167	1663
20.90000	1705
20.90833	1745
20.91667	1784
20.92500	1822
20.93333	1858
20.94167	1893
20.95000	1928
20.95833	1961
20.96667	1993
20.97500	2024
20.98333	2055
20.99167	2086
21.00000	2116
21.00833	2146
21.01667	2176
21.02500	2207
21.03333	2239
21.04167	2272
21.05000	2306
21.05833	2342
21.06667	2381
21.07500	2423
21.08333	2467
21.09167	2515
21.10000	2567
21.10833	2623
21.11667	2685
21.12500	2751
21.13333	2824
21.14167	2904
21.15000	2991
21.15833	3086
21.16667	3190
21.17500	3304
21.18333	3427
21.19167	3562
21.20000	3707
21.20833	3865
21.21667	4036
21.22500	4221
21.23333	4419
21.24167	4631
21.25000	4858
21.25833	5100
21.26667	5357
21.27500	5629
21.28333	5917
21.29167	6219
21.30000	6535
21.30833	6864
21.31667	7207
21.32500	7561
21.33333	7925
21.34167	8298
21.35000	8679
21.35833	9064
21.36667	9454
21.37500	9845
21.38333	10235
21.39167	10623
21.40000	11005
21.40833	11378
21.41667	11742
21.42500	12093
21.43333	12429
21.44167	12746
21.45000	13044
21.45833	13319
21.46667	13571
21.47500	13796
21.48333	13995
21.49167	14164
21.50000	14302
21.50833	14410
21.51667	14485
21.52500	14529
21.53333	14541
21.54167	14520
21.55000	14467
21.55833	14383
21.56667	14269
21.57500	14126
21.58333	13954
21.59167	13757
21.60000	13534
21.60833	13289
21.61667	13022
21.62500	12736
21.63333	12433
21.64167	12115
21.65000	11783
21.65833	11440
21.66667	11089
21.67500	10730
21.68333	10367
21.69167	10000
21.70000	9632
21.70833	9264
21.71667	8897
21.72500	8534
21.73333	8176
21.74167	7824
21.75000	7478
21.75833	7140
21.76667	6811
21.77500	6491
21.78333	6181
21.79167	5881
21.80000	5592
21.80833	5313
21.81667	5046
21.82500	4790
21.83333	4544
21.84167	4310
21.85000	4087
21.85833	3874
21.86667	3671
21.87500	3479
21.88333	3297
21.89167	3124
21.90000	2961
21.90833	2806
21.91667	2659
21.92500	2521
21.93333	2390
21.94167	2267
21.95000	2152
21.95833	2042
21.96667	1940
21.97500	1843
21.98333	1752
21.99167	1666
22.00000	1585
22.00833	1508
22.01667	1437
22.02500	1370
22.03333	1308
22.04167	1249
22.05000	1194
22.05833	1143
22.06667	1095
22.07500	1050
22.08333	1008
22.09167	968
22.10000	932
22.10833	898
22.11667	867
22.12500	838
22.13333	812
22.14167	788
22.15000	766
22.15833	745
22.16667	727
22.17500	710
22.18333	695
22.19167	681
22.20000	669
22.20833	657
22.21667	647
22.22500	638
22.23333	630
22.24167	624
22.25000	618
22.25833	613
22.26667	609
22.27500	606
22.28333	603
22.29167	600
22.30000	597
22.30833	595
22.31667	593
22.32500	591
22.33333	589
22.34167	588
22.35000	586
22.35833	585
22.36667	583
22.37500	581
22.38333	579
22.39167	577
22.40000	575
22.40833	573
22.41667	570
22.42500	566
22.43333	563
22.44167	559
22.45000	554
22.45833	550
22.46667	544
22.47500	539
22.48333	533
22.49167	527
22.50000	521
22.50833	514
22.51667	506
22.52500	499
22.53333	491
22.54167	483
22.55000	475
22.55833	466
22.56667	457
22.57500	449
22.58333	440
22.59167	431
22.60000	421
22.60833	412
22.61667	403
22.62500	394
22.63333	385
22.64167	376
22.65000	367
22.65833	358
22.66667	349
22.67500	340
22.68333	331
22.69167	323
22.70000	315
22.70833	307
22.71667	299
22.72500	292
22.73333	285
22.74167	278
22.75000	272
22.75833	267
22.76667	262
22.77500	257
22.78333	252
22.79167	248
22.80000	244
22.80833	241
22.81667	238
22.82500	235
22.83333	233
22.84167	231
22.85000	230
22.85833	229
22.86667	228
22.87500	227
22.88333	227
22.89167	227
22.90000	228
22.90833	229
22.91667	230
22.92500	231
22.93333	233
22.94167	235
22.95000	236
22.95833	239
22.96667	241
22.97500	243
22.98333	246
22.99167	248
23.00000	251
23.00833	254
23.01667	256
23.02500	259
23.03333	262
23.04167	264
23.05000	267
23.05833	269
23.06667	272
23.07500	274
23.08333	276
23.09167	278
23.10000	280
23.10833	282
23.11667	283
23.12500	285
23.13333	287
23.14167	288
23.15000	290
23.15833	291
23.16667	292
23.17500	293
23.18333	294
23.19167	294
23.20000	294
23.20833	294
23.21667	294
23.22500	294
23.23333	294
23.24167	293
23.25000	293
23.25833	293
23.26667	293
23.27500	293
23.28333	292
23.29167	291
23.30000	290
23.30833	289
23.31667	288
23.32500	287
23.33333	287
23.34167	285
23.35000	284
23.35833	283
23.36667	282
23.37500	281
23.38333	281
23.39167	280
23.40000	279
23.40833	278
23.41667	277
23.42500	276
23.43333	276
23.44167	275
23.45000	274
23.45833	274
23.46667	273
23.47500	272
23.48333	272
23.49167	271
23.50000	270
23.50833	269
23.51667	268
23.52500	268
23.53333	268
23.54167	268
23.55000	268
23.55833	268
23.56667	268
23.57500	268
23.58333	267
23.59167	267
23.60000	266
23.60833	266
23.61667	265
23.62500	265
23.63333	265
23.64167	265
23.65000	265
23.65833	265
23.66667	265
23.67500	265
23.68333	265
23.69167	265
23.70000	265
23.70833	265
23.71667	265
23.72500	265
23.73333	265
23.74167	265
23.75000	265
23.75833	265
23.76667	265
23.77500	265
23.78333	265
23.79167	264
23.80000	264
23.80833	264
23.81667	264
23.82500	265
23.83333	264
23.84167	264
23.85000	264
23.85833	264
23.86667	264
23.87500	264
23.88333	263
23.89167	263
23.90000	263
23.90833	263
23.91667	263
23.92500	263
23.93333	263
23.94167	263
23.95000	263
23.95833	263
23.96667	263
23.97500	262
23.98333	262
23.99167	262
24.00000	262
24.00833	262
24.01667	262
24.02500	262
24.03333	263
24.04167	263
24.05000	263
24.05833	263
24.06667	262
24.07500	262
24.08333	262
24.09167	261
24.10000	261
24.10833	261
24.11667	261
24.12500	260
24.13333	260
24.14167	260
24.15000	259
24.15833	258
24.16667	257
24.17500	256
24.18333	255
24.19167	254
24.20000	252
24.20833	251
24.21667	249
24.22500	248
24.23333	246
24.24167	245
24.25000	244
24.25833	242
24.26667	240
24.27500	238
24.28333	237
24.29167	235
24.30000	233
24.30833	232
24.31667	230
24.32500	228
24.33333	226
24.34167	224
24.35000	222
24.35833	220
24.36667	218
24.37500	216
24.38333	215
24.39167	214
24.40000	212
24.40833	210
24.41667	208
24.42500	207
24.43333	205
24.44167	204
24.45000	202
24.45833	201
24.46667	201
24.47500	200
24.48333	199
24.49167	198
24.50000	197
24.50833	197
24.51667	196
24.52500	195
24.53333	194
24.54167	194
24.55000	193
24.55833	192
24.56667	192
24.57500	191
24.58333	191
24.59167	191
24.60000	192
24.60833	192
24.61667	192
24.62500	192
24.63333	192
24.64167	193
24.65000	193
24.65833	193
24.66667	193
24.67500	193
24.68333	193
24.69167	193
24.70000	193
24.70833	193
24.71667	194
24.72500	194
24.73333	195
24.74167	195
24.75000	195
24.75833	195
24.76667	196
24.77500	196
24.78333	196
24.79167	197
24.80000	197
24.80833	197
24.81667	198
24.82500	198
24.83333	199
24.84167	199
24.85000	200
24.85833	200
24.86667	200
24.87500	200
24.88333	200
24.89167	200
24.90000	201
24.90833	201
24.91667	201
24.92500	201
24.93333	201
24.94167	201
24.95000	201
24.95833	201
24.96667	201
24.97500	200
24.98333	200
24.99167	200
25.00000	200
25.00833	200
25.01667	200
25.02500	200
25.03333	200
25.04167	199
25.05000	199
25.05833	199
25.06667	199
25.07500	199
25.08333	199
25.09167	199
25.10000	199
25.10833	198
25.11667	198
25.12500	198
25.13333	198
25.14167	197
25.15000	197
25.15833	197
25.16667	197
25.17500	198
25.18333	198
25.19167	198
25.20000	198
25.20833	199
25.21667	199
25.22500	199
25.23333	199
25.24167	199
25.25000	199
25.25833	200
25.26667	200
25.27500	200
25.28333	200
25.29167	200
25.30000	200
25.30833	201
25.31667	201
25.32500	202
25.33333	203
25.34167	204
25.35000	205
25.35833	206
25.36667	206
25.37500	207
25.38333	207
25.39167	208
25.40000	209
25.40833	210
25.41667	211
25.42500	212
25.43333	213
25.44167	215
25.45000	216
25.45833	218
25.46667	219
25.47500	221
25.48333	222
25.49167	223
25.50000	225
25.50833	227
25.51667	228
25.52500	230
25.53333	232
25.54167	234
25.55000	236
25.55833	238
25.56667	240
25.57500	242
25.58333	244
25.59167	246
25.60000	248
25.60833	251
25.61667	253
25.62500	255
25.63333	257
25.64167	259
25.65000	260
25.65833	262
25.66667	264
25.67500	267
25.68333	269
25.69167	271
25.70000	272
25.70833	274
25.71667	276
25.72500	278
25.73333	280
25.74167	282
25.75000	284
25.75833	285
25.76667	287
25.77500	288
25.78333	289
25.79167	291
25.80000	292
25.80833	293
25.81667	294
25.82500	296
25.83333	298
25.84167	300
25.85000	302
25.85833	304
25.86667	305
25.87500	307
25.88333	309
25.89167	311
25.90000	313
25.90833	315
25.91667	318
25.92500	321
25.93333	324
25.94167	327
25.95000	331
25.95833	335
25.96667	338
25.97500	342
25.98333	347
25.99167	352
26.00000	358
26.00833	365
26.01667	372
26.02500	379
26.03333	387
26.04167	396
26.05000	405
26.05833	414
26.06667	425
26.07500	436
26.08333	447
26.09167	460
26.10000	474
26.10833	488
26.11667	504
26.12500	520
26.13333	537
26.14167	557
26.15000	577
26.15833	598
26.16667	620
26.17500	644
26.18333	670
26.19167	697
26.20000	725
26.20833	755
26.21667	786
26.22500	819
26.23333	854
26.24167	891
26.25000	929
26.25833	968
26.26667	1009
26.27500	1052
26.28333	1096
26.29167	1142
26.30000	1188
26.30833	1236
26.31667	1286
26.32500	1336
26.33333	1387
26.34167	1439
26.35000	1491
26.35833	1544
26.36667	1597
26.37500	1649
26.38333	1702
26.39167	1754
26.40000	1805
26.40833	1856
26.41667	1905
26.42500	1953
26.43333	1999
26.44167	2043
26.45000	2084
26.45833	2123
26.46667	2159
26.47500	2193
26.48333	2223
26.49167	2251
26.50000	2274
26.50833	2294
26.51667	2310
26.52500	2322
26.53333	2331
26.54167	2335
26.55000	2335
26.55833	2332
26.56667	2324
26.57500	2313
26.58333	2297
26.59167	2278
26.60000	2255
26.60833	2228
26.61667	2199
26.62500	2166
26.63333	2130
26.64167	2091
26.65000	2050
26.65833	2007
26.66667	1961
26.67500	1913
26.68333	1863
26.69167	1812
26.70000	1760
26.70833	1706
26.71667	1652
26.72500	1598
26.73333	1543
26.74167	1488
26.75000	1434
26.75833	1380
26.76667	1326
26.77500	1274
26.78333	1222
26.79167	1170
26.80000	1120
26.80833	1071
26.81667	1023
26.82500	977
26.83333	932
26.84167	888
26.85000	845
26.85833	805
26.86667	765
26.87500	728
26.88333	692
26.89167	658
26.90000	625
26.90833	594
26.91667	564
26.92500	535
26.93333	508
26.94167	482
26.95000	458
26.95833	435
26.96667	413
26.97500	393
26.98333	373
26.99167	355
27.00000	338
27.00833	322
27.01667	306
27.02500	291
27.03333	277
27.04167	264
27.05000	251
27.05833	240
27.06667	229
27.07500	218
27.08333	209
27.09167	200
27.10000	191
27.10833	182
27.11667	175
27.12500	167
27.13333	161
27.14167	154
27.15000	148
27.15833	142
27.16667	136
27.17500	130
27.18333	125
27.19167	121
27.20000	116
27.20833	111
27.21667	107
27.22500	103
27.23333	99
27.24167	96
27.25000	92
27.25833	89
27.26667	86
27.27500	82
27.28333	79
27.29167	77
27.30000	75
27.30833	73
27.31667	70
27.32500	68
27.33333	65
27.34167	63
27.35000	61
27.35833	59
27.36667	57
27.37500	55
27.38333	53
27.39167	51
27.40000	50
27.40833	48
27.41667	47
27.42500	46
27.43333	45
27.44167	44
27.45000	43
27.45833	42
27.46667	41
27.47500	40
27.48333	39
27.49167	38
27.50000	37
27.50833	36
27.51667	35
27.52500	34
27.53333	33
27.54167	33
27.55000	32
27.55833	31
27.56667	30
27.57500	30
27.58333	29
27.59167	29
27.60000	28
27.60833	28
27.61667	27
27.62500	27
27.63333	27
27.64167	26
27.65000	26
27.65833	25
27.66667	25
27.67500	24
27.68333	24
27.69167	23
27.70000	22
27.70833	22
27.71667	21
27.72500	21
27.73333	20
27.74167	19
27.75000	19
27.75833	18
27.76667	18
27.77500	18
27.78333	18
27.79167	18
27.80000	18
27.80833	18
27.81667	18
27.82500	17
27.83333	17
27.84167	17
27.85000	17
27.85833	16
27.86667	16
27.87500	16
27.88333	16
27.89167	16
27.90000	16
27.90833	16
27.91667	15
27.92500	15
27.93333	14
27.94167	14
27.95000	14
27.95833	14
27.96667	14
27.97500	14
27.98333	13
27.99167	13
28.00000	13

