R.Time (min)	Intensity
0.00000	-1
0.00833	-1
0.01667	-1
0.02500	-0
0.03333	-0
0.04167	-0
0.05000	-1
0.05833	-1
0.06667	-1
0.07500	-1
0.08333	-1
0.09167	-0
0.10000	-0
0.10833	0
0.11667	0
0.12500	1
0.13333	1
0.14167	1
0.15000	1
0.15833	1
0.16667	2
0.17500	1
0.18333	1
0.19167	1
0.20000	1
0.20833	1
0.21667	1
0.22500	1
0.23333	1
0.24167	0
0.25000	0
0.25833	1
0.26667	1
0.27500	1
0.28333	1
0.29167	1
0.30000	1
0.30833	1
0.31667	1
0.32500	1
0.33333	1
0.34167	1
0.35000	1
0.35833	1
0.36667	1
0.37500	1
0.38333	0
0.39167	0
0.40000	-0
0.40833	-1
0.41667	-1
0.42500	-1
0.43333	-2
0.44167	-2
0.45000	-2
0.45833	-2
0.46667	-3
0.47500	-3
0.48333	-4
0.49167	-4
0.50000	-4
0.50833	-5
0.51667	-5
0.52500	-6
0.53333	-6
0.54167	-6
0.55000	-6
0.55833	-7
0.56667	-7
0.57500	-7
0.58333	-7
0.59167	-7
0.60000	-7
0.60833	-7
0.61667	-8
0.62500	-8
0.63333	-8
0.64167	-8
0.65000	-8
0.65833	-8
0.66667	-8
0.67500	-9
0.68333	-9
0.69167	-9
0.70000	-9
0.70833	-8
0.71667	-8
0.72500	-8
0.73333	-8
0.74167	-8
0.75000	-8
0.75833	-8
0.76667	-8
0.77500	-8
0.78333	-8
0.79167	-9
0.80000	-9
0.80833	-9
0.81667	-9
0.82500	-9
0.83333	-9
0.84167	-8
0.85000	-8
0.85833	-8
0.86667	-9
0.87500	-9
0.88333	-9
0.89167	-9
0.90000	-9
0.90833	-9
0.91667	-9
0.92500	-9
0.93333	-10
0.94167	-9
0.95000	-9
0.95833	-10
0.96667	-10
0.97500	-10
0.98333	-11
0.99167	-11
1.00000	-11
1.00833	-11
1.01667	-11
1.02500	-11
1.03333	-11
1.04167	-11
1.05000	-11
1.05833	-11
1.06667	-11
1.07500	-11
1.08333	-11
1.09167	-11
1.10000	-12
1.10833	-12
1.11667	-11
1.12500	-11
1.13333	-11
1.14167	-11
1.15000	-12
1.15833	-12
1.16667	-12
1.17500	-12
1.18333	-12
1.19167	-12
1.20000	-12
1.20833	-12
1.21667	-13
1.22500	-13
1.23333	-14
1.24167	-14
1.25000	-14
1.25833	-14
1.26667	-14
1.27500	-14
1.28333	-14
1.29167	-14
1.30000	-14
1.30833	-14
1.31667	-14
1.32500	-14
1.33333	-14
1.34167	-14
1.35000	-14
1.35833	-14
1.36667	-14
1.37500	-14
1.38333	-14
1.39167	-14
1.40000	-14
1.40833	-14
1.41667	-14
1.42500	-15
1.43333	-15
1.44167	-14
1.45000	-14
1.45833	-14
1.46667	-14
1.47500	-13
1.48333	-13
1.49167	-14
1.50000	-14
1.50833	-13
1.51667	-13
1.52500	-13
1.53333	-13
1.54167	-13
1.55000	-13
1.55833	-12
1.56667	-12
1.57500	-12
1.58333	-12
1.59167	-12
1.60000	-13
1.60833	-13
1.61667	-13
1.62500	-12
1.63333	-12
1.64167	-12
1.65000	-12
1.65833	-12
1.66667	-12
1.67500	-12
1.68333	-12
1.69167	-13
1.70000	-13
1.70833	-13
1.71667	-13
1.72500	-12
1.73333	-12
1.74167	-12
1.75000	-12
1.75833	-12
1.76667	-12
1.77500	-12
1.78333	-12
1.79167	-12
1.80000	-11
1.80833	-11
1.81667	-11
1.82500	-11
1.83333	-12
1.84167	-12
1.85000	-12
1.85833	-12
1.86667	-13
1.87500	-13
1.88333	-13
1.89167	-13
1.90000	-13
1.90833	-13
1.91667	-13
1.92500	-13
1.93333	-13
1.94167	-13
1.95000	-13
1.95833	-12
1.96667	-12
1.97500	-12
1.98333	-11
1.99167	-11
2.00000	-11
2.00833	-11
2.01667	-10
2.02500	-10
2.03333	-9
2.04167	-10
2.05000	-10
2.05833	-10
2.06667	-9
2.07500	-9
2.08333	-9
2.09167	-9
2.10000	-9
2.10833	-8
2.11667	-8
2.12500	-8
2.13333	-8
2.14167	-8
2.15000	-7
2.15833	-6
2.16667	-6
2.17500	-6
2.18333	-6
2.19167	-5
2.20000	-5
2.20833	-4
2.21667	-3
2.22500	-3
2.23333	-2
2.24167	-2
2.25000	-1
2.25833	-0
2.26667	0
2.27500	1
2.28333	2
2.29167	3
2.30000	3
2.30833	4
2.31667	5
2.32500	6
2.33333	7
2.34167	9
2.35000	10
2.35833	11
2.36667	13
2.37500	15
2.38333	16
2.39167	18
2.40000	21
2.40833	23
2.41667	26
2.42500	28
2.43333	30
2.44167	33
2.45000	36
2.45833	39
2.46667	42
2.47500	45
2.48333	49
2.49167	53
2.50000	57
2.50833	61
2.51667	65
2.52500	70
2.53333	75
2.54167	81
2.55000	87
2.55833	93
2.56667	100
2.57500	107
2.58333	113
2.59167	121
2.60000	128
2.60833	136
2.61667	145
2.62500	154
2.63333	163
2.64167	173
2.65000	184
2.65833	195
2.66667	207
2.67500	219
2.68333	232
2.69167	246
2.70000	261
2.70833	276
2.71667	292
2.72500	309
2.73333	326
2.74167	344
2.75000	364
2.75833	384
2.76667	406
2.77500	429
2.78333	452
2.79167	478
2.80000	504
2.80833	532
2.81667	561
2.82500	592
2.83333	624
2.84167	658
2.85000	694
2.85833	732
2.86667	771
2.87500	812
2.88333	855
2.89167	900
2.90000	947
2.90833	996
2.91667	1048
2.92500	1101
2.93333	1157
2.94167	1215
2.95000	1276
2.95833	1339
2.96667	1405
2.97500	1472
2.98333	1542
2.99167	1614
3.00000	1688
3.00833	1765
3.01667	1843
3.02500	1924
3.03333	2007
3.04167	2092
3.05000	2179
3.05833	2267
3.06667	2356
3.07500	2447
3.08333	2539
3.09167	2631
3.10000	2725
3.10833	2818
3.11667	2912
3.12500	3005
3.13333	3098
3.14167	3191
3.15000	3282
3.15833	3371
3.16667	3459
3.17500	3545
3.18333	3629
3.19167	3710
3.20000	3789
3.20833	3864
3.21667	3936
3.22500	4003
3.23333	4067
3.24167	4126
3.25000	4181
3.25833	4230
3.26667	4275
3.27500	4314
3.28333	4347
3.29167	4376
3.30000	4398
3.30833	4415
3.31667	4426
3.32500	4431
3.33333	4430
3.34167	4423
3.35000	4410
3.35833	4392
3.36667	4367
3.37500	4338
3.38333	4302
3.39167	4261
3.40000	4215
3.40833	4164
3.41667	4109
3.42500	4048
3.43333	3984
3.44167	3916
3.45000	3843
3.45833	3768
3.46667	3689
3.47500	3607
3.48333	3524
3.49167	3438
3.50000	3350
3.50833	3261
3.51667	3170
3.52500	3078
3.53333	2985
3.54167	2892
3.55000	2799
3.55833	2706
3.56667	2613
3.57500	2521
3.58333	2430
3.59167	2340
3.60000	2251
3.60833	2163
3.61667	2077
3.62500	1992
3.63333	1909
3.64167	1828
3.65000	1749
3.65833	1672
3.66667	1598
3.67500	1525
3.68333	1455
3.69167	1387
3.70000	1322
3.70833	1259
3.71667	1198
3.72500	1140
3.73333	1084
3.74167	1031
3.75000	979
3.75833	930
3.76667	884
3.77500	839
3.78333	797
3.79167	758
3.80000	720
3.80833	685
3.81667	651
3.82500	619
3.83333	588
3.84167	560
3.85000	533
3.85833	508
3.86667	484
3.87500	462
3.88333	441
3.89167	421
3.90000	403
3.90833	386
3.91667	369
3.92500	355
3.93333	341
3.94167	327
3.95000	315
3.95833	303
3.96667	291
3.97500	281
3.98333	271
3.99167	261
4.00000	252
4.00833	244
4.01667	236
4.02500	229
4.03333	222
4.04167	216
4.05000	210
4.05833	204
4.06667	198
4.07500	193
4.08333	188
4.09167	183
4.10000	178
4.10833	173
4.11667	168
4.12500	163
4.13333	159
4.14167	154
4.15000	150
4.15833	146
4.16667	142
4.17500	137
4.18333	133
4.19167	129
4.20000	125
4.20833	121
4.21667	117
4.22500	113
4.23333	108
4.24167	104
4.25000	100
4.25833	97
4.26667	93
4.27500	89
4.28333	85
4.29167	82
4.30000	79
4.30833	75
4.31667	72
4.32500	69
4.33333	66
4.34167	62
4.35000	59
4.35833	55
4.36667	52
4.37500	49
4.38333	46
4.39167	43
4.40000	41
4.40833	39
4.41667	37
4.42500	35
4.43333	33
4.44167	31
4.45000	30
4.45833	28
4.46667	26
4.47500	24
4.48333	22
4.49167	20
4.50000	18
4.50833	17
4.51667	15
4.52500	14
4.53333	12
4.54167	11
4.55000	11
4.55833	10
4.56667	9
4.57500	8
4.58333	8
4.59167	7
4.60000	7
4.60833	7
4.61667	6
4.62500	6
4.63333	6
4.64167	5
4.65000	5
4.65833	5
4.66667	5
4.67500	6
4.68333	6
4.69167	6
4.70000	6
4.70833	7
4.71667	7
4.72500	7
4.73333	8
4.74167	8
4.75000	8
4.75833	9
4.76667	9
4.77500	10
4.78333	10
4.79167	11
4.80000	11
4.80833	12
4.81667	12
4.82500	13
4.83333	14
4.84167	14
4.85000	14
4.85833	15
4.86667	15
4.87500	16
4.88333	16
4.89167	17
4.90000	18
4.90833	19
4.91667	19
4.92500	20
4.93333	20
4.94167	20
4.95000	20
4.95833	20
4.96667	21
4.97500	21
4.98333	21
4.99167	21
5.00000	21
5.00833	22
5.01667	22
5.02500	23
5.03333	23
5.04167	23
5.05000	23
5.05833	23
5.06667	23
5.07500	23
5.08333	23
5.09167	23
5.10000	24
5.10833	24
5.11667	24
5.12500	24
5.13333	24
5.14167	24
5.15000	24
5.15833	24
5.16667	24
5.17500	23
5.18333	23
5.19167	23
5.20000	22
5.20833	22
5.21667	21
5.22500	20
5.23333	19
5.24167	19
5.25000	18
5.25833	18
5.26667	17
5.27500	17
5.28333	17
5.29167	17
5.30000	16
5.30833	16
5.31667	15
5.32500	14
5.33333	13
5.34167	12
5.35000	11
5.35833	11
5.36667	11
5.37500	10
5.38333	10
5.39167	10
5.40000	9
5.40833	9
5.41667	8
5.42500	8
5.43333	7
5.44167	8
5.45000	7
5.45833	7
5.46667	6
5.47500	6
5.48333	6
5.49167	6
5.50000	5
5.50833	5
5.51667	4
5.52500	4
5.53333	4
5.54167	4
5.55000	4
5.55833	3
5.56667	3
5.57500	3
5.58333	2
5.59167	2
5.60000	1
5.60833	1
5.61667	1
5.62500	0
5.63333	0
5.64167	-0
5.65000	-0
5.65833	-0
5.66667	-0
5.67500	-0
5.68333	-1
5.69167	-1
5.70000	-2
5.70833	-2
5.71667	-2
5.72500	-3
5.73333	-3
5.74167	-3
5.75000	-3
5.75833	-3
5.76667	-3
5.77500	-4
5.78333	-4
5.79167	-5
5.80000	-5
5.80833	-5
5.81667	-5
5.82500	-6
5.83333	-6
5.84167	-6
5.85000	-6
5.85833	-6
5.86667	-6
5.87500	-6
5.88333	-7
5.89167	-7
5.90000	-7
5.90833	-7
5.91667	-7
5.92500	-7
5.93333	-7
5.94167	-7
5.95000	-7
5.95833	-7
5.96667	-7
5.97500	-7
5.98333	-7
5.99167	-7
6.00000	-8
6.00833	-8
6.01667	-9
6.02500	-9
6.03333	-9
6.04167	-9
6.05000	-9
6.05833	-9
6.06667	-9
6.07500	-10
6.08333	-10
6.09167	-9
6.10000	-9
6.10833	-9
6.11667	-9
6.12500	-9
6.13333	-9
6.14167	-9
6.15000	-9
6.15833	-9
6.16667	-9
6.17500	-9
6.18333	-9
6.19167	-9
6.20000	-9
6.20833	-9
6.21667	-8
6.22500	-9
6.23333	-8
6.24167	-8
6.25000	-8
6.25833	-8
6.26667	-8
6.27500	-9
6.28333	-9
6.29167	-8
6.30000	-8
6.30833	-8
6.31667	-8
6.32500	-8
6.33333	-8
6.34167	-8
6.35000	-8
6.35833	-8
6.36667	-7
6.37500	-7
6.38333	-7
6.39167	-8
6.40000	-8
6.40833	-8
6.41667	-8
6.42500	-9
6.43333	-9
6.44167	-9
6.45000	-9
6.45833	-9
6.46667	-9
6.47500	-9
6.48333	-9
6.49167	-10
6.50000	-10
6.50833	-10
6.51667	-11
6.52500	-11
6.53333	-11
6.54167	-11
6.55000	-11
6.55833	-11
6.56667	-11
6.57500	-11
6.58333	-11
6.59167	-11
6.60000	-12
6.60833	-12
6.61667	-12
6.62500	-13
6.63333	-13
6.64167	-13
6.65000	-14
6.65833	-14
6.66667	-14
6.67500	-14
6.68333	-15
6.69167	-15
6.70000	-15
6.70833	-16
6.71667	-16
6.72500	-16
6.73333	-16
6.74167	-16
6.75000	-15
6.75833	-15
6.76667	-15
6.77500	-15
6.78333	-16
6.79167	-16
6.80000	-17
6.80833	-17
6.81667	-18
6.82500	-18
6.83333	-18
6.84167	-18
6.85000	-18
6.85833	-18
6.86667	-18
6.87500	-18
6.88333	-18
6.89167	-17
6.90000	-17
6.90833	-17
6.91667	-16
6.92500	-16
6.93333	-16
6.94167	-16
6.95000	-16
6.95833	-16
6.96667	-15
6.97500	-16
6.98333	-16
6.99167	-15
7.00000	-15
7.00833	-15
7.01667	-15
7.02500	-15
7.03333	-15
7.04167	-15
7.05000	-15
7.05833	-14
7.06667	-13
7.07500	-12
7.08333	-11
7.09167	-9
7.10000	-6
7.10833	-3
7.11667	2
7.12500	8
7.13333	14
7.14167	22
7.15000	32
7.15833	42
7.16667	55
7.17500	70
7.18333	87
7.19167	106
7.20000	127
7.20833	149
7.21667	172
7.22500	197
7.23333	222
7.24167	248
7.25000	273
7.25833	297
7.26667	318
7.27500	334
7.28333	344
7.29167	344
7.30000	334
7.30833	312
7.31667	278
7.32500	233
7.33333	181
7.34167	130
7.35000	89
7.35833	71
7.36667	93
7.37500	174
7.38333	333
7.39167	592
7.40000	972
7.40833	1490
7.41667	2162
7.42500	2998
7.43333	4003
7.44167	5175
7.45000	6504
7.45833	7971
7.46667	9549
7.47500	11199
7.48333	12874
7.49167	14519
7.50000	16072
7.50833	17468
7.51667	18645
7.52500	19548
7.53333	20136
7.54167	20383
7.55000	20285
7.55833	19857
7.56667	19132
7.57500	18158
7.58333	16991
7.59167	15694
7.60000	14326
7.60833	12940
7.61667	11584
7.62500	10292
7.63333	9092
7.64167	7999
7.65000	7021
7.65833	6159
7.66667	5410
7.67500	4765
7.68333	4214
7.69167	3747
7.70000	3351
7.70833	3017
7.71667	2734
7.72500	2494
7.73333	2288
7.74167	2112
7.75000	1959
7.75833	1825
7.76667	1706
7.77500	1600
7.78333	1504
7.79167	1418
7.80000	1338
7.80833	1264
7.81667	1196
7.82500	1132
7.83333	1072
7.84167	1015
7.85000	962
7.85833	911
7.86667	862
7.87500	816
7.88333	772
7.89167	731
7.90000	692
7.90833	655
7.91667	621
7.92500	589
7.93333	559
7.94167	532
7.95000	508
7.95833	486
7.96667	467
7.97500	451
7.98333	437
7.99167	425
8.00000	415
8.00833	406
8.01667	398
8.02500	392
8.03333	386
8.04167	381
8.05000	376
8.05833	370
8.06667	365
8.07500	359
8.08333	353
8.09167	346
8.10000	339
8.10833	331
8.11667	323
8.12500	315
8.13333	307
8.14167	298
8.15000	290
8.15833	282
8.16667	275
8.17500	267
8.18333	260
8.19167	254
8.20000	248
8.20833	242
8.21667	237
8.22500	232
8.23333	228
8.24167	225
8.25000	221
8.25833	218
8.26667	216
8.27500	214
8.28333	212
8.29167	210
8.30000	209
8.30833	208
8.31667	208
8.32500	208
8.33333	207
8.34167	207
8.35000	207
8.35833	207
8.36667	206
8.37500	206
8.38333	206
8.39167	205
8.40000	205
8.40833	204
8.41667	204
8.42500	203
8.43333	202
8.44167	201
8.45000	201
8.45833	200
8.46667	199
8.47500	198
8.48333	198
8.49167	196
8.50000	195
8.50833	193
8.51667	192
8.52500	191
8.53333	191
8.54167	190
8.55000	190
8.55833	190
8.56667	190
8.57500	190
8.58333	192
8.59167	193
8.60000	196
8.60833	200
8.61667	205
8.62500	212
8.63333	221
8.64167	231
8.65000	244
8.65833	259
8.66667	277
8.67500	297
8.68333	319
8.69167	344
8.70000	370
8.70833	398
8.71667	427
8.72500	456
8.73333	485
8.74167	513
8.75000	540
8.75833	565
8.76667	587
8.77500	607
8.78333	624
8.79167	637
8.80000	647
8.80833	655
8.81667	659
8.82500	660
8.83333	660
8.84167	658
8.85000	657
8.85833	655
8.86667	655
8.87500	658
8.88333	664
8.89167	675
8.90000	691
8.90833	714
8.91667	745
8.92500	786
8.93333	835
8.94167	895
8.95000	965
8.95833	1045
8.96667	1136
8.97500	1236
8.98333	1344
8.99167	1459
9.00000	1578
9.00833	1700
9.01667	1822
9.02500	1941
9.03333	2056
9.04167	2163
9.05000	2260
9.05833	2344
9.06667	2414
9.07500	2469
9.08333	2507
9.09167	2528
9.10000	2532
9.10833	2519
9.11667	2489
9.12500	2445
9.13333	2387
9.14167	2316
9.15000	2235
9.15833	2146
9.16667	2051
9.17500	1952
9.18333	1850
9.19167	1747
9.20000	1645
9.20833	1546
9.21667	1449
9.22500	1357
9.23333	1269
9.24167	1187
9.25000	1111
9.25833	1040
9.26667	976
9.27500	917
9.28333	864
9.29167	816
9.30000	773
9.30833	736
9.31667	704
9.32500	675
9.33333	651
9.34167	631
9.35000	615
9.35833	601
9.36667	591
9.37500	585
9.38333	583
9.39167	585
9.40000	591
9.40833	603
9.41667	621
9.42500	647
9.43333	681
9.44167	725
9.45000	782
9.45833	855
9.46667	947
9.47500	1060
9.48333	1199
9.49167	1370
9.50000	1575
9.50833	1823
9.51667	2117
9.52500	2462
9.53333	2864
9.54167	3326
9.55000	3852
9.55833	4443
9.56667	5102
9.57500	5825
9.58333	6609
9.59167	7450
9.60000	8340
9.60833	9271
9.61667	10230
9.62500	11205
9.63333	12183
9.64167	13148
9.65000	14085
9.65833	14980
9.66667	15817
9.67500	16586
9.68333	17273
9.69167	17870
9.70000	18371
9.70833	18771
9.71667	19067
9.72500	19262
9.73333	19360
9.74167	19365
9.75000	19286
9.75833	19133
9.76667	18917
9.77500	18650
9.78333	18343
9.79167	18009
9.80000	17660
9.80833	17308
9.81667	16963
9.82500	16634
9.83333	16331
9.84167	16060
9.85000	15828
9.85833	15639
9.86667	15496
9.87500	15403
9.88333	15361
9.89167	15370
9.90000	15430
9.90833	15541
9.91667	15700
9.92500	15906
9.93333	16155
9.94167	16447
9.95000	16777
9.95833	17144
9.96667	17544
9.97500	17973
9.98333	18429
9.99167	18909
10.00000	19409
10.00833	19926
10.01667	20456
10.02500	20995
10.03333	21539
10.04167	22079
10.05000	22605
10.05833	23102
10.06667	23548
10.07500	23913
10.08333	24163
10.09167	24258
10.10000	24157
10.10833	23828
10.11667	23250
10.12500	22417
10.13333	21342
10.14167	20058
10.15000	18610
10.15833	17053
10.16667	15445
10.17500	13841
10.18333	12289
10.19167	10825
10.20000	9476
10.20833	8256
10.21667	7172
10.22500	6222
10.23333	5398
10.24167	4692
10.25000	4091
10.25833	3581
10.26667	3152
10.27500	2790
10.28333	2486
10.29167	2229
10.30000	2013
10.30833	1829
10.31667	1672
10.32500	1537
10.33333	1420
10.34167	1318
10.35000	1229
10.35833	1149
10.36667	1077
10.37500	1013
10.38333	954
10.39167	900
10.40000	851
10.40833	806
10.41667	764
10.42500	725
10.43333	689
10.44167	656
10.45000	625
10.45833	597
10.46667	571
10.47500	548
10.48333	528
10.49167	510
10.50000	494
10.50833	480
10.51667	469
10.52500	458
10.53333	450
10.54167	443
10.55000	438
10.55833	435
10.56667	432
10.57500	429
10.58333	428
10.59167	427
10.60000	426
10.60833	424
10.61667	422
10.62500	419
10.63333	415
10.64167	410
10.65000	404
10.65833	398
10.66667	390
10.67500	382
10.68333	372
10.69167	362
10.70000	351
10.70833	339
10.71667	326
10.72500	314
10.73333	302
10.74167	290
10.75000	278
10.75833	266
10.76667	255
10.77500	245
10.78333	236
10.79167	227
10.80000	218
10.80833	211
10.81667	204
10.82500	198
10.83333	193
10.84167	189
10.85000	185
10.85833	181
10.86667	178
10.87500	175
10.88333	173
10.89167	172
10.90000	170
10.90833	168
10.91667	167
10.92500	165
10.93333	164
10.94167	162
10.95000	161
10.95833	159
10.96667	158
10.97500	156
10.98333	155
10.99167	153
11.00000	152
11.00833	151
11.01667	150
11.02500	149
11.03333	148
11.04167	148
11.05000	147
11.05833	147
11.06667	147
11.07500	147
11.08333	147
11.09167	147
11.10000	148
11.10833	149
11.11667	150
11.12500	152
11.13333	154
11.14167	156
11.15000	158
11.15833	161
11.16667	164
11.17500	167
11.18333	170
11.19167	174
11.20000	178
11.20833	181
11.21667	185
11.22500	189
11.23333	193
11.24167	197
11.25000	201
11.25833	205
11.26667	209
11.27500	212
11.28333	216
11.29167	219
11.30000	223
11.30833	226
11.31667	229
11.32500	230
11.33333	232
11.34167	232
11.35000	233
11.35833	233
11.36667	233
11.37500	232
11.38333	231
11.39167	229
11.40000	227
11.40833	224
11.41667	221
11.42500	218
11.43333	215
11.44167	211
11.45000	207
11.45833	203
11.46667	199
11.47500	195
11.48333	191
11.49167	187
11.50000	184
11.50833	180
11.51667	176
11.52500	173
11.53333	170
11.54167	168
11.55000	165
11.55833	162
11.56667	160
11.57500	158
11.58333	157
11.59167	155
11.60000	154
11.60833	152
11.61667	151
11.62500	150
11.63333	150
11.64167	149
11.65000	148
11.65833	148
11.66667	148
11.67500	148
11.68333	148
11.69167	148
11.70000	148
11.70833	148
11.71667	148
11.72500	148
11.73333	148
11.74167	148
11.75000	148
11.75833	147
11.76667	147
11.77500	146
11.78333	146
11.79167	145
11.80000	144
11.80833	144
11.81667	143
11.82500	141
11.83333	140
11.84167	138
11.85000	136
11.85833	134
11.86667	132
11.87500	130
11.88333	128
11.89167	126
11.90000	124
11.90833	122
11.91667	120
11.92500	118
11.93333	116
11.94167	114
11.95000	113
11.95833	112
11.96667	111
11.97500	110
11.98333	109
11.99167	108
12.00000	107
12.00833	107
12.01667	107
12.02500	107
12.03333	107
12.04167	108
12.05000	109
12.05833	110
12.06667	111
12.07500	112
12.08333	113
12.09167	115
12.10000	116
12.10833	117
12.11667	118
12.12500	119
12.13333	120
12.14167	121
12.15000	121
12.15833	121
12.16667	121
12.17500	121
12.18333	122
12.19167	122
12.20000	122
12.20833	122
12.21667	122
12.22500	122
12.23333	122
12.24167	121
12.25000	120
12.25833	119
12.26667	117
12.27500	116
12.28333	115
12.29167	114
12.30000	113
12.30833	112
12.31667	110
12.32500	109
12.33333	107
12.34167	106
12.35000	104
12.35833	102
12.36667	101
12.37500	99
12.38333	97
12.39167	95
12.40000	94
12.40833	92
12.41667	91
12.42500	90
12.43333	88
12.44167	87
12.45000	86
12.45833	84
12.46667	83
12.47500	82
12.48333	81
12.49167	80
12.50000	79
12.50833	78
12.51667	77
12.52500	76
12.53333	76
12.54167	75
12.55000	75
12.55833	74
12.56667	74
12.57500	74
12.58333	74
12.59167	75
12.60000	75
12.60833	75
12.61667	74
12.62500	75
12.63333	75
12.64167	76
12.65000	76
12.65833	77
12.66667	78
12.67500	78
12.68333	79
12.69167	80
12.70000	80
12.70833	81
12.71667	82
12.72500	82
12.73333	83
12.74167	83
12.75000	84
12.75833	84
12.76667	85
12.77500	86
12.78333	87
12.79167	87
12.80000	88
12.80833	89
12.81667	89
12.82500	90
12.83333	90
12.84167	91
12.85000	92
12.85833	93
12.86667	95
12.87500	96
12.88333	97
12.89167	98
12.90000	100
12.90833	102
12.91667	103
12.92500	105
12.93333	107
12.94167	109
12.95000	111
12.95833	113
12.96667	115
12.97500	117
12.98333	120
12.99167	122
13.00000	124
13.00833	127
13.01667	129
13.02500	131
13.03333	134
13.04167	135
13.05000	137
13.05833	138
13.06667	139
13.07500	140
13.08333	141
13.09167	141
13.10000	141
13.10833	141
13.11667	140
13.12500	139
13.13333	139
13.14167	138
13.15000	136
13.15833	135
13.16667	134
13.17500	132
13.18333	131
13.19167	130
13.20000	128
13.20833	126
13.21667	125
13.22500	124
13.23333	123
13.24167	122
13.25000	121
13.25833	120
13.26667	120
13.27500	119
13.28333	118
13.29167	118
13.30000	118
13.30833	119
13.31667	119
13.32500	119
13.33333	120
13.34167	120
13.35000	121
13.35833	121
13.36667	121
13.37500	122
13.38333	122
13.39167	122
13.40000	123
13.40833	123
13.41667	123
13.42500	124
13.43333	124
13.44167	125
13.45000	126
13.45833	127
13.46667	127
13.47500	128
13.48333	129
13.49167	130
13.50000	130
13.50833	132
13.51667	133
13.52500	134
13.53333	135
13.54167	136
13.55000	138
13.55833	140
13.56667	142
13.57500	144
13.58333	147
13.59167	150
13.60000	154
13.60833	158
13.61667	162
13.62500	166
13.63333	170
13.64167	175
13.65000	181
13.65833	187
13.66667	193
13.67500	199
13.68333	205
13.69167	211
13.70000	218
13.70833	223
13.71667	229
13.72500	235
13.73333	241
13.74167	247
13.75000	253
13.75833	260
13.76667	266
13.77500	272
13.78333	278
13.79167	284
13.80000	290
13.80833	297
13.81667	304
13.82500	311
13.83333	318
13.84167	325
13.85000	334
13.85833	342
13.86667	352
13.87500	361
13.88333	370
13.89167	380
13.90000	389
13.90833	398
13.91667	408
13.92500	417
13.93333	425
13.94167	433
13.95000	440
13.95833	447
13.96667	452
13.97500	456
13.98333	458
13.99167	459
14.00000	459
14.00833	457
14.01667	455
14.02500	452
14.03333	447
14.04167	441
14.05000	435
14.05833	427
14.06667	419
14.07500	411
14.08333	402
14.09167	393
14.10000	384
14.10833	375
14.11667	366
14.12500	357
14.13333	349
14.14167	340
14.15000	333
14.15833	325
14.16667	318
14.17500	312
14.18333	306
14.19167	301
14.20000	296
14.20833	292
14.21667	288
14.22500	284
14.23333	281
14.24167	278
14.25000	275
14.25833	273
14.26667	271
14.27500	270
14.28333	269
14.29167	268
14.30000	268
14.30833	267
14.31667	267
14.32500	266
14.33333	266
14.34167	267
14.35000	268
14.35833	269
14.36667	270
14.37500	271
14.38333	272
14.39167	273
14.40000	274
14.40833	275
14.41667	276
14.42500	277
14.43333	278
14.44167	280
14.45000	280
14.45833	281
14.46667	282
14.47500	283
14.48333	284
14.49167	285
14.50000	285
14.50833	286
14.51667	287
14.52500	287
14.53333	287
14.54167	287
14.55000	287
14.55833	287
14.56667	287
14.57500	286
14.58333	285
14.59167	285
14.60000	284
14.60833	283
14.61667	283
14.62500	282
14.63333	281
14.64167	280
14.65000	279
14.65833	278
14.66667	277
14.67500	276
14.68333	274
14.69167	273
14.70000	272
14.70833	271
14.71667	270
14.72500	268
14.73333	267
14.74167	266
14.75000	264
14.75833	263
14.76667	262
14.77500	262
14.78333	261
14.79167	260
14.80000	258
14.80833	257
14.81667	256
14.82500	255
14.83333	253
14.84167	252
14.85000	251
14.85833	250
14.86667	249
14.87500	248
14.88333	247
14.89167	246
14.90000	245
14.90833	245
14.91667	244
14.92500	244
14.93333	243
14.94167	243
14.95000	243
14.95833	242
14.96667	242
14.97500	242
14.98333	242
14.99167	242
15.00000	242
15.00833	243
15.01667	243
15.02500	244
15.03333	245
15.04167	246
15.05000	247
15.05833	249
15.06667	251
15.07500	253
15.08333	257
15.09167	260
15.10000	264
15.10833	268
15.11667	273
15.12500	277
15.13333	283
15.14167	289
15.15000	295
15.15833	302
15.16667	308
15.17500	315
15.18333	322
15.19167	329
15.20000	337
15.20833	344
15.21667	351
15.22500	357
15.23333	364
15.24167	369
15.25000	373
15.25833	377
15.26667	380
15.27500	382
15.28333	383
15.29167	383
15.30000	382
15.30833	380
15.31667	377
15.32500	374
15.33333	369
15.34167	363
15.35000	357
15.35833	350
15.36667	342
15.37500	334
15.38333	325
15.39167	316
15.40000	307
15.40833	297
15.41667	288
15.42500	279
15.43333	270
15.44167	261
15.45000	252
15.45833	243
15.46667	234
15.47500	226
15.48333	218
15.49167	210
15.50000	203
15.50833	197
15.51667	190
15.52500	184
15.53333	178
15.54167	173
15.55000	168
15.55833	163
15.56667	159
15.57500	155
15.58333	152
15.59167	148
15.60000	145
15.60833	142
15.61667	140
15.62500	137
15.63333	135
15.64167	133
15.65000	130
15.65833	128
15.66667	126
15.67500	124
15.68333	123
15.69167	122
15.70000	121
15.70833	120
15.71667	119
15.72500	118
15.73333	118
15.74167	117
15.75000	116
15.75833	116
15.76667	115
15.77500	115
15.78333	115
15.79167	115
15.80000	115
15.80833	115
15.81667	115
15.82500	116
15.83333	116
15.84167	116
15.85000	116
15.85833	117
15.86667	118
15.87500	118
15.88333	119
15.89167	119
15.90000	121
15.90833	123
15.91667	125
15.92500	128
15.93333	130
15.94167	134
15.95000	138
15.95833	142
15.96667	147
15.97500	153
15.98333	159
15.99167	166
16.00000	173
16.00833	181
16.01667	190
16.02500	199
16.03333	209
16.04167	219
16.05000	229
16.05833	239
16.06667	250
16.07500	261
16.08333	271
16.09167	281
16.10000	290
16.10833	300
16.11667	308
16.12500	316
16.13333	322
16.14167	328
16.15000	332
16.15833	335
16.16667	337
16.17500	339
16.18333	338
16.19167	337
16.20000	335
16.20833	332
16.21667	327
16.22500	323
16.23333	318
16.24167	312
16.25000	306
16.25833	300
16.26667	295
16.27500	289
16.28333	284
16.29167	279
16.30000	275
16.30833	270
16.31667	267
16.32500	264
16.33333	262
16.34167	261
16.35000	260
16.35833	261
16.36667	262
16.37500	264
16.38333	268
16.39167	272
16.40000	277
16.40833	284
16.41667	292
16.42500	301
16.43333	311
16.44167	322
16.45000	334
16.45833	348
16.46667	363
16.47500	379
16.48333	396
16.49167	414
16.50000	434
16.50833	454
16.51667	475
16.52500	498
16.53333	521
16.54167	545
16.55000	569
16.55833	593
16.56667	617
16.57500	641
16.58333	663
16.59167	685
16.60000	706
16.60833	725
16.61667	743
16.62500	759
16.63333	772
16.64167	784
16.65000	793
16.65833	799
16.66667	803
16.67500	804
16.68333	802
16.69167	798
16.70000	791
16.70833	781
16.71667	769
16.72500	755
16.73333	739
16.74167	721
16.75000	701
16.75833	680
16.76667	657
16.77500	634
16.78333	610
16.79167	585
16.80000	560
16.80833	535
16.81667	510
16.82500	486
16.83333	463
16.84167	440
16.85000	418
16.85833	397
16.86667	377
16.87500	357
16.88333	338
16.89167	320
16.90000	304
16.90833	288
16.91667	274
16.92500	260
16.93333	248
16.94167	236
16.95000	225
16.95833	215
16.96667	205
16.97500	196
16.98333	188
16.99167	181
17.00000	174
17.00833	167
17.01667	160
17.02500	154
17.03333	149
17.04167	143
17.05000	139
17.05833	134
17.06667	130
17.07500	126
17.08333	122
17.09167	118
17.10000	115
17.10833	112
17.11667	108
17.12500	105
17.13333	103
17.14167	100
17.15000	98
17.15833	96
17.16667	94
17.17500	92
17.18333	90
17.19167	88
17.20000	86
17.20833	84
17.21667	82
17.22500	81
17.23333	79
17.24167	78
17.25000	77
17.25833	76
17.26667	74
17.27500	73
17.28333	72
17.29167	71
17.30000	70
17.30833	69
17.31667	68
17.32500	67
17.33333	67
17.34167	66
17.35000	65
17.35833	64
17.36667	64
17.37500	63
17.38333	62
17.39167	62
17.40000	61
17.40833	61
17.41667	61
17.42500	62
17.43333	62
17.44167	62
17.45000	62
17.45833	62
17.46667	61
17.47500	61
17.48333	61
17.49167	62
17.50000	62
17.50833	63
17.51667	64
17.52500	65
17.53333	65
17.54167	65
17.55000	66
17.55833	66
17.56667	68
17.57500	69
17.58333	70
17.59167	71
17.60000	73
17.60833	75
17.61667	77
17.62500	80
17.63333	83
17.64167	86
17.65000	89
17.65833	93
17.66667	98
17.67500	103
17.68333	107
17.69167	113
17.70000	119
17.70833	126
17.71667	134
17.72500	142
17.73333	151
17.74167	161
17.75000	172
17.75833	184
17.76667	197
17.77500	211
17.78333	227
17.79167	245
17.80000	265
17.80833	286
17.81667	310
17.82500	336
17.83333	365
17.84167	397
17.85000	433
17.85833	472
17.86667	515
17.87500	562
17.88333	613
17.89167	670
17.90000	731
17.90833	799
17.91667	871
17.92500	950
17.93333	1035
17.94167	1125
17.95000	1222
17.95833	1325
17.96667	1434
17.97500	1548
17.98333	1667
17.99167	1791
18.00000	1918
18.00833	2049
18.01667	2182
18.02500	2315
18.03333	2449
18.04167	2581
18.05000	2710
18.05833	2835
18.06667	2956
18.07500	3071
18.08333	3178
18.09167	3275
18.10000	3363
18.10833	3440
18.11667	3505
18.12500	3558
18.13333	3598
18.14167	3624
18.15000	3636
18.15833	3635
18.16667	3620
18.17500	3592
18.18333	3550
18.19167	3497
18.20000	3431
18.20833	3356
18.21667	3271
18.22500	3178
18.23333	3077
18.24167	2970
18.25000	2858
18.25833	2742
18.26667	2624
18.27500	2504
18.28333	2383
18.29167	2262
18.30000	2143
18.30833	2026
18.31667	1911
18.32500	1799
18.33333	1690
18.34167	1585
18.35000	1484
18.35833	1388
18.36667	1297
18.37500	1211
18.38333	1130
18.39167	1054
18.40000	982
18.40833	915
18.41667	853
18.42500	795
18.43333	741
18.44167	691
18.45000	645
18.45833	602
18.46667	563
18.47500	527
18.48333	493
18.49167	462
18.50000	434
18.50833	408
18.51667	385
18.52500	363
18.53333	342
18.54167	324
18.55000	308
18.55833	292
18.56667	279
18.57500	267
18.58333	256
18.59167	246
18.60000	237
18.60833	230
18.61667	223
18.62500	218
18.63333	213
18.64167	209
18.65000	206
18.65833	204
18.66667	203
18.67500	203
18.68333	204
18.69167	205
18.70000	208
18.70833	211
18.71667	215
18.72500	219
18.73333	224
18.74167	230
18.75000	237
18.75833	244
18.76667	252
18.77500	260
18.78333	269
18.79167	278
18.80000	287
18.80833	297
18.81667	306
18.82500	316
18.83333	325
18.84167	335
18.85000	344
18.85833	352
18.86667	360
18.87500	368
18.88333	375
18.89167	382
18.90000	388
18.90833	393
18.91667	397
18.92500	399
18.93333	401
18.94167	402
18.95000	402
18.95833	400
18.96667	397
18.97500	394
18.98333	390
18.99167	385
19.00000	379
19.00833	372
19.01667	364
19.02500	356
19.03333	347
19.04167	338
19.05000	329
19.05833	318
19.06667	308
19.07500	298
19.08333	287
19.09167	277
19.10000	266
19.10833	256
19.11667	245
19.12500	235
19.13333	224
19.14167	215
19.15000	206
19.15833	198
19.16667	189
19.17500	181
19.18333	173
19.19167	166
19.20000	158
19.20833	152
19.21667	145
19.22500	140
19.23333	134
19.24167	129
19.25000	124
19.25833	120
19.26667	116
19.27500	112
19.28333	109
19.29167	105
19.30000	102
19.30833	99
19.31667	97
19.32500	95
19.33333	94
19.34167	93
19.35000	91
19.35833	90
19.36667	89
19.37500	88
19.38333	87
19.39167	86
19.40000	86
19.40833	86
19.41667	86
19.42500	86
19.43333	85
19.44167	85
19.45000	85
19.45833	85
19.46667	85
19.47500	85
19.48333	85
19.49167	85
19.50000	85
19.50833	85
19.51667	85
19.52500	84
19.53333	84
19.54167	84
19.55000	83
19.55833	83
19.56667	83
19.57500	83
19.58333	82
19.59167	82
19.60000	81
19.60833	81
19.61667	80
19.62500	80
19.63333	79
19.64167	78
19.65000	78
19.65833	77
19.66667	78
19.67500	77
19.68333	77
19.69167	77
19.70000	77
19.70833	77
19.71667	77
19.72500	77
19.73333	76
19.74167	76
19.75000	75
19.75833	75
19.76667	74
19.77500	74
19.78333	74
19.79167	74
19.80000	73
19.80833	73
19.81667	73
19.82500	73
19.83333	73
19.84167	72
19.85000	72
19.85833	72
19.86667	71
19.87500	71
19.88333	70
19.89167	70
19.90000	70
19.90833	70
19.91667	69
19.92500	69
19.93333	69
19.94167	68
19.95000	68
19.95833	68
19.96667	68
19.97500	68
19.98333	68
19.99167	67
20.00000	67
20.00833	67
20.01667	67
20.02500	66
20.03333	66
20.04167	65
20.05000	65
20.05833	65
20.06667	65
20.07500	65
20.08333	65
20.09167	65
20.10000	64
20.10833	64
20.11667	65
20.12500	65
20.13333	65
20.14167	65
20.15000	65
20.15833	65
20.16667	65
20.17500	65
20.18333	65
20.19167	65
20.20000	65
20.20833	66
20.21667	66
20.22500	66
20.23333	67
20.24167	67
20.25000	67
20.25833	68
20.26667	68
20.27500	69
20.28333	69
20.29167	70
20.30000	70
20.30833	71
20.31667	71
20.32500	72
20.33333	73
20.34167	74
20.35000	76
20.35833	77
20.36667	78
20.37500	80
20.38333	82
20.39167	83
20.40000	85
20.40833	88
20.41667	90
20.42500	93
20.43333	95
20.44167	98
20.45000	102
20.45833	105
20.46667	109
20.47500	112
20.48333	117
20.49167	121
20.50000	126
20.50833	132
20.51667	137
20.52500	143
20.53333	150
20.54167	158
20.55000	166
20.55833	174
20.56667	184
20.57500	193
20.58333	204
20.59167	215
20.60000	227
20.60833	240
20.61667	254
20.62500	269
20.63333	286
20.64167	303
20.65000	323
20.65833	343
20.66667	365
20.67500	387
20.68333	411
20.69167	437
20.70000	464
20.70833	492
20.71667	521
20.72500	552
20.73333	583
20.74167	617
20.75000	651
20.75833	686
20.76667	722
20.77500	759
20.78333	797
20.79167	835
20.80000	873
20.80833	912
20.81667	951
20.82500	990
20.83333	1029
20.84167	1067
20.85000	1104
20.85833	1142
20.86667	1178
20.87500	1214
20.88333	1248
20.89167	1283
20.90000	1316
20.90833	1348
20.91667	1379
20.92500	1409
20.93333	1438
20.94167	1467
20.95000	1495
20.95833	1522
20.96667	1548
20.97500	1574
20.98333	1600
20.99167	1625
21.00000	1651
21.00833	1677
21.01667	1704
21.02500	1732
21.03333	1761
21.04167	1792
21.05000	1825
21.05833	1861
21.06667	1898
21.07500	1939
21.08333	1983
21.09167	2031
21.10000	2083
21.10833	2140
21.11667	2203
21.12500	2271
21.13333	2345
21.14167	2427
21.15000	2516
21.15833	2613
21.16667	2720
21.17500	2837
21.18333	2964
21.19167	3102
21.20000	3252
21.20833	3414
21.21667	3590
21.22500	3779
21.23333	3982
21.24167	4198
21.25000	4430
21.25833	4677
21.26667	4938
21.27500	5214
21.28333	5505
21.29167	5810
21.30000	6129
21.30833	6462
21.31667	6806
21.32500	7162
21.33333	7527
21.34167	7901
21.35000	8281
21.35833	8666
21.36667	9053
21.37500	9442
21.38333	9829
21.39167	10213
21.40000	10590
21.40833	10959
21.41667	11317
21.42500	11661
21.43333	11990
21.44167	12301
21.45000	12590
21.45833	12857
21.46667	13100
21.47500	13317
21.48333	13506
21.49167	13666
21.50000	13796
21.50833	13896
21.51667	13963
21.52500	13998
21.53333	14002
21.54167	13973
21.55000	13914
21.55833	13825
21.56667	13705
21.57500	13557
21.58333	13382
21.59167	13181
21.60000	12956
21.60833	12708
21.61667	12441
21.62500	12155
21.63333	11852
21.64167	11535
21.65000	11206
21.65833	10866
21.66667	10517
21.67500	10163
21.68333	9803
21.69167	9440
21.70000	9077
21.70833	8715
21.71667	8355
21.72500	7998
21.73333	7645
21.74167	7299
21.75000	6960
21.75833	6628
21.76667	6305
21.77500	5991
21.78333	5687
21.79167	5394
21.80000	5111
21.80833	4839
21.81667	4578
21.82500	4327
21.83333	4088
21.84167	3859
21.85000	3642
21.85833	3435
21.86667	3238
21.87500	3052
21.88333	2875
21.89167	2708
21.90000	2550
21.90833	2400
21.91667	2259
21.92500	2126
21.93333	2001
21.94167	1883
21.95000	1771
21.95833	1667
21.96667	1569
21.97500	1477
21.98333	1390
21.99167	1309
22.00000	1233
22.00833	1162
22.01667	1095
22.02500	1033
22.03333	975
22.04167	920
22.05000	869
22.05833	822
22.06667	777
22.07500	736
22.08333	698
22.09167	663
22.10000	630
22.10833	600
22.11667	572
22.12500	547
22.13333	523
22.14167	502
22.15000	482
22.15833	465
22.16667	448
22.17500	433
22.18333	419
22.19167	407
22.20000	395
22.20833	386
22.21667	377
22.22500	369
22.23333	362
22.24167	356
22.25000	351
22.25833	345
22.26667	341
22.27500	337
22.28333	334
22.29167	331
22.30000	328
22.30833	326
22.31667	324
22.32500	322
22.33333	319
22.34167	317
22.35000	314
22.35833	312
22.36667	310
22.37500	307
22.38333	304
22.39167	301
22.40000	298
22.40833	294
22.41667	291
22.42500	286
22.43333	282
22.44167	278
22.45000	273
22.45833	268
22.46667	263
22.47500	257
22.48333	251
22.49167	245
22.50000	239
22.50833	232
22.51667	225
22.52500	217
22.53333	209
22.54167	202
22.55000	194
22.55833	187
22.56667	179
22.57500	171
22.58333	162
22.59167	154
22.60000	146
22.60833	137
22.61667	129
22.62500	121
22.63333	113
22.64167	104
22.65000	96
22.65833	89
22.66667	81
22.67500	73
22.68333	66
22.69167	58
22.70000	51
22.70833	43
22.71667	37
22.72500	30
22.73333	24
22.74167	18
22.75000	12
22.75833	7
22.76667	2
22.77500	-2
22.78333	-7
22.79167	-11
22.80000	-14
22.80833	-17
22.81667	-20
22.82500	-22
22.83333	-24
22.84167	-26
22.85000	-28
22.85833	-29
22.86667	-30
22.87500	-30
22.88333	-31
22.89167	-30
22.90000	-30
22.90833	-29
22.91667	-28
22.92500	-27
22.93333	-25
22.94167	-24
22.95000	-22
22.95833	-20
22.96667	-18
22.97500	-15
22.98333	-13
22.99167	-11
23.00000	-8
23.00833	-6
23.01667	-3
23.02500	-0
23.03333	3
23.04167	5
23.05000	8
23.05833	11
23.06667	13
23.07500	16
23.08333	19
23.09167	22
23.10000	24
23.10833	27
23.11667	29
23.12500	31
23.13333	33
23.14167	35
23.15000	37
23.15833	39
23.16667	40
23.17500	42
23.18333	43
23.19167	44
23.20000	45
23.20833	46
23.21667	46
23.22500	47
23.23333	48
23.24167	49
23.25000	49
23.25833	49
23.26667	49
23.27500	49
23.28333	50
23.29167	50
23.30000	50
23.30833	49
23.31667	49
23.32500	48
23.33333	48
23.34167	48
23.35000	47
23.35833	47
23.36667	46
23.37500	46
23.38333	45
23.39167	44
23.40000	43
23.40833	43
23.41667	43
23.42500	42
23.43333	42
23.44167	41
23.45000	41
23.45833	41
23.46667	40
23.47500	40
23.48333	39
23.49167	39
23.50000	38
23.50833	38
23.51667	38
23.52500	38
23.53333	38
23.54167	37
23.55000	37
23.55833	38
23.56667	38
23.57500	38
23.58333	38
23.59167	39
23.60000	39
23.60833	38
23.61667	38
23.62500	38
23.63333	38
23.64167	38
23.65000	38
23.65833	38
23.66667	38
23.67500	38
23.68333	39
23.69167	39
23.70000	40
23.70833	41
23.71667	41
23.72500	42
23.73333	43
23.74167	43
23.75000	44
23.75833	45
23.76667	45
23.77500	46
23.78333	46
23.79167	47
23.80000	47
23.80833	48
23.81667	48
23.82500	48
23.83333	48
23.84167	49
23.85000	49
23.85833	49
23.86667	50
23.87500	51
23.88333	52
23.89167	53
23.90000	54
23.90833	55
23.91667	55
23.92500	56
23.93333	57
23.94167	58
23.95000	59
23.95833	60
23.96667	60
23.97500	61
23.98333	61
23.99167	61
24.00000	62
24.00833	62
24.01667	63
24.02500	63
24.03333	64
24.04167	64
24.05000	65
24.05833	65
24.06667	66
24.07500	66
24.08333	66
24.09167	66
24.10000	67
24.10833	66
24.11667	66
24.12500	66
24.13333	66
24.14167	66
24.15000	65
24.15833	64
24.16667	63
24.17500	63
24.18333	62
24.19167	61
24.20000	61
24.20833	60
24.21667	59
24.22500	57
24.23333	56
24.24167	54
24.25000	53
24.25833	51
24.26667	50
24.27500	48
24.28333	47
24.29167	45
24.30000	43
24.30833	42
24.31667	40
24.32500	38
24.33333	36
24.34167	35
24.35000	34
24.35833	32
24.36667	31
24.37500	30
24.38333	28
24.39167	27
24.40000	26
24.40833	24
24.41667	23
24.42500	21
24.43333	20
24.44167	19
24.45000	18
24.45833	17
24.46667	16
24.47500	16
24.48333	15
24.49167	14
24.50000	14
24.50833	14
24.51667	14
24.52500	14
24.53333	14
24.54167	13
24.55000	13
24.55833	13
24.56667	14
24.57500	14
24.58333	14
24.59167	14
24.60000	15
24.60833	15
24.61667	15
24.62500	16
24.63333	16
24.64167	16
24.65000	17
24.65833	18
24.66667	19
24.67500	20
24.68333	20
24.69167	21
24.70000	22
24.70833	23
24.71667	24
24.72500	25
24.73333	26
24.74167	27
24.75000	28
24.75833	28
24.76667	29
24.77500	29
24.78333	30
24.79167	31
24.80000	32
24.80833	33
24.81667	34
24.82500	34
24.83333	35
24.84167	35
24.85000	35
24.85833	36
24.86667	36
24.87500	37
24.88333	38
24.89167	38
24.90000	39
24.90833	39
24.91667	39
24.92500	40
24.93333	40
24.94167	41
24.95000	42
24.95833	42
24.96667	43
24.97500	43
24.98333	44
24.99167	44
25.00000	44
25.00833	45
25.01667	45
25.02500	45
25.03333	45
25.04167	45
25.05000	45
25.05833	45
25.06667	46
25.07500	46
25.08333	46
25.09167	46
25.10000	46
25.10833	46
25.11667	46
25.12500	46
25.13333	47
25.14167	47
25.15000	48
25.15833	48
25.16667	48
25.17500	49
25.18333	49
25.19167	50
25.20000	50
25.20833	50
25.21667	50
25.22500	50
25.23333	51
25.24167	51
25.25000	51
25.25833	52
25.26667	52
25.27500	53
25.28333	53
25.29167	53
25.30000	53
25.30833	54
25.31667	54
25.32500	55
25.33333	56
25.34167	57
25.35000	58
25.35833	59
25.36667	60
25.37500	60
25.38333	61
25.39167	62
25.40000	62
25.40833	62
25.41667	63
25.42500	64
25.43333	65
25.44167	66
25.45000	67
25.45833	68
25.46667	69
25.47500	70
25.48333	71
25.49167	71
25.50000	71
25.50833	72
25.51667	73
25.52500	74
25.53333	75
25.54167	76
25.55000	78
25.55833	79
25.56667	80
25.57500	81
25.58333	82
25.59167	83
25.60000	84
25.60833	85
25.61667	86
25.62500	87
25.63333	88
25.64167	89
25.65000	90
25.65833	91
25.66667	92
25.67500	92
25.68333	93
25.69167	95
25.70000	96
25.70833	97
25.71667	98
25.72500	100
25.73333	101
25.74167	102
25.75000	103
25.75833	104
25.76667	105
25.77500	106
25.78333	107
25.79167	108
25.80000	109
25.80833	110
25.81667	112
25.82500	113
25.83333	114
25.84167	116
25.85000	117
25.85833	119
25.86667	121
25.87500	122
25.88333	124
25.89167	126
25.90000	127
25.90833	129
25.91667	131
25.92500	133
25.93333	135
25.94167	137
25.95000	140
25.95833	143
25.96667	146
25.97500	149
25.98333	152
25.99167	155
26.00000	159
26.00833	162
26.01667	166
26.02500	170
26.03333	174
26.04167	179
26.05000	184
26.05833	189
26.06667	195
26.07500	201
26.08333	207
26.09167	214
26.10000	221
26.10833	228
26.11667	236
26.12500	243
26.13333	252
26.14167	261
26.15000	271
26.15833	281
26.16667	292
26.17500	303
26.18333	315
26.19167	328
26.20000	341
26.20833	356
26.21667	370
26.22500	386
26.23333	403
26.24167	420
26.25000	437
26.25833	456
26.26667	474
26.27500	494
26.28333	514
26.29167	536
26.30000	557
26.30833	579
26.31667	601
26.32500	624
26.33333	648
26.34167	671
26.35000	695
26.35833	719
26.36667	743
26.37500	768
26.38333	792
26.39167	817
26.40000	841
26.40833	864
26.41667	886
26.42500	908
26.43333	929
26.44167	949
26.45000	968
26.45833	987
26.46667	1004
26.47500	1020
26.48333	1034
26.49167	1047
26.50000	1059
26.50833	1069
26.51667	1077
26.52500	1084
26.53333	1089
26.54167	1093
26.55000	1095
26.55833	1094
26.56667	1092
26.57500	1088
26.58333	1082
26.59167	1075
26.60000	1066
26.60833	1055
26.61667	1043
26.62500	1029
26.63333	1014
26.64167	998
26.65000	980
26.65833	961
26.66667	942
26.67500	921
26.68333	900
26.69167	878
26.70000	856
26.70833	833
26.71667	810
26.72500	787
26.73333	764
26.74167	740
26.75000	716
26.75833	693
26.76667	670
26.77500	647
26.78333	624
26.79167	603
26.80000	581
26.80833	560
26.81667	540
26.82500	520
26.83333	500
26.84167	481
26.85000	463
26.85833	446
26.86667	429
26.87500	412
26.88333	396
26.89167	381
26.90000	366
26.90833	353
26.91667	340
26.92500	328
26.93333	316
26.94167	305
26.95000	295
26.95833	284
26.96667	275
26.97500	265
26.98333	256
26.99167	248
27.00000	240
27.00833	233
27.01667	226
27.02500	219
27.03333	213
27.04167	207
27.05000	201
27.05833	196
27.06667	191
27.07500	186
27.08333	181
27.09167	177
27.10000	172
27.10833	168
27.11667	164
27.12500	160
27.13333	157
27.14167	153
27.15000	150
27.15833	147
27.16667	145
27.17500	142
27.18333	140
27.19167	137
27.20000	134
27.20833	132
27.21667	130
27.22500	128
27.23333	126
27.24167	124
27.25000	123
27.25833	121
27.26667	120
27.27500	118
27.28333	116
27.29167	115
27.30000	113
27.30833	112
27.31667	111
27.32500	110
27.33333	109
27.34167	108
27.35000	107
27.35833	105
27.36667	105
27.37500	103
27.38333	102
27.39167	101
27.40000	100
27.40833	99
27.41667	99
27.42500	98
27.43333	97
27.44167	97
27.45000	96
27.45833	95
27.46667	95
27.47500	94
27.48333	94
27.49167	93
27.50000	93
27.50833	92
27.51667	92
27.52500	91
27.53333	91
27.54167	91
27.55000	91
27.55833	90
27.56667	90
27.57500	90
27.58333	90
27.59167	89
27.60000	88
27.60833	88
27.61667	87
27.62500	87
27.63333	87
27.64167	87
27.65000	86
27.65833	86
27.66667	86
27.67500	85
27.68333	86
27.69167	86
27.70000	86
27.70833	86
27.71667	86
27.72500	86
27.73333	86
27.74167	85
27.75000	85
27.75833	85
27.76667	85
27.77500	85
27.78333	84
27.79167	84
27.80000	84
27.80833	84
27.81667	84
27.82500	84
27.83333	84
27.84167	84
27.85000	84
27.85833	84
27.86667	84
27.87500	84
27.88333	84
27.89167	84
27.90000	84
27.90833	84
27.91667	84
27.92500	85
27.93333	85
27.94167	85
27.95000	85
27.95833	85
27.96667	85
27.97500	84
27.98333	84
27.99167	83
28.00000	83

