R.Time (min)	Intensity
0.00000	-18
0.00833	-18
0.01667	-0
0.02500	-0
0.03333	-1
0.04167	-1
0.05000	-2
0.05833	-3
0.06667	-4
0.07500	-5
0.08333	-5
0.09167	-5
0.10000	-5
0.10833	-5
0.11667	-4
0.12500	-3
0.13333	-3
0.14167	-3
0.15000	-3
0.15833	-3
0.16667	-3
0.17500	-3
0.18333	-3
0.19167	-3
0.20000	-4
0.20833	-4
0.21667	-3
0.22500	-3
0.23333	-2
0.24167	-2
0.25000	-3
0.25833	-3
0.26667	-3
0.27500	-3
0.28333	-3
0.29167	-3
0.30000	-2
0.30833	-2
0.31667	-2
0.32500	-2
0.33333	-2
0.34167	-2
0.35000	-3
0.35833	-2
0.36667	-2
0.37500	-2
0.38333	-2
0.39167	-2
0.40000	-3
0.40833	-3
0.41667	-3
0.42500	-3
0.43333	-3
0.44167	-3
0.45000	-3
0.45833	-3
0.46667	-4
0.47500	-4
0.48333	-5
0.49167	-6
0.50000	-6
0.50833	-7
0.51667	-7
0.52500	-8
0.53333	-8
0.54167	-8
0.55000	-8
0.55833	-9
0.56667	-9
0.57500	-9
0.58333	-9
0.59167	-9
0.60000	-10
0.60833	-10
0.61667	-10
0.62500	-11
0.63333	-10
0.64167	-10
0.65000	-10
0.65833	-10
0.66667	-10
0.67500	-10
0.68333	-10
0.69167	-11
0.70000	-11
0.70833	-11
0.71667	-11
0.72500	-11
0.73333	-11
0.74167	-11
0.75000	-12
0.75833	-12
0.76667	-12
0.77500	-12
0.78333	-13
0.79167	-13
0.80000	-13
0.80833	-13
0.81667	-13
0.82500	-13
0.83333	-13
0.84167	-13
0.85000	-13
0.85833	-14
0.86667	-13
0.87500	-14
0.88333	-14
0.89167	-13
0.90000	-13
0.90833	-13
0.91667	-13
0.92500	-13
0.93333	-12
0.94167	-12
0.95000	-12
0.95833	-12
0.96667	-12
0.97500	-12
0.98333	-12
0.99167	-11
1.00000	-11
1.00833	-11
1.01667	-11
1.02500	-11
1.03333	-10
1.04167	-10
1.05000	-10
1.05833	-10
1.06667	-11
1.07500	-11
1.08333	-11
1.09167	-11
1.10000	-11
1.10833	-11
1.11667	-11
1.12500	-11
1.13333	-11
1.14167	-11
1.15000	-11
1.15833	-11
1.16667	-11
1.17500	-11
1.18333	-11
1.19167	-11
1.20000	-10
1.20833	-10
1.21667	-11
1.22500	-11
1.23333	-11
1.24167	-11
1.25000	-12
1.25833	-13
1.26667	-13
1.27500	-14
1.28333	-14
1.29167	-14
1.30000	-14
1.30833	-14
1.31667	-15
1.32500	-14
1.33333	-14
1.34167	-14
1.35000	-14
1.35833	-14
1.36667	-14
1.37500	-14
1.38333	-14
1.39167	-15
1.40000	-15
1.40833	-15
1.41667	-15
1.42500	-15
1.43333	-15
1.44167	-15
1.45000	-15
1.45833	-15
1.46667	-15
1.47500	-15
1.48333	-15
1.49167	-15
1.50000	-15
1.50833	-15
1.51667	-15
1.52500	-15
1.53333	-15
1.54167	-15
1.55000	-16
1.55833	-17
1.56667	-17
1.57500	-17
1.58333	-17
1.59167	-17
1.60000	-17
1.60833	-17
1.61667	-17
1.62500	-17
1.63333	-17
1.64167	-17
1.65000	-16
1.65833	-16
1.66667	-16
1.67500	-16
1.68333	-16
1.69167	-16
1.70000	-16
1.70833	-16
1.71667	-15
1.72500	-15
1.73333	-15
1.74167	-15
1.75000	-15
1.75833	-15
1.76667	-15
1.77500	-14
1.78333	-14
1.79167	-13
1.80000	-13
1.80833	-13
1.81667	-13
1.82500	-12
1.83333	-12
1.84167	-12
1.85000	-12
1.85833	-12
1.86667	-12
1.87500	-12
1.88333	-12
1.89167	-12
1.90000	-12
1.90833	-12
1.91667	-12
1.92500	-12
1.93333	-12
1.94167	-11
1.95000	-11
1.95833	-11
1.96667	-12
1.97500	-12
1.98333	-12
1.99167	-12
2.00000	-12
2.00833	-12
2.01667	-12
2.02500	-12
2.03333	-12
2.04167	-11
2.05000	-11
2.05833	-11
2.06667	-10
2.07500	-10
2.08333	-10
2.09167	-10
2.10000	-10
2.10833	-11
2.11667	-11
2.12500	-11
2.13333	-10
2.14167	-10
2.15000	-10
2.15833	-9
2.16667	-9
2.17500	-9
2.18333	-9
2.19167	-8
2.20000	-8
2.20833	-7
2.21667	-7
2.22500	-6
2.23333	-6
2.24167	-6
2.25000	-5
2.25833	-4
2.26667	-3
2.27500	-2
2.28333	-1
2.29167	1
2.30000	3
2.30833	4
2.31667	6
2.32500	7
2.33333	9
2.34167	10
2.35000	12
2.35833	14
2.36667	16
2.37500	18
2.38333	21
2.39167	23
2.40000	25
2.40833	28
2.41667	31
2.42500	34
2.43333	37
2.44167	40
2.45000	43
2.45833	46
2.46667	51
2.47500	55
2.48333	60
2.49167	64
2.50000	69
2.50833	74
2.51667	80
2.52500	86
2.53333	92
2.54167	98
2.55000	105
2.55833	112
2.56667	119
2.57500	126
2.58333	135
2.59167	143
2.60000	152
2.60833	161
2.61667	171
2.62500	181
2.63333	192
2.64167	203
2.65000	215
2.65833	228
2.66667	241
2.67500	255
2.68333	270
2.69167	285
2.70000	302
2.70833	319
2.71667	338
2.72500	357
2.73333	377
2.74167	398
2.75000	420
2.75833	443
2.76667	467
2.77500	493
2.78333	521
2.79167	549
2.80000	580
2.80833	611
2.81667	644
2.82500	678
2.83333	715
2.84167	753
2.85000	793
2.85833	835
2.86667	879
2.87500	925
2.88333	973
2.89167	1024
2.90000	1077
2.90833	1132
2.91667	1190
2.92500	1250
2.93333	1313
2.94167	1379
2.95000	1447
2.95833	1517
2.96667	1590
2.97500	1665
2.98333	1742
2.99167	1822
3.00000	1904
3.00833	1989
3.01667	2076
3.02500	2165
3.03333	2256
3.04167	2349
3.05000	2443
3.05833	2538
3.06667	2635
3.07500	2733
3.08333	2832
3.09167	2931
3.10000	3030
3.10833	3130
3.11667	3229
3.12500	3328
3.13333	3425
3.14167	3522
3.15000	3616
3.15833	3709
3.16667	3799
3.17500	3887
3.18333	3972
3.19167	4053
3.20000	4132
3.20833	4206
3.21667	4276
3.22500	4342
3.23333	4403
3.24167	4459
3.25000	4509
3.25833	4554
3.26667	4594
3.27500	4627
3.28333	4655
3.29167	4676
3.30000	4692
3.30833	4701
3.31667	4704
3.32500	4701
3.33333	4691
3.34167	4675
3.35000	4653
3.35833	4625
3.36667	4590
3.37500	4551
3.38333	4505
3.39167	4455
3.40000	4399
3.40833	4338
3.41667	4273
3.42500	4204
3.43333	4130
3.44167	4053
3.45000	3971
3.45833	3887
3.46667	3800
3.47500	3710
3.48333	3618
3.49167	3524
3.50000	3429
3.50833	3332
3.51667	3234
3.52500	3136
3.53333	3037
3.54167	2938
3.55000	2839
3.55833	2741
3.56667	2644
3.57500	2547
3.58333	2452
3.59167	2358
3.60000	2265
3.60833	2174
3.61667	2085
3.62500	1998
3.63333	1914
3.64167	1831
3.65000	1750
3.65833	1672
3.66667	1596
3.67500	1522
3.68333	1451
3.69167	1382
3.70000	1316
3.70833	1253
3.71667	1193
3.72500	1135
3.73333	1079
3.74167	1025
3.75000	974
3.75833	926
3.76667	880
3.77500	837
3.78333	796
3.79167	756
3.80000	719
3.80833	684
3.81667	650
3.82500	619
3.83333	589
3.84167	562
3.85000	535
3.85833	511
3.86667	488
3.87500	466
3.88333	446
3.89167	427
3.90000	410
3.90833	393
3.91667	378
3.92500	363
3.93333	349
3.94167	336
3.95000	324
3.95833	312
3.96667	302
3.97500	291
3.98333	282
3.99167	273
4.00000	264
4.00833	256
4.01667	249
4.02500	241
4.03333	235
4.04167	229
4.05000	223
4.05833	216
4.06667	211
4.07500	205
4.08333	199
4.09167	194
4.10000	189
4.10833	183
4.11667	178
4.12500	173
4.13333	168
4.14167	163
4.15000	158
4.15833	154
4.16667	149
4.17500	145
4.18333	140
4.19167	136
4.20000	132
4.20833	128
4.21667	124
4.22500	120
4.23333	115
4.24167	111
4.25000	107
4.25833	103
4.26667	99
4.27500	95
4.28333	91
4.29167	88
4.30000	84
4.30833	81
4.31667	78
4.32500	75
4.33333	72
4.34167	69
4.35000	65
4.35833	62
4.36667	60
4.37500	57
4.38333	54
4.39167	52
4.40000	49
4.40833	47
4.41667	45
4.42500	43
4.43333	41
4.44167	39
4.45000	37
4.45833	36
4.46667	34
4.47500	32
4.48333	31
4.49167	30
4.50000	28
4.50833	27
4.51667	27
4.52500	26
4.53333	25
4.54167	25
4.55000	24
4.55833	24
4.56667	24
4.57500	23
4.58333	23
4.59167	23
4.60000	23
4.60833	23
4.61667	22
4.62500	22
4.63333	22
4.64167	22
4.65000	22
4.65833	22
4.66667	22
4.67500	22
4.68333	23
4.69167	23
4.70000	23
4.70833	24
4.71667	24
4.72500	25
4.73333	25
4.74167	26
4.75000	27
4.75833	27
4.76667	27
4.77500	28
4.78333	28
4.79167	28
4.80000	29
4.80833	29
4.81667	30
4.82500	31
4.83333	32
4.84167	33
4.85000	33
4.85833	34
4.86667	34
4.87500	35
4.88333	35
4.89167	36
4.90000	36
4.90833	37
4.91667	38
4.92500	39
4.93333	39
4.94167	40
4.95000	41
4.95833	41
4.96667	42
4.97500	42
4.98333	42
4.99167	42
5.00000	43
5.00833	43
5.01667	43
5.02500	43
5.03333	44
5.04167	44
5.05000	44
5.05833	44
5.06667	44
5.07500	44
5.08333	44
5.09167	44
5.10000	44
5.10833	44
5.11667	43
5.12500	43
5.13333	43
5.14167	43
5.15000	43
5.15833	43
5.16667	43
5.17500	42
5.18333	42
5.19167	42
5.20000	41
5.20833	41
5.21667	40
5.22500	40
5.23333	39
5.24167	39
5.25000	38
5.25833	38
5.26667	38
5.27500	38
5.28333	38
5.29167	37
5.30000	37
5.30833	37
5.31667	36
5.32500	36
5.33333	36
5.34167	35
5.35000	34
5.35833	33
5.36667	32
5.37500	32
5.38333	31
5.39167	30
5.40000	30
5.40833	29
5.41667	29
5.42500	29
5.43333	28
5.44167	28
5.45000	27
5.45833	27
5.46667	27
5.47500	26
5.48333	26
5.49167	26
5.50000	25
5.50833	25
5.51667	25
5.52500	24
5.53333	24
5.54167	23
5.55000	22
5.55833	21
5.56667	21
5.57500	20
5.58333	20
5.59167	20
5.60000	19
5.60833	19
5.61667	19
5.62500	19
5.63333	19
5.64167	18
5.65000	18
5.65833	18
5.66667	18
5.67500	17
5.68333	18
5.69167	17
5.70000	17
5.70833	17
5.71667	16
5.72500	15
5.73333	15
5.74167	15
5.75000	14
5.75833	14
5.76667	14
5.77500	14
5.78333	14
5.79167	14
5.80000	14
5.80833	13
5.81667	13
5.82500	13
5.83333	13
5.84167	12
5.85000	12
5.85833	11
5.86667	11
5.87500	11
5.88333	10
5.89167	10
5.90000	10
5.90833	10
5.91667	9
5.92500	9
5.93333	8
5.94167	8
5.95000	8
5.95833	7
5.96667	7
5.97500	7
5.98333	7
5.99167	7
6.00000	7
6.00833	6
6.01667	6
6.02500	6
6.03333	5
6.04167	5
6.05000	5
6.05833	5
6.06667	5
6.07500	6
6.08333	5
6.09167	5
6.10000	5
6.10833	5
6.11667	5
6.12500	5
6.13333	6
6.14167	5
6.15000	5
6.15833	5
6.16667	5
6.17500	5
6.18333	5
6.19167	5
6.20000	5
6.20833	5
6.21667	5
6.22500	5
6.23333	4
6.24167	4
6.25000	4
6.25833	4
6.26667	4
6.27500	4
6.28333	4
6.29167	4
6.30000	4
6.30833	5
6.31667	5
6.32500	5
6.33333	5
6.34167	5
6.35000	5
6.35833	5
6.36667	6
6.37500	6
6.38333	6
6.39167	6
6.40000	6
6.40833	6
6.41667	6
6.42500	6
6.43333	6
6.44167	6
6.45000	6
6.45833	6
6.46667	7
6.47500	7
6.48333	7
6.49167	7
6.50000	7
6.50833	7
6.51667	7
6.52500	8
6.53333	8
6.54167	8
6.55000	8
6.55833	7
6.56667	7
6.57500	7
6.58333	7
6.59167	7
6.60000	7
6.60833	7
6.61667	7
6.62500	7
6.63333	7
6.64167	6
6.65000	6
6.65833	6
6.66667	6
6.67500	6
6.68333	6
6.69167	6
6.70000	5
6.70833	5
6.71667	4
6.72500	4
6.73333	4
6.74167	4
6.75000	4
6.75833	4
6.76667	3
6.77500	3
6.78333	3
6.79167	2
6.80000	2
6.80833	2
6.81667	1
6.82500	1
6.83333	1
6.84167	0
6.85000	0
6.85833	-0
6.86667	-1
6.87500	-1
6.88333	-0
6.89167	0
6.90000	0
6.90833	-0
6.91667	-0
6.92500	-0
6.93333	-0
6.94167	-0
6.95000	0
6.95833	0
6.96667	0
6.97500	0
6.98333	0
6.99167	1
7.00000	1
7.00833	1
7.01667	1
7.02500	1
7.03333	1
7.04167	1
7.05000	0
7.05833	0
7.06667	1
7.07500	1
7.08333	2
7.09167	3
7.10000	4
7.10833	5
7.11667	7
7.12500	9
7.13333	13
7.14167	17
7.15000	22
7.15833	28
7.16667	35
7.17500	44
7.18333	54
7.19167	65
7.20000	77
7.20833	91
7.21667	107
7.22500	123
7.23333	140
7.24167	157
7.25000	175
7.25833	192
7.26667	208
7.27500	221
7.28333	229
7.29167	232
7.30000	227
7.30833	212
7.31667	184
7.32500	144
7.33333	91
7.34167	29
7.35000	-36
7.35833	-96
7.36667	-138
7.37500	-146
7.38333	-101
7.39167	19
7.40000	235
7.40833	569
7.41667	1042
7.42500	1670
7.43333	2464
7.44167	3431
7.45000	4567
7.45833	5860
7.46667	7289
7.47500	8821
7.48333	10416
7.49167	12019
7.50000	13570
7.50833	15005
7.51667	16259
7.52500	17274
7.53333	18001
7.54167	18408
7.55000	18483
7.55833	18233
7.56667	17685
7.57500	16882
7.58333	15875
7.59167	14722
7.60000	13483
7.60833	12210
7.61667	10952
7.62500	9744
7.63333	8615
7.64167	7582
7.65000	6654
7.65833	5835
7.66667	5122
7.67500	4507
7.68333	3983
7.69167	3539
7.70000	3164
7.70833	2847
7.71667	2579
7.72500	2352
7.73333	2159
7.74167	1993
7.75000	1849
7.75833	1723
7.76667	1612
7.77500	1512
7.78333	1422
7.79167	1340
7.80000	1265
7.80833	1195
7.81667	1130
7.82500	1070
7.83333	1013
7.84167	959
7.85000	908
7.85833	860
7.86667	814
7.87500	770
7.88333	728
7.89167	689
7.90000	651
7.90833	615
7.91667	582
7.92500	552
7.93333	524
7.94167	498
7.95000	475
7.95833	454
7.96667	436
7.97500	420
7.98333	406
7.99167	394
8.00000	384
8.00833	376
8.01667	369
8.02500	363
8.03333	358
8.04167	353
8.05000	349
8.05833	344
8.06667	339
8.07500	334
8.08333	329
8.09167	322
8.10000	316
8.10833	309
8.11667	301
8.12500	293
8.13333	285
8.14167	277
8.15000	269
8.15833	262
8.16667	254
8.17500	247
8.18333	241
8.19167	234
8.20000	228
8.20833	222
8.21667	216
8.22500	211
8.23333	207
8.24167	202
8.25000	198
8.25833	195
8.26667	192
8.27500	189
8.28333	187
8.29167	185
8.30000	184
8.30833	183
8.31667	182
8.32500	182
8.33333	181
8.34167	181
8.35000	180
8.35833	180
8.36667	180
8.37500	179
8.38333	179
8.39167	179
8.40000	178
8.40833	178
8.41667	177
8.42500	177
8.43333	176
8.44167	176
8.45000	175
8.45833	175
8.46667	174
8.47500	174
8.48333	173
8.49167	172
8.50000	171
8.50833	170
8.51667	168
8.52500	167
8.53333	167
8.54167	166
8.55000	167
8.55833	167
8.56667	167
8.57500	167
8.58333	167
8.59167	168
8.60000	170
8.60833	173
8.61667	177
8.62500	182
8.63333	189
8.64167	197
8.65000	208
8.65833	220
8.66667	234
8.67500	251
8.68333	269
8.69167	290
8.70000	312
8.70833	337
8.71667	363
8.72500	391
8.73333	418
8.74167	446
8.75000	472
8.75833	497
8.76667	520
8.77500	540
8.78333	558
8.79167	572
8.80000	584
8.80833	592
8.81667	597
8.82500	599
8.83333	598
8.84167	596
8.85000	592
8.85833	587
8.86667	582
8.87500	578
8.88333	577
8.89167	578
8.90000	582
8.90833	591
8.91667	606
8.92500	628
8.93333	657
8.94167	695
8.95000	742
8.95833	799
8.96667	866
8.97500	941
8.98333	1026
8.99167	1120
9.00000	1220
9.00833	1326
9.01667	1436
9.02500	1547
9.03333	1657
9.04167	1765
9.05000	1867
9.05833	1960
9.06667	2044
9.07500	2115
9.08333	2172
9.09167	2215
9.10000	2242
9.10833	2253
9.11667	2248
9.12500	2227
9.13333	2191
9.14167	2143
9.15000	2083
9.15833	2012
9.16667	1934
9.17500	1850
9.18333	1761
9.19167	1669
9.20000	1576
9.20833	1483
9.21667	1393
9.22500	1305
9.23333	1220
9.24167	1140
9.25000	1065
9.25833	995
9.26667	931
9.27500	872
9.28333	819
9.29167	771
9.30000	728
9.30833	690
9.31667	656
9.32500	627
9.33333	602
9.34167	580
9.35000	562
9.35833	547
9.36667	536
9.37500	527
9.38333	520
9.39167	517
9.40000	517
9.40833	521
9.41667	530
9.42500	543
9.43333	562
9.44167	587
9.45000	621
9.45833	665
9.46667	721
9.47500	791
9.48333	880
9.49167	989
9.50000	1124
9.50833	1288
9.51667	1486
9.52500	1724
9.53333	2007
9.54167	2338
9.55000	2723
9.55833	3165
9.56667	3667
9.57500	4230
9.58333	4855
9.59167	5539
9.60000	6279
9.60833	7069
9.61667	7902
9.62500	8767
9.63333	9654
9.64167	10549
9.65000	11438
9.65833	12307
9.66667	13142
9.67500	13929
9.68333	14654
9.69167	15307
9.70000	15878
9.70833	16361
9.71667	16750
9.72500	17043
9.73333	17241
9.74167	17348
9.75000	17369
9.75833	17313
9.76667	17186
9.77500	17001
9.78333	16769
9.79167	16502
9.80000	16211
9.80833	15908
9.81667	15604
9.82500	15310
9.83333	15033
9.84167	14783
9.85000	14566
9.85833	14387
9.86667	14251
9.87500	14161
9.88333	14119
9.89167	14125
9.90000	14180
9.90833	14284
9.91667	14434
9.92500	14630
9.93333	14869
9.94167	15149
9.95000	15467
9.95833	15819
9.96667	16204
9.97500	16617
9.98333	17056
9.99167	17517
10.00000	17996
10.00833	18489
10.01667	18994
10.02500	19504
10.03333	20012
10.04167	20507
10.05000	20973
10.05833	21390
10.06667	21729
10.07500	21958
10.08333	22039
10.09167	21938
10.10000	21624
10.10833	21079
10.11667	20302
10.12500	19307
10.13333	18125
10.14167	16798
10.15000	15378
10.15833	13918
10.16667	12466
10.17500	11065
10.18333	9746
10.19167	8533
10.20000	7438
10.20833	6465
10.21667	5613
10.22500	4875
10.23333	4242
10.24167	3702
10.25000	3245
10.25833	2859
10.26667	2533
10.27500	2258
10.28333	2027
10.29167	1830
10.30000	1663
10.30833	1519
10.31667	1396
10.32500	1289
10.33333	1196
10.34167	1114
10.35000	1041
10.35833	975
10.36667	916
10.37500	862
10.38333	813
10.39167	767
10.40000	725
10.40833	686
10.41667	650
10.42500	616
10.43333	585
10.44167	557
10.45000	530
10.45833	506
10.46667	483
10.47500	463
10.48333	446
10.49167	429
10.50000	415
10.50833	403
10.51667	392
10.52500	383
10.53333	376
10.54167	371
10.55000	366
10.55833	363
10.56667	361
10.57500	359
10.58333	359
10.59167	359
10.60000	358
10.60833	358
10.61667	357
10.62500	356
10.63333	354
10.64167	352
10.65000	348
10.65833	344
10.66667	338
10.67500	332
10.68333	325
10.69167	317
10.70000	308
10.70833	299
10.71667	289
10.72500	278
10.73333	267
10.74167	257
10.75000	246
10.75833	236
10.76667	226
10.77500	217
10.78333	209
10.79167	200
10.80000	192
10.80833	184
10.81667	177
10.82500	171
10.83333	166
10.84167	161
10.85000	157
10.85833	153
10.86667	150
10.87500	147
10.88333	145
10.89167	143
10.90000	141
10.90833	140
10.91667	139
10.92500	137
10.93333	136
10.94167	135
10.95000	134
10.95833	133
10.96667	131
10.97500	130
10.98333	128
10.99167	126
11.00000	125
11.00833	124
11.01667	123
11.02500	122
11.03333	121
11.04167	121
11.05000	120
11.05833	119
11.06667	119
11.07500	118
11.08333	118
11.09167	118
11.10000	118
11.10833	118
11.11667	119
11.12500	120
11.13333	121
11.14167	123
11.15000	125
11.15833	128
11.16667	130
11.17500	133
11.18333	136
11.19167	139
11.20000	142
11.20833	145
11.21667	148
11.22500	152
11.23333	156
11.24167	159
11.25000	163
11.25833	167
11.26667	170
11.27500	173
11.28333	177
11.29167	180
11.30000	184
11.30833	187
11.31667	190
11.32500	193
11.33333	195
11.34167	198
11.35000	200
11.35833	201
11.36667	202
11.37500	202
11.38333	201
11.39167	200
11.40000	199
11.40833	197
11.41667	195
11.42500	192
11.43333	190
11.44167	187
11.45000	183
11.45833	179
11.46667	176
11.47500	173
11.48333	169
11.49167	166
11.50000	163
11.50833	159
11.51667	156
11.52500	153
11.53333	150
11.54167	147
11.55000	145
11.55833	142
11.56667	140
11.57500	138
11.58333	137
11.59167	135
11.60000	134
11.60833	132
11.61667	131
11.62500	130
11.63333	130
11.64167	129
11.65000	129
11.65833	128
11.66667	128
11.67500	127
11.68333	127
11.69167	128
11.70000	128
11.70833	128
11.71667	128
11.72500	128
11.73333	128
11.74167	127
11.75000	127
11.75833	127
11.76667	126
11.77500	126
11.78333	125
11.79167	124
11.80000	124
11.80833	123
11.81667	122
11.82500	121
11.83333	120
11.84167	118
11.85000	117
11.85833	115
11.86667	114
11.87500	111
11.88333	109
11.89167	107
11.90000	105
11.90833	104
11.91667	102
11.92500	100
11.93333	98
11.94167	96
11.95000	95
11.95833	93
11.96667	92
11.97500	91
11.98333	90
11.99167	90
12.00000	90
12.00833	89
12.01667	89
12.02500	89
12.03333	89
12.04167	90
12.05000	91
12.05833	92
12.06667	93
12.07500	94
12.08333	95
12.09167	97
12.10000	98
12.10833	99
12.11667	100
12.12500	101
12.13333	102
12.14167	102
12.15000	103
12.15833	103
12.16667	104
12.17500	104
12.18333	104
12.19167	105
12.20000	105
12.20833	105
12.21667	105
12.22500	105
12.23333	104
12.24167	103
12.25000	103
12.25833	102
12.26667	102
12.27500	101
12.28333	101
12.29167	100
12.30000	99
12.30833	97
12.31667	96
12.32500	95
12.33333	93
12.34167	92
12.35000	90
12.35833	88
12.36667	87
12.37500	85
12.38333	84
12.39167	82
12.40000	80
12.40833	79
12.41667	78
12.42500	76
12.43333	74
12.44167	73
12.45000	72
12.45833	71
12.46667	69
12.47500	68
12.48333	67
12.49167	67
12.50000	66
12.50833	65
12.51667	65
12.52500	64
12.53333	63
12.54167	63
12.55000	62
12.55833	62
12.56667	61
12.57500	62
12.58333	62
12.59167	62
12.60000	62
12.60833	61
12.61667	62
12.62500	62
12.63333	62
12.64167	63
12.65000	63
12.65833	64
12.66667	64
12.67500	65
12.68333	66
12.69167	67
12.70000	68
12.70833	68
12.71667	69
12.72500	70
12.73333	70
12.74167	71
12.75000	72
12.75833	73
12.76667	73
12.77500	74
12.78333	74
12.79167	75
12.80000	75
12.80833	76
12.81667	76
12.82500	77
12.83333	78
12.84167	79
12.85000	79
12.85833	80
12.86667	81
12.87500	82
12.88333	83
12.89167	84
12.90000	85
12.90833	86
12.91667	88
12.92500	89
12.93333	90
12.94167	92
12.95000	93
12.95833	95
12.96667	97
12.97500	99
12.98333	101
12.99167	104
13.00000	106
13.00833	108
13.01667	109
13.02500	111
13.03333	113
13.04167	115
13.05000	116
13.05833	117
13.06667	118
13.07500	119
13.08333	121
13.09167	122
13.10000	122
13.10833	123
13.11667	123
13.12500	122
13.13333	122
13.14167	121
13.15000	120
13.15833	119
13.16667	118
13.17500	117
13.18333	115
13.19167	114
13.20000	113
13.20833	111
13.21667	110
13.22500	110
13.23333	109
13.24167	108
13.25000	107
13.25833	106
13.26667	105
13.27500	104
13.28333	103
13.29167	103
13.30000	103
13.30833	103
13.31667	103
13.32500	103
13.33333	103
13.34167	104
13.35000	105
13.35833	106
13.36667	107
13.37500	108
13.38333	109
13.39167	110
13.40000	110
13.40833	111
13.41667	112
13.42500	113
13.43333	114
13.44167	114
13.45000	115
13.45833	115
13.46667	116
13.47500	117
13.48333	118
13.49167	119
13.50000	121
13.50833	122
13.51667	123
13.52500	125
13.53333	126
13.54167	127
13.55000	129
13.55833	131
13.56667	133
13.57500	136
13.58333	138
13.59167	141
13.60000	144
13.60833	147
13.61667	151
13.62500	155
13.63333	159
13.64167	164
13.65000	168
13.65833	174
13.66667	179
13.67500	185
13.68333	190
13.69167	196
13.70000	202
13.70833	209
13.71667	215
13.72500	221
13.73333	227
13.74167	233
13.75000	238
13.75833	244
13.76667	249
13.77500	255
13.78333	260
13.79167	265
13.80000	271
13.80833	276
13.81667	282
13.82500	287
13.83333	294
13.84167	301
13.85000	308
13.85833	315
13.86667	323
13.87500	331
13.88333	339
13.89167	347
13.90000	356
13.90833	365
13.91667	375
13.92500	384
13.93333	393
13.94167	401
13.95000	408
13.95833	415
13.96667	422
13.97500	427
13.98333	431
13.99167	434
14.00000	436
14.00833	437
14.01667	436
14.02500	435
14.03333	432
14.04167	429
14.05000	425
14.05833	420
14.06667	414
14.07500	408
14.08333	400
14.09167	393
14.10000	385
14.10833	378
14.11667	370
14.12500	363
14.13333	356
14.14167	349
14.15000	342
14.15833	335
14.16667	329
14.17500	323
14.18333	318
14.19167	313
14.20000	309
14.20833	305
14.21667	301
14.22500	297
14.23333	294
14.24167	292
14.25000	290
14.25833	288
14.26667	286
14.27500	284
14.28333	282
14.29167	282
14.30000	281
14.30833	280
14.31667	281
14.32500	281
14.33333	281
14.34167	282
14.35000	282
14.35833	283
14.36667	283
14.37500	284
14.38333	285
14.39167	286
14.40000	286
14.40833	287
14.41667	288
14.42500	289
14.43333	290
14.44167	291
14.45000	292
14.45833	293
14.46667	294
14.47500	295
14.48333	296
14.49167	296
14.50000	297
14.50833	298
14.51667	299
14.52500	300
14.53333	300
14.54167	300
14.55000	300
14.55833	300
14.56667	300
14.57500	300
14.58333	300
14.59167	300
14.60000	299
14.60833	298
14.61667	297
14.62500	296
14.63333	296
14.64167	295
14.65000	294
14.65833	293
14.66667	293
14.67500	292
14.68333	291
14.69167	290
14.70000	289
14.70833	287
14.71667	286
14.72500	285
14.73333	284
14.74167	282
14.75000	281
14.75833	280
14.76667	278
14.77500	277
14.78333	275
14.79167	274
14.80000	272
14.80833	271
14.81667	269
14.82500	268
14.83333	266
14.84167	265
14.85000	265
14.85833	264
14.86667	263
14.87500	262
14.88333	261
14.89167	260
14.90000	260
14.90833	259
14.91667	257
14.92500	256
14.93333	255
14.94167	254
14.95000	254
14.95833	253
14.96667	252
14.97500	252
14.98333	251
14.99167	251
15.00000	250
15.00833	250
15.01667	250
15.02500	250
15.03333	251
15.04167	251
15.05000	251
15.05833	252
15.06667	253
15.07500	254
15.08333	256
15.09167	258
15.10000	261
15.10833	263
15.11667	266
15.12500	270
15.13333	275
15.14167	279
15.15000	284
15.15833	289
15.16667	295
15.17500	301
15.18333	307
15.19167	313
15.20000	320
15.20833	326
15.21667	332
15.22500	338
15.23333	344
15.24167	349
15.25000	354
15.25833	358
15.26667	362
15.27500	365
15.28333	366
15.29167	367
15.30000	367
15.30833	366
15.31667	365
15.32500	362
15.33333	358
15.34167	354
15.35000	349
15.35833	343
15.36667	336
15.37500	329
15.38333	322
15.39167	313
15.40000	304
15.40833	295
15.41667	287
15.42500	277
15.43333	268
15.44167	259
15.45000	251
15.45833	242
15.46667	233
15.47500	224
15.48333	216
15.49167	209
15.50000	202
15.50833	195
15.51667	189
15.52500	183
15.53333	177
15.54167	171
15.55000	166
15.55833	161
15.56667	156
15.57500	151
15.58333	147
15.59167	143
15.60000	139
15.60833	136
15.61667	132
15.62500	129
15.63333	126
15.64167	124
15.65000	122
15.65833	120
15.66667	118
15.67500	116
15.68333	114
15.69167	113
15.70000	111
15.70833	110
15.71667	109
15.72500	107
15.73333	106
15.74167	105
15.75000	104
15.75833	103
15.76667	103
15.77500	102
15.78333	101
15.79167	101
15.80000	100
15.80833	99
15.81667	99
15.82500	98
15.83333	98
15.84167	98
15.85000	98
15.85833	99
15.86667	99
15.87500	99
15.88333	100
15.89167	101
15.90000	102
15.90833	103
15.91667	103
15.92500	105
15.93333	106
15.94167	109
15.95000	111
15.95833	114
15.96667	118
15.97500	122
15.98333	127
15.99167	132
16.00000	138
16.00833	144
16.01667	151
16.02500	158
16.03333	166
16.04167	175
16.05000	184
16.05833	194
16.06667	203
16.07500	213
16.08333	222
16.09167	231
16.10000	240
16.10833	248
16.11667	256
16.12500	264
16.13333	271
16.14167	277
16.15000	282
16.15833	286
16.16667	289
16.17500	291
16.18333	293
16.19167	293
16.20000	292
16.20833	291
16.21667	288
16.22500	285
16.23333	281
16.24167	277
16.25000	272
16.25833	267
16.26667	262
16.27500	256
16.28333	251
16.29167	246
16.30000	241
16.30833	237
16.31667	232
16.32500	229
16.33333	226
16.34167	224
16.35000	223
16.35833	222
16.36667	222
16.37500	223
16.38333	226
16.39167	229
16.40000	233
16.40833	237
16.41667	243
16.42500	249
16.43333	257
16.44167	266
16.45000	277
16.45833	288
16.46667	301
16.47500	315
16.48333	330
16.49167	347
16.50000	364
16.50833	383
16.51667	402
16.52500	422
16.53333	443
16.54167	465
16.55000	488
16.55833	511
16.56667	534
16.57500	558
16.58333	581
16.59167	603
16.60000	625
16.60833	645
16.61667	664
16.62500	682
16.63333	698
16.64167	712
16.65000	724
16.65833	734
16.66667	741
16.67500	746
16.68333	748
16.69167	748
16.70000	745
16.70833	739
16.71667	731
16.72500	721
16.73333	708
16.74167	693
16.75000	676
16.75833	658
16.76667	638
16.77500	617
16.78333	595
16.79167	572
16.80000	549
16.80833	526
16.81667	502
16.82500	479
16.83333	456
16.84167	434
16.85000	413
16.85833	392
16.86667	371
16.87500	352
16.88333	334
16.89167	316
16.90000	299
16.90833	283
16.91667	268
16.92500	255
16.93333	241
16.94167	229
16.95000	217
16.95833	206
16.96667	195
16.97500	186
16.98333	177
16.99167	169
17.00000	161
17.00833	154
17.01667	147
17.02500	141
17.03333	135
17.04167	129
17.05000	124
17.05833	119
17.06667	114
17.07500	109
17.08333	105
17.09167	101
17.10000	97
17.10833	93
17.11667	89
17.12500	86
17.13333	83
17.14167	80
17.15000	77
17.15833	74
17.16667	72
17.17500	69
17.18333	67
17.19167	66
17.20000	64
17.20833	63
17.21667	61
17.22500	59
17.23333	57
17.24167	55
17.25000	53
17.25833	52
17.26667	50
17.27500	49
17.28333	47
17.29167	46
17.30000	45
17.30833	44
17.31667	43
17.32500	42
17.33333	41
17.34167	40
17.35000	40
17.35833	39
17.36667	39
17.37500	39
17.38333	38
17.39167	38
17.40000	38
17.40833	37
17.41667	37
17.42500	37
17.43333	36
17.44167	36
17.45000	35
17.45833	35
17.46667	35
17.47500	34
17.48333	34
17.49167	34
17.50000	33
17.50833	33
17.51667	33
17.52500	33
17.53333	34
17.54167	33
17.55000	33
17.55833	34
17.56667	34
17.57500	35
17.58333	36
17.59167	37
17.60000	38
17.60833	39
17.61667	41
17.62500	43
17.63333	45
17.64167	47
17.65000	50
17.65833	52
17.66667	55
17.67500	59
17.68333	62
17.69167	66
17.70000	71
17.70833	75
17.71667	80
17.72500	86
17.73333	93
17.74167	100
17.75000	108
17.75833	117
17.76667	127
17.77500	138
17.78333	150
17.79167	163
17.80000	178
17.80833	194
17.81667	212
17.82500	232
17.83333	254
17.84167	277
17.85000	304
17.85833	333
17.86667	365
17.87500	401
17.88333	440
17.89167	482
17.90000	529
17.90833	581
17.91667	637
17.92500	698
17.93333	765
17.94167	836
17.95000	914
17.95833	997
17.96667	1085
17.97500	1178
17.98333	1277
17.99167	1380
18.00000	1489
18.00833	1600
18.01667	1715
18.02500	1832
18.03333	1951
18.04167	2070
18.05000	2188
18.05833	2306
18.06667	2420
18.07500	2532
18.08333	2638
18.09167	2738
18.10000	2830
18.10833	2913
18.11667	2988
18.12500	3051
18.13333	3104
18.14167	3144
18.15000	3173
18.15833	3190
18.16667	3194
18.17500	3186
18.18333	3166
18.19167	3134
18.20000	3091
18.20833	3038
18.21667	2973
18.22500	2900
18.23333	2819
18.24167	2731
18.25000	2637
18.25833	2538
18.26667	2436
18.27500	2330
18.28333	2223
18.29167	2115
18.30000	2007
18.30833	1900
18.31667	1794
18.32500	1690
18.33333	1588
18.34167	1490
18.35000	1395
18.35833	1305
18.36667	1218
18.37500	1136
18.38333	1058
18.39167	984
18.40000	915
18.40833	850
18.41667	789
18.42500	733
18.43333	680
18.44167	632
18.45000	587
18.45833	545
18.46667	506
18.47500	471
18.48333	438
18.49167	408
18.50000	380
18.50833	355
18.51667	331
18.52500	310
18.53333	291
18.54167	273
18.55000	256
18.55833	242
18.56667	228
18.57500	216
18.58333	205
18.59167	195
18.60000	186
18.60833	179
18.61667	172
18.62500	166
18.63333	161
18.64167	156
18.65000	153
18.65833	150
18.66667	148
18.67500	146
18.68333	145
18.69167	146
18.70000	146
18.70833	148
18.71667	151
18.72500	153
18.73333	157
18.74167	161
18.75000	166
18.75833	172
18.76667	178
18.77500	184
18.78333	191
18.79167	198
18.80000	205
18.80833	213
18.81667	221
18.82500	230
18.83333	238
18.84167	247
18.85000	255
18.85833	263
18.86667	272
18.87500	280
18.88333	287
18.89167	294
18.90000	301
18.90833	306
18.91667	311
18.92500	315
18.93333	318
18.94167	320
18.95000	321
18.95833	322
18.96667	321
18.97500	320
18.98333	318
18.99167	314
19.00000	310
19.00833	304
19.01667	298
19.02500	292
19.03333	285
19.04167	278
19.05000	270
19.05833	261
19.06667	252
19.07500	243
19.08333	233
19.09167	224
19.10000	214
19.10833	204
19.11667	194
19.12500	184
19.13333	175
19.14167	165
19.15000	156
19.15833	148
19.16667	139
19.17500	131
19.18333	124
19.19167	117
19.20000	110
19.20833	103
19.21667	97
19.22500	92
19.23333	86
19.24167	81
19.25000	76
19.25833	72
19.26667	68
19.27500	64
19.28333	61
19.29167	58
19.30000	56
19.30833	53
19.31667	51
19.32500	49
19.33333	47
19.34167	46
19.35000	45
19.35833	43
19.36667	42
19.37500	41
19.38333	40
19.39167	39
19.40000	39
19.40833	38
19.41667	38
19.42500	37
19.43333	36
19.44167	36
19.45000	35
19.45833	35
19.46667	34
19.47500	34
19.48333	33
19.49167	33
19.50000	32
19.50833	32
19.51667	32
19.52500	32
19.53333	31
19.54167	31
19.55000	31
19.55833	31
19.56667	31
19.57500	30
19.58333	29
19.59167	29
19.60000	28
19.60833	27
19.61667	27
19.62500	26
19.63333	26
19.64167	26
19.65000	26
19.65833	26
19.66667	26
19.67500	25
19.68333	25
19.69167	25
19.70000	25
19.70833	24
19.71667	24
19.72500	24
19.73333	23
19.74167	23
19.75000	23
19.75833	22
19.76667	22
19.77500	21
19.78333	20
19.79167	20
19.80000	19
19.80833	19
19.81667	19
19.82500	18
19.83333	18
19.84167	18
19.85000	18
19.85833	18
19.86667	18
19.87500	18
19.88333	17
19.89167	17
19.90000	16
19.90833	16
19.91667	16
19.92500	15
19.93333	15
19.94167	14
19.95000	14
19.95833	14
19.96667	14
19.97500	14
19.98333	14
19.99167	14
20.00000	14
20.00833	13
20.01667	13
20.02500	13
20.03333	14
20.04167	14
20.05000	14
20.05833	15
20.06667	15
20.07500	15
20.08333	16
20.09167	16
20.10000	16
20.10833	16
20.11667	17
20.12500	17
20.13333	17
20.14167	18
20.15000	19
20.15833	19
20.16667	20
20.17500	20
20.18333	20
20.19167	21
20.20000	21
20.20833	22
20.21667	23
20.22500	24
20.23333	24
20.24167	25
20.25000	26
20.25833	26
20.26667	26
20.27500	27
20.28333	28
20.29167	29
20.30000	30
20.30833	31
20.31667	32
20.32500	33
20.33333	34
20.34167	35
20.35000	36
20.35833	37
20.36667	39
20.37500	40
20.38333	42
20.39167	44
20.40000	45
20.40833	47
20.41667	49
20.42500	51
20.43333	54
20.44167	57
20.45000	59
20.45833	62
20.46667	65
20.47500	68
20.48333	71
20.49167	75
20.50000	79
20.50833	83
20.51667	88
20.52500	93
20.53333	98
20.54167	103
20.55000	109
20.55833	116
20.56667	124
20.57500	132
20.58333	140
20.59167	149
20.60000	159
20.60833	169
20.61667	180
20.62500	192
20.63333	205
20.64167	219
20.65000	234
20.65833	250
20.66667	267
20.67500	286
20.68333	305
20.69167	326
20.70000	348
20.70833	371
20.71667	396
20.72500	421
20.73333	449
20.74167	476
20.75000	505
20.75833	535
20.76667	566
20.77500	598
20.78333	630
20.79167	663
20.80000	697
20.80833	731
20.81667	766
20.82500	801
20.83333	836
20.84167	870
20.85000	905
20.85833	939
20.86667	973
20.87500	1006
20.88333	1038
20.89167	1069
20.90000	1100
20.90833	1131
20.91667	1160
20.92500	1188
20.93333	1214
20.94167	1240
20.95000	1266
20.95833	1290
20.96667	1314
20.97500	1337
20.98333	1360
20.99167	1382
21.00000	1404
21.00833	1426
21.01667	1448
21.02500	1471
21.03333	1495
21.04167	1519
21.05000	1545
21.05833	1572
21.06667	1600
21.07500	1630
21.08333	1663
21.09167	1699
21.10000	1737
21.10833	1779
21.11667	1825
21.12500	1875
21.13333	1930
21.14167	1990
21.15000	2056
21.15833	2128
21.16667	2208
21.17500	2294
21.18333	2388
21.19167	2491
21.20000	2603
21.20833	2725
21.21667	2858
21.22500	3001
21.23333	3156
21.24167	3324
21.25000	3504
21.25833	3696
21.26667	3902
21.27500	4121
21.28333	4353
21.29167	4599
21.30000	4858
21.30833	5129
21.31667	5413
21.32500	5709
21.33333	6015
21.34167	6331
21.35000	6656
21.35833	6987
21.36667	7325
21.37500	7667
21.38333	8012
21.39167	8357
21.40000	8701
21.40833	9042
21.41667	9377
21.42500	9705
21.43333	10022
21.44167	10327
21.45000	10618
21.45833	10893
21.46667	11149
21.47500	11385
21.48333	11599
21.49167	11789
21.50000	11955
21.50833	12094
21.51667	12206
21.52500	12290
21.53333	12346
21.54167	12373
21.55000	12372
21.55833	12342
21.56667	12284
21.57500	12200
21.58333	12089
21.59167	11952
21.60000	11791
21.60833	11607
21.61667	11402
21.62500	11178
21.63333	10935
21.64167	10676
21.65000	10403
21.65833	10117
21.66667	9820
21.67500	9515
21.68333	9202
21.69167	8884
21.70000	8562
21.70833	8239
21.71667	7915
21.72500	7592
21.73333	7272
21.74167	6955
21.75000	6643
21.75833	6337
21.76667	6037
21.77500	5745
21.78333	5461
21.79167	5185
21.80000	4918
21.80833	4660
21.81667	4412
21.82500	4174
21.83333	3945
21.84167	3727
21.85000	3519
21.85833	3321
21.86667	3132
21.87500	2952
21.88333	2782
21.89167	2620
21.90000	2468
21.90833	2323
21.91667	2187
21.92500	2058
21.93333	1936
21.94167	1822
21.95000	1714
21.95833	1612
21.96667	1517
21.97500	1427
21.98333	1343
21.99167	1264
22.00000	1190
22.00833	1120
22.01667	1055
22.02500	994
22.03333	937
22.04167	883
22.05000	833
22.05833	787
22.06667	743
22.07500	702
22.08333	665
22.09167	630
22.10000	597
22.10833	567
22.11667	539
22.12500	514
22.13333	490
22.14167	468
22.15000	448
22.15833	430
22.16667	413
22.17500	398
22.18333	385
22.19167	372
22.20000	360
22.20833	350
22.21667	340
22.22500	331
22.23333	324
22.24167	317
22.25000	311
22.25833	306
22.26667	301
22.27500	297
22.28333	293
22.29167	289
22.30000	285
22.30833	282
22.31667	279
22.32500	276
22.33333	273
22.34167	270
22.35000	266
22.35833	262
22.36667	258
22.37500	254
22.38333	250
22.39167	245
22.40000	240
22.40833	234
22.41667	228
22.42500	221
22.43333	214
22.44167	207
22.45000	199
22.45833	190
22.46667	180
22.47500	170
22.48333	159
22.49167	148
22.50000	135
22.50833	122
22.51667	109
22.52500	95
22.53333	80
22.54167	64
22.55000	48
22.55833	31
22.56667	14
22.57500	-4
22.58333	-22
22.59167	-41
22.60000	-60
22.60833	-80
22.61667	-100
22.62500	-120
22.63333	-140
22.64167	-161
22.65000	-183
22.65833	-204
22.66667	-226
22.67500	-248
22.68333	-270
22.69167	-292
22.70000	-314
22.70833	-335
22.71667	-357
22.72500	-378
22.73333	-398
22.74167	-419
22.75000	-438
22.75833	-457
22.76667	-476
22.77500	-494
22.78333	-510
22.79167	-526
22.80000	-541
22.80833	-556
22.81667	-570
22.82500	-582
22.83333	-594
22.84167	-604
22.85000	-614
22.85833	-622
22.86667	-630
22.87500	-636
22.88333	-641
22.89167	-645
22.90000	-648
22.90833	-649
22.91667	-650
22.92500	-650
22.93333	-648
22.94167	-646
22.95000	-642
22.95833	-638
22.96667	-633
22.97500	-627
22.98333	-619
22.99167	-611
23.00000	-602
23.00833	-593
23.01667	-582
23.02500	-572
23.03333	-561
23.04167	-549
23.05000	-537
23.05833	-524
23.06667	-512
23.07500	-499
23.08333	-485
23.09167	-472
23.10000	-458
23.10833	-444
23.11667	-430
23.12500	-416
23.13333	-403
23.14167	-389
23.15000	-375
23.15833	-362
23.16667	-349
23.17500	-336
23.18333	-324
23.19167	-312
23.20000	-300
23.20833	-288
23.21667	-277
23.22500	-265
23.23333	-254
23.24167	-243
23.25000	-232
23.25833	-222
23.26667	-212
23.27500	-203
23.28333	-193
23.29167	-185
23.30000	-176
23.30833	-168
23.31667	-160
23.32500	-152
23.33333	-145
23.34167	-138
23.35000	-131
23.35833	-124
23.36667	-118
23.37500	-112
23.38333	-106
23.39167	-100
23.40000	-95
23.40833	-90
23.41667	-84
23.42500	-79
23.43333	-74
23.44167	-69
23.45000	-65
23.45833	-60
23.46667	-56
23.47500	-51
23.48333	-48
23.49167	-44
23.50000	-40
23.50833	-37
23.51667	-33
23.52500	-30
23.53333	-28
23.54167	-25
23.55000	-22
23.55833	-19
23.56667	-17
23.57500	-15
23.58333	-13
23.59167	-11
23.60000	-9
23.60833	-8
23.61667	-6
23.62500	-5
23.63333	-4
23.64167	-3
23.65000	-1
23.65833	0
23.66667	1
23.67500	2
23.68333	3
23.69167	4
23.70000	6
23.70833	7
23.71667	8
23.72500	8
23.73333	9
23.74167	10
23.75000	11
23.75833	11
23.76667	12
23.77500	13
23.78333	14
23.79167	14
23.80000	15
23.80833	16
23.81667	16
23.82500	17
23.83333	17
23.84167	18
23.85000	19
23.85833	19
23.86667	20
23.87500	21
23.88333	22
23.89167	22
23.90000	22
23.90833	22
23.91667	22
23.92500	22
23.93333	22
23.94167	22
23.95000	22
23.95833	23
23.96667	23
23.97500	23
23.98333	24
23.99167	24
24.00000	24
24.00833	25
24.01667	24
24.02500	24
24.03333	24
24.04167	24
24.05000	24
24.05833	23
24.06667	23
24.07500	22
24.08333	21
24.09167	20
24.10000	18
24.10833	17
24.11667	16
24.12500	14
24.13333	12
24.14167	10
24.15000	8
24.15833	6
24.16667	3
24.17500	1
24.18333	-2
24.19167	-4
24.20000	-7
24.20833	-10
24.21667	-13
24.22500	-16
24.23333	-19
24.24167	-23
24.25000	-27
24.25833	-30
24.26667	-34
24.27500	-38
24.28333	-42
24.29167	-47
24.30000	-51
24.30833	-56
24.31667	-61
24.32500	-66
24.33333	-70
24.34167	-75
24.35000	-80
24.35833	-84
24.36667	-89
24.37500	-94
24.38333	-99
24.39167	-103
24.40000	-108
24.40833	-112
24.41667	-116
24.42500	-120
24.43333	-124
24.44167	-128
24.45000	-131
24.45833	-134
24.46667	-137
24.47500	-140
24.48333	-143
24.49167	-146
24.50000	-148
24.50833	-151
24.51667	-153
24.52500	-155
24.53333	-156
24.54167	-158
24.55000	-158
24.55833	-159
24.56667	-160
24.57500	-160
24.58333	-160
24.59167	-160
24.60000	-160
24.60833	-159
24.61667	-158
24.62500	-157
24.63333	-156
24.64167	-154
24.65000	-152
24.65833	-150
24.66667	-148
24.67500	-146
24.68333	-143
24.69167	-141
24.70000	-138
24.70833	-136
24.71667	-133
24.72500	-130
24.73333	-127
24.74167	-124
24.75000	-121
24.75833	-117
24.76667	-114
24.77500	-110
24.78333	-107
24.79167	-103
24.80000	-99
24.80833	-95
24.81667	-91
24.82500	-87
24.83333	-83
24.84167	-79
24.85000	-75
24.85833	-71
24.86667	-67
24.87500	-64
24.88333	-61
24.89167	-57
24.90000	-54
24.90833	-51
24.91667	-49
24.92500	-46
24.93333	-43
24.94167	-40
24.95000	-37
24.95833	-34
24.96667	-32
24.97500	-29
24.98333	-27
24.99167	-25
25.00000	-23
25.00833	-22
25.01667	-20
25.02500	-18
25.03333	-16
25.04167	-14
25.05000	-12
25.05833	-11
25.06667	-10
25.07500	-8
25.08333	-7
25.09167	-6
25.10000	-5
25.10833	-4
25.11667	-3
25.12500	-2
25.13333	-1
25.14167	-0
25.15000	1
25.15833	1
25.16667	2
25.17500	3
25.18333	4
25.19167	5
25.20000	6
25.20833	8
25.21667	9
25.22500	10
25.23333	10
25.24167	11
25.25000	12
25.25833	12
25.26667	13
25.27500	13
25.28333	14
25.29167	14
25.30000	15
25.30833	15
25.31667	15
25.32500	15
25.33333	16
25.34167	16
25.35000	16
25.35833	17
25.36667	17
25.37500	18
25.38333	18
25.39167	18
25.40000	19
25.40833	20
25.41667	21
25.42500	22
25.43333	23
25.44167	24
25.45000	25
25.45833	25
25.46667	26
25.47500	27
25.48333	28
25.49167	30
25.50000	31
25.50833	32
25.51667	34
25.52500	36
25.53333	37
25.54167	38
25.55000	39
25.55833	40
25.56667	41
25.57500	43
25.58333	44
25.59167	46
25.60000	46
25.60833	47
25.61667	48
25.62500	50
25.63333	51
25.64167	52
25.65000	53
25.65833	53
25.66667	54
25.67500	55
25.68333	56
25.69167	57
25.70000	58
25.70833	58
25.71667	59
25.72500	60
25.73333	60
25.74167	61
25.75000	62
25.75833	64
25.76667	65
25.77500	66
25.78333	68
25.79167	69
25.80000	70
25.80833	72
25.81667	74
25.82500	75
25.83333	76
25.84167	77
25.85000	78
25.85833	80
25.86667	81
25.87500	82
25.88333	83
25.89167	85
25.90000	86
25.90833	88
25.91667	89
25.92500	91
25.93333	92
25.94167	93
25.95000	94
25.95833	96
25.96667	98
25.97500	100
25.98333	102
25.99167	104
26.00000	105
26.00833	107
26.01667	109
26.02500	111
26.03333	114
26.04167	116
26.05000	119
26.05833	122
26.06667	125
26.07500	129
26.08333	133
26.09167	137
26.10000	141
26.10833	146
26.11667	151
26.12500	156
26.13333	162
26.14167	168
26.15000	174
26.15833	180
26.16667	187
26.17500	194
26.18333	201
26.19167	208
26.20000	217
26.20833	225
26.21667	234
26.22500	243
26.23333	253
26.24167	263
26.25000	274
26.25833	285
26.26667	297
26.27500	309
26.28333	322
26.29167	334
26.30000	347
26.30833	360
26.31667	374
26.32500	388
26.33333	402
26.34167	417
26.35000	431
26.35833	446
26.36667	462
26.37500	477
26.38333	493
26.39167	508
26.40000	524
26.40833	539
26.41667	555
26.42500	570
26.43333	584
26.44167	598
26.45000	612
26.45833	625
26.46667	637
26.47500	649
26.48333	660
26.49167	670
26.50000	679
26.50833	688
26.51667	695
26.52500	701
26.53333	706
26.54167	710
26.55000	713
26.55833	714
26.56667	715
26.57500	714
26.58333	712
26.59167	709
26.60000	704
26.60833	699
26.61667	692
26.62500	685
26.63333	676
26.64167	666
26.65000	655
26.65833	644
26.66667	632
26.67500	619
26.68333	605
26.69167	591
26.70000	577
26.70833	563
26.71667	548
26.72500	534
26.73333	519
26.74167	503
26.75000	488
26.75833	473
26.76667	457
26.77500	442
26.78333	428
26.79167	413
26.80000	399
26.80833	386
26.81667	372
26.82500	359
26.83333	346
26.84167	334
26.85000	321
26.85833	309
26.86667	298
26.87500	287
26.88333	276
26.89167	266
26.90000	256
26.90833	246
26.91667	237
26.92500	229
26.93333	220
26.94167	212
26.95000	204
26.95833	197
26.96667	190
26.97500	183
26.98333	176
26.99167	170
27.00000	165
27.00833	159
27.01667	154
27.02500	150
27.03333	145
27.04167	142
27.05000	138
27.05833	135
27.06667	131
27.07500	128
27.08333	125
27.09167	122
27.10000	118
27.10833	115
27.11667	113
27.12500	110
27.13333	107
27.14167	105
27.15000	102
27.15833	100
27.16667	98
27.17500	96
27.18333	94
27.19167	92
27.20000	90
27.20833	87
27.21667	86
27.22500	84
27.23333	82
27.24167	80
27.25000	78
27.25833	77
27.26667	75
27.27500	73
27.28333	72
27.29167	70
27.30000	69
27.30833	67
27.31667	66
27.32500	65
27.33333	64
27.34167	63
27.35000	61
27.35833	61
27.36667	60
27.37500	59
27.38333	58
27.39167	58
27.40000	57
27.40833	56
27.41667	55
27.42500	55
27.43333	54
27.44167	54
27.45000	54
27.45833	53
27.46667	53
27.47500	53
27.48333	52
27.49167	52
27.50000	51
27.50833	51
27.51667	50
27.52500	50
27.53333	50
27.54167	50
27.55000	50
27.55833	50
27.56667	50
27.57500	50
27.58333	49
27.59167	49
27.60000	49
27.60833	49
27.61667	49
27.62500	49
27.63333	49
27.64167	49
27.65000	49
27.65833	49
27.66667	49
27.67500	49
27.68333	49
27.69167	48
27.70000	48
27.70833	48
27.71667	47
27.72500	47
27.73333	46
27.74167	46
27.75000	46
27.75833	46
27.76667	46
27.77500	46
27.78333	46
27.79167	46
27.80000	46
27.80833	45
27.81667	45
27.82500	45
27.83333	45
27.84167	45
27.85000	45
27.85833	45
27.86667	45
27.87500	45
27.88333	46
27.89167	46
27.90000	46
27.90833	47
27.91667	47
27.92500	47
27.93333	48
27.94167	48
27.95000	48
27.95833	49
27.96667	49
27.97500	50
27.98333	50
27.99167	50
28.00000	49

