R.Time (min)	Intensity
0.00000	-15
0.00833	-15
0.01667	-3
0.02500	-0
0.03333	-1
0.04167	-1
0.05000	-2
0.05833	-2
0.06667	-2
0.07500	-3
0.08333	-3
0.09167	-2
0.10000	-2
0.10833	-2
0.11667	-2
0.12500	-2
0.13333	-2
0.14167	-2
0.15000	-2
0.15833	-2
0.16667	-3
0.17500	-3
0.18333	-3
0.19167	-4
0.20000	-4
0.20833	-4
0.21667	-4
0.22500	-4
0.23333	-4
0.24167	-5
0.25000	-5
0.25833	-5
0.26667	-5
0.27500	-5
0.28333	-5
0.29167	-6
0.30000	-6
0.30833	-7
0.31667	-7
0.32500	-7
0.33333	-8
0.34167	-8
0.35000	-8
0.35833	-8
0.36667	-8
0.37500	-8
0.38333	-8
0.39167	-8
0.40000	-8
0.40833	-8
0.41667	-8
0.42500	-8
0.43333	-9
0.44167	-10
0.45000	-10
0.45833	-10
0.46667	-10
0.47500	-10
0.48333	-10
0.49167	-10
0.50000	-10
0.50833	-10
0.51667	-11
0.52500	-11
0.53333	-11
0.54167	-11
0.55000	-12
0.55833	-12
0.56667	-12
0.57500	-12
0.58333	-12
0.59167	-12
0.60000	-12
0.60833	-12
0.61667	-12
0.62500	-12
0.63333	-12
0.64167	-12
0.65000	-12
0.65833	-12
0.66667	-12
0.67500	-12
0.68333	-12
0.69167	-12
0.70000	-12
0.70833	-12
0.71667	-12
0.72500	-12
0.73333	-12
0.74167	-12
0.75000	-12
0.75833	-13
0.76667	-13
0.77500	-13
0.78333	-13
0.79167	-12
0.80000	-12
0.80833	-12
0.81667	-12
0.82500	-12
0.83333	-12
0.84167	-12
0.85000	-12
0.85833	-12
0.86667	-12
0.87500	-12
0.88333	-12
0.89167	-12
0.90000	-12
0.90833	-12
0.91667	-11
0.92500	-11
0.93333	-11
0.94167	-11
0.95000	-11
0.95833	-11
0.96667	-11
0.97500	-11
0.98333	-11
0.99167	-11
1.00000	-11
1.00833	-12
1.01667	-12
1.02500	-12
1.03333	-13
1.04167	-12
1.05000	-12
1.05833	-12
1.06667	-11
1.07500	-10
1.08333	-10
1.09167	-10
1.10000	-10
1.10833	-10
1.11667	-10
1.12500	-9
1.13333	-9
1.14167	-9
1.15000	-8
1.15833	-8
1.16667	-8
1.17500	-8
1.18333	-8
1.19167	-7
1.20000	-7
1.20833	-7
1.21667	-7
1.22500	-8
1.23333	-8
1.24167	-8
1.25000	-7
1.25833	-7
1.26667	-7
1.27500	-7
1.28333	-7
1.29167	-7
1.30000	-7
1.30833	-7
1.31667	-7
1.32500	-8
1.33333	-8
1.34167	-7
1.35000	-7
1.35833	-7
1.36667	-7
1.37500	-7
1.38333	-7
1.39167	-6
1.40000	-6
1.40833	-6
1.41667	-6
1.42500	-6
1.43333	-7
1.44167	-6
1.45000	-6
1.45833	-6
1.46667	-6
1.47500	-6
1.48333	-5
1.49167	-5
1.50000	-5
1.50833	-5
1.51667	-6
1.52500	-6
1.53333	-6
1.54167	-6
1.55000	-5
1.55833	-5
1.56667	-5
1.57500	-5
1.58333	-5
1.59167	-5
1.60000	-5
1.60833	-5
1.61667	-5
1.62500	-5
1.63333	-5
1.64167	-5
1.65000	-6
1.65833	-6
1.66667	-5
1.67500	-5
1.68333	-5
1.69167	-4
1.70000	-4
1.70833	-5
1.71667	-5
1.72500	-5
1.73333	-5
1.74167	-5
1.75000	-5
1.75833	-4
1.76667	-4
1.77500	-5
1.78333	-5
1.79167	-5
1.80000	-5
1.80833	-5
1.81667	-5
1.82500	-5
1.83333	-5
1.84167	-5
1.85000	-5
1.85833	-6
1.86667	-6
1.87500	-6
1.88333	-7
1.89167	-7
1.90000	-7
1.90833	-7
1.91667	-7
1.92500	-7
1.93333	-7
1.94167	-7
1.95000	-7
1.95833	-7
1.96667	-7
1.97500	-7
1.98333	-8
1.99167	-8
2.00000	-8
2.00833	-8
2.01667	-8
2.02500	-8
2.03333	-7
2.04167	-7
2.05000	-7
2.05833	-7
2.06667	-7
2.07500	-7
2.08333	-7
2.09167	-7
2.10000	-7
2.10833	-6
2.11667	-6
2.12500	-6
2.13333	-6
2.14167	-6
2.15000	-7
2.15833	-7
2.16667	-7
2.17500	-7
2.18333	-7
2.19167	-7
2.20000	-7
2.20833	-8
2.21667	-8
2.22500	-7
2.23333	-7
2.24167	-7
2.25000	-7
2.25833	-7
2.26667	-6
2.27500	-6
2.28333	-6
2.29167	-6
2.30000	-7
2.30833	-7
2.31667	-7
2.32500	-8
2.33333	-8
2.34167	-8
2.35000	-8
2.35833	-7
2.36667	-7
2.37500	-7
2.38333	-7
2.39167	-7
2.40000	-7
2.40833	-6
2.41667	-6
2.42500	-6
2.43333	-6
2.44167	-6
2.45000	-6
2.45833	-6
2.46667	-5
2.47500	-5
2.48333	-5
2.49167	-5
2.50000	-6
2.50833	-6
2.51667	-6
2.52500	-6
2.53333	-6
2.54167	-6
2.55000	-6
2.55833	-6
2.56667	-6
2.57500	-6
2.58333	-6
2.59167	-6
2.60000	-6
2.60833	-6
2.61667	-6
2.62500	-6
2.63333	-6
2.64167	-6
2.65000	-7
2.65833	-7
2.66667	-8
2.67500	-8
2.68333	-8
2.69167	-7
2.70000	-7
2.70833	-7
2.71667	-6
2.72500	-6
2.73333	-6
2.74167	-6
2.75000	-7
2.75833	-7
2.76667	-7
2.77500	-7
2.78333	-7
2.79167	-7
2.80000	-7
2.80833	-7
2.81667	-6
2.82500	-6
2.83333	-6
2.84167	-6
2.85000	-6
2.85833	-6
2.86667	-6
2.87500	-6
2.88333	-6
2.89167	-6
2.90000	-6
2.90833	-5
2.91667	-5
2.92500	-5
2.93333	-5
2.94167	-5
2.95000	-5
2.95833	-5
2.96667	-5
2.97500	-5
2.98333	-5
2.99167	-5
3.00000	-5
3.00833	-5
3.01667	-5
3.02500	-5
3.03333	-5
3.04167	-5
3.05000	-5
3.05833	-5
3.06667	-5
3.07500	-5
3.08333	-5
3.09167	-6
3.10000	-6
3.10833	-6
3.11667	-6
3.12500	-7
3.13333	-7
3.14167	-7
3.15000	-8
3.15833	-8
3.16667	-8
3.17500	-8
3.18333	-8
3.19167	-8
3.20000	-8
3.20833	-8
3.21667	-8
3.22500	-8
3.23333	-8
3.24167	-7
3.25000	-8
3.25833	-8
3.26667	-8
3.27500	-8
3.28333	-8
3.29167	-8
3.30000	-8
3.30833	-8
3.31667	-8
3.32500	-7
3.33333	-7
3.34167	-8
3.35000	-8
3.35833	-8
3.36667	-7
3.37500	-7
3.38333	-6
3.39167	-5
3.40000	-5
3.40833	-5
3.41667	-4
3.42500	-4
3.43333	-4
3.44167	-4
3.45000	-4
3.45833	-4
3.46667	-4
3.47500	-5
3.48333	-5
3.49167	-5
3.50000	-5
3.50833	-5
3.51667	-5
3.52500	-5
3.53333	-6
3.54167	-6
3.55000	-6
3.55833	-6
3.56667	-6
3.57500	-6
3.58333	-6
3.59167	-6
3.60000	-6
3.60833	-6
3.61667	-6
3.62500	-6
3.63333	-6
3.64167	-6
3.65000	-7
3.65833	-7
3.66667	-7
3.67500	-7
3.68333	-7
3.69167	-7
3.70000	-7
3.70833	-7
3.71667	-7
3.72500	-8
3.73333	-8
3.74167	-8
3.75000	-8
3.75833	-8
3.76667	-8
3.77500	-8
3.78333	-8
3.79167	-8
3.80000	-8
3.80833	-8
3.81667	-8
3.82500	-8
3.83333	-9
3.84167	-9
3.85000	-10
3.85833	-10
3.86667	-10
3.87500	-10
3.88333	-10
3.89167	-10
3.90000	-10
3.90833	-9
3.91667	-9
3.92500	-9
3.93333	-8
3.94167	-8
3.95000	-8
3.95833	-8
3.96667	-8
3.97500	-8
3.98333	-8
3.99167	-8
4.00000	-8
4.00833	-9
4.01667	-9
4.02500	-9
4.03333	-9
4.04167	-9
4.05000	-9
4.05833	-9
4.06667	-9
4.07500	-9
4.08333	-9
4.09167	-9
4.10000	-9
4.10833	-9
4.11667	-9
4.12500	-9
4.13333	-9
4.14167	-10
4.15000	-10
4.15833	-10
4.16667	-10
4.17500	-11
4.18333	-11
4.19167	-11
4.20000	-10
4.20833	-10
4.21667	-10
4.22500	-10
4.23333	-10
4.24167	-10
4.25000	-10
4.25833	-10
4.26667	-11
4.27500	-11
4.28333	-11
4.29167	-11
4.30000	-11
4.30833	-11
4.31667	-11
4.32500	-11
4.33333	-11
4.34167	-10
4.35000	-11
4.35833	-10
4.36667	-10
4.37500	-10
4.38333	-10
4.39167	-10
4.40000	-10
4.40833	-10
4.41667	-10
4.42500	-9
4.43333	-9
4.44167	-9
4.45000	-9
4.45833	-9
4.46667	-9
4.47500	-9
4.48333	-9
4.49167	-9
4.50000	-9
4.50833	-9
4.51667	-9
4.52500	-9
4.53333	-9
4.54167	-9
4.55000	-9
4.55833	-9
4.56667	-9
4.57500	-9
4.58333	-9
4.59167	-9
4.60000	-9
4.60833	-9
4.61667	-9
4.62500	-9
4.63333	-10
4.64167	-10
4.65000	-11
4.65833	-11
4.66667	-12
4.67500	-12
4.68333	-13
4.69167	-13
4.70000	-14
4.70833	-14
4.71667	-15
4.72500	-15
4.73333	-16
4.74167	-16
4.75000	-16
4.75833	-16
4.76667	-15
4.77500	-15
4.78333	-15
4.79167	-15
4.80000	-15
4.80833	-14
4.81667	-14
4.82500	-14
4.83333	-14
4.84167	-14
4.85000	-14
4.85833	-13
4.86667	-13
4.87500	-13
4.88333	-13
4.89167	-13
4.90000	-13
4.90833	-12
4.91667	-12
4.92500	-12
4.93333	-12
4.94167	-12
4.95000	-12
4.95833	-12
4.96667	-12
4.97500	-12
4.98333	-13
4.99167	-13
5.00000	-13
5.00833	-14
5.01667	-14
5.02500	-15
5.03333	-15
5.04167	-16
5.05000	-16
5.05833	-16
5.06667	-16
5.07500	-15
5.08333	-15
5.09167	-15
5.10000	-15
5.10833	-15
5.11667	-15
5.12500	-15
5.13333	-15
5.14167	-15
5.15000	-14
5.15833	-14
5.16667	-14
5.17500	-13
5.18333	-13
5.19167	-13
5.20000	-12
5.20833	-12
5.21667	-12
5.22500	-12
5.23333	-12
5.24167	-12
5.25000	-13
5.25833	-13
5.26667	-13
5.27500	-13
5.28333	-13
5.29167	-14
5.30000	-14
5.30833	-14
5.31667	-15
5.32500	-15
5.33333	-16
5.34167	-16
5.35000	-17
5.35833	-17
5.36667	-18
5.37500	-18
5.38333	-18
5.39167	-18
5.40000	-18
5.40833	-18
5.41667	-18
5.42500	-18
5.43333	-18
5.44167	-18
5.45000	-18
5.45833	-17
5.46667	-17
5.47500	-17
5.48333	-17
5.49167	-17
5.50000	-16
5.50833	-16
5.51667	-16
5.52500	-16
5.53333	-16
5.54167	-16
5.55000	-16
5.55833	-16
5.56667	-16
5.57500	-16
5.58333	-15
5.59167	-15
5.60000	-15
5.60833	-15
5.61667	-15
5.62500	-15
5.63333	-14
5.64167	-14
5.65000	-14
5.65833	-14
5.66667	-14
5.67500	-15
5.68333	-15
5.69167	-15
5.70000	-15
5.70833	-16
5.71667	-16
5.72500	-16
5.73333	-16
5.74167	-16
5.75000	-16
5.75833	-16
5.76667	-16
5.77500	-17
5.78333	-17
5.79167	-17
5.80000	-17
5.80833	-17
5.81667	-17
5.82500	-17
5.83333	-17
5.84167	-17
5.85000	-17
5.85833	-17
5.86667	-17
5.87500	-16
5.88333	-16
5.89167	-16
5.90000	-16
5.90833	-16
5.91667	-16
5.92500	-17
5.93333	-17
5.94167	-17
5.95000	-17
5.95833	-16
5.96667	-16
5.97500	-16
5.98333	-16
5.99167	-16
6.00000	-16
6.00833	-16
6.01667	-17
6.02500	-17
6.03333	-17
6.04167	-17
6.05000	-17
6.05833	-17
6.06667	-16
6.07500	-16
6.08333	-16
6.09167	-16
6.10000	-16
6.10833	-17
6.11667	-17
6.12500	-17
6.13333	-17
6.14167	-17
6.15000	-17
6.15833	-17
6.16667	-18
6.17500	-18
6.18333	-18
6.19167	-18
6.20000	-18
6.20833	-18
6.21667	-18
6.22500	-18
6.23333	-18
6.24167	-18
6.25000	-18
6.25833	-18
6.26667	-18
6.27500	-18
6.28333	-18
6.29167	-18
6.30000	-18
6.30833	-18
6.31667	-18
6.32500	-18
6.33333	-17
6.34167	-17
6.35000	-16
6.35833	-16
6.36667	-16
6.37500	-15
6.38333	-15
6.39167	-15
6.40000	-15
6.40833	-15
6.41667	-15
6.42500	-15
6.43333	-15
6.44167	-16
6.45000	-15
6.45833	-16
6.46667	-16
6.47500	-16
6.48333	-15
6.49167	-15
6.50000	-16
6.50833	-16
6.51667	-16
6.52500	-17
6.53333	-17
6.54167	-17
6.55000	-17
6.55833	-17
6.56667	-17
6.57500	-17
6.58333	-17
6.59167	-17
6.60000	-17
6.60833	-17
6.61667	-17
6.62500	-17
6.63333	-17
6.64167	-16
6.65000	-16
6.65833	-16
6.66667	-16
6.67500	-15
6.68333	-15
6.69167	-15
6.70000	-14
6.70833	-14
6.71667	-14
6.72500	-15
6.73333	-15
6.74167	-15
6.75000	-15
6.75833	-16
6.76667	-16
6.77500	-16
6.78333	-16
6.79167	-16
6.80000	-16
6.80833	-17
6.81667	-17
6.82500	-17
6.83333	-17
6.84167	-17
6.85000	-17
6.85833	-17
6.86667	-17
6.87500	-17
6.88333	-16
6.89167	-16
6.90000	-16
6.90833	-15
6.91667	-15
6.92500	-15
6.93333	-14
6.94167	-13
6.95000	-12
6.95833	-12
6.96667	-11
6.97500	-10
6.98333	-10
6.99167	-9
7.00000	-9
7.00833	-8
7.01667	-8
7.02500	-7
7.03333	-7
7.04167	-6
7.05000	-5
7.05833	-4
7.06667	-3
7.07500	-2
7.08333	-1
7.09167	1
7.10000	4
7.10833	8
7.11667	12
7.12500	17
7.13333	24
7.14167	33
7.15000	43
7.15833	55
7.16667	69
7.17500	86
7.18333	104
7.19167	125
7.20000	148
7.20833	172
7.21667	199
7.22500	227
7.23333	257
7.24167	287
7.25000	317
7.25833	347
7.26667	374
7.27500	396
7.28333	414
7.29167	424
7.30000	424
7.30833	414
7.31667	391
7.32500	358
7.33333	317
7.34167	274
7.35000	238
7.35833	220
7.36667	236
7.37500	303
7.38333	441
7.39167	671
7.40000	1012
7.40833	1483
7.41667	2100
7.42500	2874
7.43333	3810
7.44167	4909
7.45000	6161
7.45833	7551
7.46667	9049
7.47500	10622
7.48333	12223
7.49167	13799
7.50000	15289
7.50833	16629
7.51667	17760
7.52500	18627
7.53333	19190
7.54167	19424
7.55000	19325
7.55833	18908
7.56667	18204
7.57500	17261
7.58333	16136
7.59167	14888
7.60000	13575
7.60833	12249
7.61667	10953
7.62500	9724
7.63333	8585
7.64167	7550
7.65000	6627
7.65833	5815
7.66667	5111
7.67500	4506
7.68333	3990
7.69167	3552
7.70000	3181
7.70833	2867
7.71667	2601
7.72500	2374
7.73333	2180
7.74167	2013
7.75000	1868
7.75833	1740
7.76667	1627
7.77500	1527
7.78333	1436
7.79167	1353
7.80000	1278
7.80833	1208
7.81667	1143
7.82500	1083
7.83333	1026
7.84167	973
7.85000	922
7.85833	873
7.86667	827
7.87500	783
7.88333	742
7.89167	702
7.90000	665
7.90833	630
7.91667	598
7.92500	567
7.93333	539
7.94167	513
7.95000	490
7.95833	470
7.96667	452
7.97500	437
7.98333	424
7.99167	413
8.00000	404
8.00833	397
8.01667	390
8.02500	384
8.03333	379
8.04167	375
8.05000	371
8.05833	366
8.06667	361
8.07500	355
8.08333	349
8.09167	342
8.10000	335
8.10833	327
8.11667	320
8.12500	312
8.13333	304
8.14167	296
8.15000	288
8.15833	280
8.16667	272
8.17500	265
8.18333	257
8.19167	251
8.20000	245
8.20833	239
8.21667	233
8.22500	228
8.23333	225
8.24167	221
8.25000	218
8.25833	215
8.26667	212
8.27500	210
8.28333	209
8.29167	208
8.30000	207
8.30833	205
8.31667	204
8.32500	203
8.33333	203
8.34167	203
8.35000	202
8.35833	202
8.36667	201
8.37500	200
8.38333	200
8.39167	198
8.40000	197
8.40833	196
8.41667	195
8.42500	194
8.43333	193
8.44167	192
8.45000	191
8.45833	191
8.46667	190
8.47500	189
8.48333	188
8.49167	187
8.50000	185
8.50833	184
8.51667	182
8.52500	181
8.53333	180
8.54167	178
8.55000	177
8.55833	177
8.56667	176
8.57500	176
8.58333	176
8.59167	175
8.60000	176
8.60833	177
8.61667	179
8.62500	181
8.63333	184
8.64167	189
8.65000	195
8.65833	202
8.66667	211
8.67500	220
8.68333	231
8.69167	244
8.70000	257
8.70833	271
8.71667	286
8.72500	302
8.73333	317
8.74167	332
8.75000	346
8.75833	359
8.76667	371
8.77500	382
8.78333	391
8.79167	399
8.80000	405
8.80833	410
8.81667	414
8.82500	417
8.83333	419
8.84167	421
8.85000	425
8.85833	429
8.86667	436
8.87500	445
8.88333	458
8.89167	475
8.90000	498
8.90833	527
8.91667	564
8.92500	608
8.93333	661
8.94167	724
8.95000	796
8.95833	879
8.96667	970
8.97500	1070
8.98333	1177
8.99167	1291
9.00000	1409
9.00833	1530
9.01667	1651
9.02500	1770
9.03333	1884
9.04167	1991
9.05000	2089
9.05833	2174
9.06667	2246
9.07500	2303
9.08333	2344
9.09167	2368
9.10000	2375
9.10833	2365
9.11667	2339
9.12500	2298
9.13333	2244
9.14167	2178
9.15000	2102
9.15833	2017
9.16667	1926
9.17500	1830
9.18333	1732
9.19167	1632
9.20000	1532
9.20833	1434
9.21667	1339
9.22500	1247
9.23333	1160
9.24167	1078
9.25000	1001
9.25833	929
9.26667	864
9.27500	804
9.28333	749
9.29167	700
9.30000	656
9.30833	617
9.31667	582
9.32500	552
9.33333	526
9.34167	503
9.35000	485
9.35833	470
9.36667	458
9.37500	451
9.38333	447
9.39167	447
9.40000	451
9.40833	461
9.41667	476
9.42500	498
9.43333	529
9.44167	570
9.45000	623
9.45833	691
9.46667	776
9.47500	882
9.48333	1014
9.49167	1175
9.50000	1371
9.50833	1607
9.51667	1888
9.52500	2218
9.53333	2604
9.54167	3049
9.55000	3556
9.55833	4129
9.56667	4768
9.57500	5472
9.58333	6238
9.59167	7062
9.60000	7936
9.60833	8850
9.61667	9795
9.62500	10758
9.63333	11725
9.64167	12681
9.65000	13610
9.65833	14499
9.66667	15332
9.67500	16097
9.68333	16781
9.69167	17375
9.70000	17873
9.70833	18270
9.71667	18564
9.72500	18755
9.73333	18849
9.74167	18850
9.75000	18767
9.75833	18609
9.76667	18389
9.77500	18117
9.78333	17806
9.79167	17469
9.80000	17118
9.80833	16764
9.81667	16418
9.82500	16090
9.83333	15789
9.84167	15521
9.85000	15292
9.85833	15107
9.86667	14969
9.87500	14882
9.88333	14847
9.89167	14863
9.90000	14931
9.90833	15048
9.91667	15214
9.92500	15427
9.93333	15683
9.94167	15981
9.95000	16318
9.95833	16690
9.96667	17093
9.97500	17526
9.98333	17984
9.99167	18464
10.00000	18963
10.00833	19477
10.01667	20003
10.02500	20535
10.03333	21068
10.04167	21593
10.05000	22096
10.05833	22559
10.06667	22956
10.07500	23255
10.08333	23418
10.09167	23407
10.10000	23187
10.10833	22730
10.11667	22026
10.12500	21079
10.13333	19914
10.14167	18570
10.15000	17098
10.15833	15553
10.16667	13992
10.17500	12462
10.18333	11005
10.19167	9650
10.20000	8415
10.20833	7310
10.21667	6335
10.22500	5488
10.23333	4757
10.24167	4134
10.25000	3605
10.25833	3158
10.26667	2782
10.27500	2465
10.28333	2198
10.29167	1972
10.30000	1781
10.30833	1618
10.31667	1478
10.32500	1357
10.33333	1251
10.34167	1159
10.35000	1077
10.35833	1004
10.36667	938
10.37500	879
10.38333	826
10.39167	776
10.40000	731
10.40833	689
10.41667	650
10.42500	614
10.43333	581
10.44167	550
10.45000	522
10.45833	496
10.46667	473
10.47500	452
10.48333	433
10.49167	417
10.50000	402
10.50833	389
10.51667	378
10.52500	369
10.53333	362
10.54167	357
10.55000	353
10.55833	349
10.56667	347
10.57500	345
10.58333	344
10.59167	343
10.60000	342
10.60833	341
10.61667	340
10.62500	338
10.63333	335
10.64167	332
10.65000	327
10.65833	321
10.66667	314
10.67500	306
10.68333	298
10.69167	288
10.70000	278
10.70833	267
10.71667	256
10.72500	245
10.73333	234
10.74167	222
10.75000	211
10.75833	200
10.76667	189
10.77500	179
10.78333	169
10.79167	160
10.80000	151
10.80833	144
10.81667	137
10.82500	131
10.83333	126
10.84167	122
10.85000	118
10.85833	116
10.86667	113
10.87500	112
10.88333	110
10.89167	109
10.90000	107
10.90833	106
10.91667	105
10.92500	104
10.93333	103
10.94167	101
10.95000	100
10.95833	98
10.96667	97
10.97500	95
10.98333	93
10.99167	91
11.00000	90
11.00833	88
11.01667	87
11.02500	85
11.03333	83
11.04167	82
11.05000	80
11.05833	79
11.06667	78
11.07500	78
11.08333	77
11.09167	77
11.10000	78
11.10833	78
11.11667	79
11.12500	80
11.13333	81
11.14167	82
11.15000	84
11.15833	86
11.16667	89
11.17500	91
11.18333	95
11.19167	98
11.20000	102
11.20833	106
11.21667	109
11.22500	113
11.23333	117
11.24167	121
11.25000	125
11.25833	129
11.26667	134
11.27500	138
11.28333	141
11.29167	145
11.30000	148
11.30833	151
11.31667	153
11.32500	155
11.33333	157
11.34167	158
11.35000	159
11.35833	159
11.36667	159
11.37500	158
11.38333	157
11.39167	155
11.40000	153
11.40833	150
11.41667	147
11.42500	144
11.43333	140
11.44167	136
11.45000	133
11.45833	129
11.46667	124
11.47500	120
11.48333	116
11.49167	112
11.50000	108
11.50833	104
11.51667	101
11.52500	98
11.53333	95
11.54167	92
11.55000	89
11.55833	86
11.56667	84
11.57500	82
11.58333	80
11.59167	78
11.60000	76
11.60833	74
11.61667	73
11.62500	71
11.63333	70
11.64167	69
11.65000	68
11.65833	67
11.66667	66
11.67500	66
11.68333	65
11.69167	65
11.70000	64
11.70833	63
11.71667	63
11.72500	63
11.73333	63
11.74167	63
11.75000	63
11.75833	63
11.76667	63
11.77500	63
11.78333	63
11.79167	62
11.80000	62
11.80833	61
11.81667	60
11.82500	59
11.83333	58
11.84167	57
11.85000	56
11.85833	55
11.86667	54
11.87500	53
11.88333	51
11.89167	50
11.90000	48
11.90833	46
11.91667	45
11.92500	43
11.93333	42
11.94167	40
11.95000	39
11.95833	38
11.96667	37
11.97500	36
11.98333	36
11.99167	35
12.00000	34
12.00833	34
12.01667	34
12.02500	34
12.03333	35
12.04167	35
12.05000	36
12.05833	37
12.06667	38
12.07500	39
12.08333	40
12.09167	41
12.10000	43
12.10833	44
12.11667	45
12.12500	46
12.13333	46
12.14167	47
12.15000	47
12.15833	48
12.16667	48
12.17500	49
12.18333	49
12.19167	49
12.20000	48
12.20833	48
12.21667	48
12.22500	47
12.23333	47
12.24167	47
12.25000	46
12.25833	45
12.26667	44
12.27500	43
12.28333	42
12.29167	40
12.30000	39
12.30833	38
12.31667	36
12.32500	35
12.33333	33
12.34167	32
12.35000	30
12.35833	29
12.36667	27
12.37500	25
12.38333	23
12.39167	21
12.40000	19
12.40833	17
12.41667	16
12.42500	14
12.43333	12
12.44167	11
12.45000	9
12.45833	8
12.46667	7
12.47500	5
12.48333	4
12.49167	3
12.50000	2
12.50833	1
12.51667	0
12.52500	-1
12.53333	-1
12.54167	-2
12.55000	-2
12.55833	-2
12.56667	-2
12.57500	-3
12.58333	-3
12.59167	-3
12.60000	-3
12.60833	-3
12.61667	-3
12.62500	-3
12.63333	-3
12.64167	-4
12.65000	-4
12.65833	-3
12.66667	-2
12.67500	-2
12.68333	-2
12.69167	-1
12.70000	-1
12.70833	-1
12.71667	-0
12.72500	-0
12.73333	0
12.74167	1
12.75000	1
12.75833	2
12.76667	2
12.77500	3
12.78333	3
12.79167	4
12.80000	4
12.80833	5
12.81667	5
12.82500	6
12.83333	6
12.84167	7
12.85000	8
12.85833	9
12.86667	10
12.87500	10
12.88333	11
12.89167	13
12.90000	14
12.90833	16
12.91667	18
12.92500	19
12.93333	21
12.94167	23
12.95000	25
12.95833	27
12.96667	29
12.97500	32
12.98333	34
12.99167	37
13.00000	39
13.00833	42
13.01667	44
13.02500	46
13.03333	48
13.04167	50
13.05000	52
13.05833	53
13.06667	54
13.07500	55
13.08333	55
13.09167	56
13.10000	56
13.10833	56
13.11667	56
13.12500	56
13.13333	56
13.14167	54
13.15000	53
13.15833	52
13.16667	50
13.17500	48
13.18333	46
13.19167	44
13.20000	42
13.20833	41
13.21667	39
13.22500	38
13.23333	37
13.24167	35
13.25000	34
13.25833	33
13.26667	32
13.27500	31
13.28333	30
13.29167	30
13.30000	29
13.30833	29
13.31667	28
13.32500	27
13.33333	27
13.34167	27
13.35000	27
13.35833	27
13.36667	27
13.37500	27
13.38333	27
13.39167	28
13.40000	28
13.40833	28
13.41667	28
13.42500	28
13.43333	28
13.44167	29
13.45000	29
13.45833	29
13.46667	29
13.47500	29
13.48333	29
13.49167	29
13.50000	31
13.50833	32
13.51667	32
13.52500	34
13.53333	35
13.54167	37
13.55000	39
13.55833	42
13.56667	45
13.57500	48
13.58333	51
13.59167	55
13.60000	59
13.60833	64
13.61667	69
13.62500	75
13.63333	81
13.64167	88
13.65000	95
13.65833	102
13.66667	110
13.67500	118
13.68333	125
13.69167	133
13.70000	140
13.70833	147
13.71667	155
13.72500	162
13.73333	169
13.74167	175
13.75000	181
13.75833	187
13.76667	192
13.77500	196
13.78333	200
13.79167	204
13.80000	208
13.80833	212
13.81667	216
13.82500	219
13.83333	224
13.84167	228
13.85000	232
13.85833	237
13.86667	242
13.87500	247
13.88333	252
13.89167	258
13.90000	263
13.90833	269
13.91667	275
13.92500	280
13.93333	285
13.94167	289
13.95000	293
13.95833	296
13.96667	298
13.97500	299
13.98333	299
13.99167	298
14.00000	295
14.00833	292
14.01667	287
14.02500	281
14.03333	274
14.04167	266
14.05000	258
14.05833	248
14.06667	238
14.07500	228
14.08333	217
14.09167	206
14.10000	195
14.10833	183
14.11667	172
14.12500	161
14.13333	150
14.14167	140
14.15000	130
14.15833	121
14.16667	112
14.17500	104
14.18333	97
14.19167	90
14.20000	83
14.20833	77
14.21667	71
14.22500	65
14.23333	60
14.24167	56
14.25000	51
14.25833	48
14.26667	45
14.27500	42
14.28333	40
14.29167	38
14.30000	36
14.30833	34
14.31667	33
14.32500	31
14.33333	30
14.34167	29
14.35000	29
14.35833	28
14.36667	28
14.37500	27
14.38333	27
14.39167	27
14.40000	27
14.40833	27
14.41667	27
14.42500	27
14.43333	27
14.44167	27
14.45000	27
14.45833	28
14.46667	28
14.47500	28
14.48333	28
14.49167	28
14.50000	28
14.50833	28
14.51667	28
14.52500	27
14.53333	27
14.54167	27
14.55000	27
14.55833	27
14.56667	27
14.57500	27
14.58333	26
14.59167	25
14.60000	24
14.60833	23
14.61667	22
14.62500	21
14.63333	21
14.64167	20
14.65000	19
14.65833	18
14.66667	18
14.67500	17
14.68333	16
14.69167	15
14.70000	15
14.70833	14
14.71667	13
14.72500	12
14.73333	11
14.74167	10
14.75000	9
14.75833	8
14.76667	7
14.77500	7
14.78333	6
14.79167	5
14.80000	5
14.80833	4
14.81667	3
14.82500	2
14.83333	1
14.84167	0
14.85000	-1
14.85833	-1
14.86667	-2
14.87500	-2
14.88333	-3
14.89167	-3
14.90000	-3
14.90833	-3
14.91667	-3
14.92500	-2
14.93333	-2
14.94167	-2
14.95000	-2
14.95833	-2
14.96667	-2
14.97500	-1
14.98333	-1
14.99167	-0
15.00000	0
15.00833	0
15.01667	1
15.02500	2
15.03333	3
15.04167	5
15.05000	7
15.05833	9
15.06667	11
15.07500	13
15.08333	16
15.09167	19
15.10000	23
15.10833	27
15.11667	32
15.12500	37
15.13333	42
15.14167	48
15.15000	54
15.15833	61
15.16667	68
15.17500	75
15.18333	83
15.19167	90
15.20000	97
15.20833	104
15.21667	111
15.22500	118
15.23333	125
15.24167	130
15.25000	136
15.25833	141
15.26667	145
15.27500	148
15.28333	151
15.29167	152
15.30000	153
15.30833	153
15.31667	151
15.32500	149
15.33333	147
15.34167	143
15.35000	139
15.35833	134
15.36667	129
15.37500	123
15.38333	117
15.39167	111
15.40000	104
15.40833	97
15.41667	90
15.42500	83
15.43333	76
15.44167	69
15.45000	62
15.45833	56
15.46667	49
15.47500	43
15.48333	38
15.49167	33
15.50000	28
15.50833	23
15.51667	19
15.52500	15
15.53333	11
15.54167	8
15.55000	6
15.55833	3
15.56667	1
15.57500	-1
15.58333	-3
15.59167	-4
15.60000	-5
15.60833	-6
15.61667	-7
15.62500	-7
15.63333	-7
15.64167	-8
15.65000	-8
15.65833	-8
15.66667	-8
15.67500	-8
15.68333	-8
15.69167	-7
15.70000	-7
15.70833	-6
15.71667	-5
15.72500	-4
15.73333	-3
15.74167	-2
15.75000	-1
15.75833	0
15.76667	2
15.77500	3
15.78333	4
15.79167	6
15.80000	7
15.80833	8
15.81667	9
15.82500	10
15.83333	11
15.84167	12
15.85000	13
15.85833	15
15.86667	16
15.87500	17
15.88333	19
15.89167	21
15.90000	23
15.90833	25
15.91667	28
15.92500	31
15.93333	35
15.94167	39
15.95000	43
15.95833	48
15.96667	53
15.97500	58
15.98333	65
15.99167	71
16.00000	79
16.00833	86
16.01667	95
16.02500	104
16.03333	113
16.04167	123
16.05000	134
16.05833	144
16.06667	155
16.07500	165
16.08333	176
16.09167	186
16.10000	195
16.10833	204
16.11667	212
16.12500	219
16.13333	226
16.14167	231
16.15000	236
16.15833	240
16.16667	242
16.17500	244
16.18333	244
16.19167	244
16.20000	242
16.20833	240
16.21667	237
16.22500	234
16.23333	229
16.24167	225
16.25000	220
16.25833	215
16.26667	210
16.27500	205
16.28333	201
16.29167	196
16.30000	192
16.30833	189
16.31667	185
16.32500	183
16.33333	181
16.34167	180
16.35000	179
16.35833	180
16.36667	180
16.37500	182
16.38333	186
16.39167	190
16.40000	195
16.40833	201
16.41667	208
16.42500	216
16.43333	225
16.44167	235
16.45000	247
16.45833	259
16.46667	273
16.47500	288
16.48333	303
16.49167	320
16.50000	338
16.50833	356
16.51667	375
16.52500	395
16.53333	416
16.54167	437
16.55000	459
16.55833	480
16.56667	502
16.57500	524
16.58333	545
16.59167	564
16.60000	583
16.60833	601
16.61667	617
16.62500	632
16.63333	645
16.64167	656
16.65000	664
16.65833	671
16.66667	674
16.67500	675
16.68333	673
16.69167	669
16.70000	663
16.70833	654
16.71667	643
16.72500	631
16.73333	616
16.74167	599
16.75000	581
16.75833	561
16.76667	540
16.77500	518
16.78333	496
16.79167	473
16.80000	449
16.80833	426
16.81667	403
16.82500	380
16.83333	358
16.84167	336
16.85000	315
16.85833	294
16.86667	275
16.87500	257
16.88333	240
16.89167	223
16.90000	207
16.90833	192
16.91667	178
16.92500	165
16.93333	152
16.94167	141
16.95000	130
16.95833	120
16.96667	111
16.97500	102
16.98333	94
16.99167	87
17.00000	80
17.00833	73
17.01667	67
17.02500	61
17.03333	56
17.04167	51
17.05000	47
17.05833	43
17.06667	39
17.07500	35
17.08333	31
17.09167	28
17.10000	25
17.10833	22
17.11667	19
17.12500	16
17.13333	14
17.14167	11
17.15000	8
17.15833	5
17.16667	3
17.17500	0
17.18333	-2
17.19167	-3
17.20000	-5
17.20833	-7
17.21667	-9
17.22500	-10
17.23333	-11
17.24167	-13
17.25000	-15
17.25833	-16
17.26667	-17
17.27500	-19
17.28333	-20
17.29167	-21
17.30000	-22
17.30833	-23
17.31667	-24
17.32500	-25
17.33333	-26
17.34167	-27
17.35000	-28
17.35833	-29
17.36667	-29
17.37500	-30
17.38333	-30
17.39167	-31
17.40000	-31
17.40833	-31
17.41667	-32
17.42500	-32
17.43333	-32
17.44167	-32
17.45000	-33
17.45833	-33
17.46667	-33
17.47500	-33
17.48333	-33
17.49167	-33
17.50000	-32
17.50833	-32
17.51667	-32
17.52500	-31
17.53333	-31
17.54167	-31
17.55000	-30
17.55833	-29
17.56667	-28
17.57500	-27
17.58333	-26
17.59167	-24
17.60000	-23
17.60833	-21
17.61667	-19
17.62500	-17
17.63333	-14
17.64167	-11
17.65000	-7
17.65833	-3
17.66667	1
17.67500	5
17.68333	10
17.69167	15
17.70000	21
17.70833	28
17.71667	35
17.72500	43
17.73333	52
17.74167	62
17.75000	72
17.75833	84
17.76667	97
17.77500	111
17.78333	126
17.79167	144
17.80000	163
17.80833	184
17.81667	206
17.82500	231
17.83333	259
17.84167	290
17.85000	324
17.85833	362
17.86667	404
17.87500	451
17.88333	502
17.89167	557
17.90000	618
17.90833	683
17.91667	755
17.92500	832
17.93333	915
17.94167	1004
17.95000	1099
17.95833	1201
17.96667	1308
17.97500	1421
17.98333	1539
17.99167	1662
18.00000	1790
18.00833	1920
18.01667	2052
18.02500	2187
18.03333	2322
18.04167	2456
18.05000	2588
18.05833	2717
18.06667	2841
18.07500	2959
18.08333	3069
18.09167	3171
18.10000	3264
18.10833	3346
18.11667	3416
18.12500	3474
18.13333	3518
18.14167	3549
18.15000	3566
18.15833	3569
18.16667	3558
18.17500	3533
18.18333	3495
18.19167	3445
18.20000	3383
18.20833	3310
18.21667	3227
18.22500	3135
18.23333	3035
18.24167	2929
18.25000	2817
18.25833	2702
18.26667	2582
18.27500	2461
18.28333	2339
18.29167	2217
18.30000	2096
18.30833	1976
18.31667	1859
18.32500	1745
18.33333	1634
18.34167	1528
18.35000	1425
18.35833	1327
18.36667	1234
18.37500	1146
18.38333	1063
18.39167	985
18.40000	911
18.40833	842
18.41667	778
18.42500	718
18.43333	663
18.44167	611
18.45000	564
18.45833	520
18.46667	479
18.47500	442
18.48333	408
18.49167	376
18.50000	347
18.50833	320
18.51667	296
18.52500	273
18.53333	253
18.54167	234
18.55000	217
18.55833	201
18.56667	187
18.57500	174
18.58333	163
18.59167	152
18.60000	143
18.60833	135
18.61667	128
18.62500	122
18.63333	117
18.64167	113
18.65000	109
18.65833	107
18.66667	105
18.67500	104
18.68333	104
18.69167	105
18.70000	107
18.70833	109
18.71667	112
18.72500	116
18.73333	120
18.74167	125
18.75000	132
18.75833	139
18.76667	146
18.77500	154
18.78333	162
18.79167	171
18.80000	180
18.80833	189
18.81667	198
18.82500	207
18.83333	215
18.84167	224
18.85000	233
18.85833	242
18.86667	250
18.87500	257
18.88333	264
18.89167	270
18.90000	275
18.90833	280
18.91667	284
18.92500	286
18.93333	288
18.94167	289
18.95000	289
18.95833	288
18.96667	285
18.97500	282
18.98333	278
18.99167	273
19.00000	267
19.00833	261
19.01667	254
19.02500	246
19.03333	238
19.04167	229
19.05000	220
19.05833	210
19.06667	200
19.07500	190
19.08333	180
19.09167	169
19.10000	159
19.10833	149
19.11667	139
19.12500	129
19.13333	119
19.14167	109
19.15000	100
19.15833	91
19.16667	83
19.17500	75
19.18333	67
19.19167	60
19.20000	53
19.20833	47
19.21667	41
19.22500	35
19.23333	30
19.24167	25
19.25000	20
19.25833	16
19.26667	12
19.27500	8
19.28333	5
19.29167	3
19.30000	0
19.30833	-2
19.31667	-5
19.32500	-7
19.33333	-9
19.34167	-10
19.35000	-12
19.35833	-13
19.36667	-14
19.37500	-15
19.38333	-15
19.39167	-15
19.40000	-16
19.40833	-16
19.41667	-16
19.42500	-17
19.43333	-17
19.44167	-17
19.45000	-17
19.45833	-16
19.46667	-16
19.47500	-16
19.48333	-16
19.49167	-16
19.50000	-17
19.50833	-16
19.51667	-16
19.52500	-16
19.53333	-16
19.54167	-16
19.55000	-15
19.55833	-15
19.56667	-15
19.57500	-15
19.58333	-16
19.59167	-16
19.60000	-16
19.60833	-16
19.61667	-16
19.62500	-17
19.63333	-17
19.64167	-18
19.65000	-19
19.65833	-19
19.66667	-19
19.67500	-19
19.68333	-20
19.69167	-21
19.70000	-21
19.70833	-21
19.71667	-22
19.72500	-22
19.73333	-22
19.74167	-22
19.75000	-23
19.75833	-23
19.76667	-23
19.77500	-23
19.78333	-24
19.79167	-24
19.80000	-24
19.80833	-25
19.81667	-25
19.82500	-25
19.83333	-26
19.84167	-26
19.85000	-26
19.85833	-27
19.86667	-27
19.87500	-27
19.88333	-27
19.89167	-27
19.90000	-27
19.90833	-28
19.91667	-27
19.92500	-27
19.93333	-27
19.94167	-28
19.95000	-28
19.95833	-29
19.96667	-29
19.97500	-29
19.98333	-29
19.99167	-29
20.00000	-30
20.00833	-30
20.01667	-30
20.02500	-30
20.03333	-30
20.04167	-29
20.05000	-29
20.05833	-29
20.06667	-29
20.07500	-30
20.08333	-30
20.09167	-30
20.10000	-30
20.10833	-29
20.11667	-29
20.12500	-29
20.13333	-29
20.14167	-29
20.15000	-29
20.15833	-29
20.16667	-29
20.17500	-28
20.18333	-28
20.19167	-28
20.20000	-28
20.20833	-27
20.21667	-27
20.22500	-27
20.23333	-26
20.24167	-25
20.25000	-24
20.25833	-24
20.26667	-23
20.27500	-23
20.28333	-22
20.29167	-21
20.30000	-20
20.30833	-19
20.31667	-18
20.32500	-17
20.33333	-16
20.34167	-14
20.35000	-13
20.35833	-11
20.36667	-10
20.37500	-8
20.38333	-6
20.39167	-4
20.40000	-2
20.40833	-0
20.41667	2
20.42500	5
20.43333	8
20.44167	11
20.45000	14
20.45833	17
20.46667	20
20.47500	24
20.48333	28
20.49167	33
20.50000	37
20.50833	43
20.51667	48
20.52500	54
20.53333	59
20.54167	66
20.55000	73
20.55833	81
20.56667	90
20.57500	99
20.58333	109
20.59167	120
20.60000	132
20.60833	144
20.61667	157
20.62500	172
20.63333	187
20.64167	203
20.65000	221
20.65833	240
20.66667	260
20.67500	281
20.68333	304
20.69167	328
20.70000	354
20.70833	380
20.71667	408
20.72500	437
20.73333	468
20.74167	499
20.75000	532
20.75833	566
20.76667	601
20.77500	636
20.78333	672
20.79167	708
20.80000	745
20.80833	783
20.81667	820
20.82500	858
20.83333	895
20.84167	932
20.85000	968
20.85833	1005
20.86667	1040
20.87500	1075
20.88333	1109
20.89167	1142
20.90000	1174
20.90833	1206
20.91667	1236
20.92500	1266
20.93333	1294
20.94167	1322
20.95000	1349
20.95833	1375
20.96667	1401
20.97500	1426
20.98333	1451
20.99167	1477
21.00000	1502
21.00833	1527
21.01667	1553
21.02500	1580
21.03333	1607
21.04167	1636
21.05000	1667
21.05833	1700
21.06667	1735
21.07500	1774
21.08333	1815
21.09167	1859
21.10000	1908
21.10833	1961
21.11667	2019
21.12500	2083
21.13333	2153
21.14167	2229
21.15000	2312
21.15833	2404
21.16667	2503
21.17500	2613
21.18333	2732
21.19167	2861
21.20000	3002
21.20833	3154
21.21667	3318
21.22500	3495
21.23333	3686
21.24167	3890
21.25000	4108
21.25833	4340
21.26667	4587
21.27500	4849
21.28333	5125
21.29167	5415
21.30000	5718
21.30833	6035
21.31667	6363
21.32500	6703
21.33333	7052
21.34167	7410
21.35000	7775
21.35833	8145
21.36667	8519
21.37500	8895
21.38333	9270
21.39167	9642
21.40000	10009
21.40833	10369
21.41667	10718
21.42500	11055
21.43333	11378
21.44167	11684
21.45000	11971
21.45833	12237
21.46667	12480
21.47500	12698
21.48333	12890
21.49167	13054
21.50000	13189
21.50833	13294
21.51667	13369
21.52500	13414
21.53333	13427
21.54167	13410
21.55000	13362
21.55833	13284
21.56667	13177
21.57500	13042
21.58333	12880
21.59167	12693
21.60000	12482
21.60833	12249
21.61667	11995
21.62500	11723
21.63333	11435
21.64167	11132
21.65000	10816
21.65833	10489
21.66667	10154
21.67500	9812
21.68333	9465
21.69167	9115
21.70000	8764
21.70833	8413
21.71667	8064
21.72500	7717
21.73333	7375
21.74167	7039
21.75000	6708
21.75833	6386
21.76667	6072
21.77500	5766
21.78333	5470
21.79167	5184
21.80000	4909
21.80833	4644
21.81667	4389
21.82500	4145
21.83333	3911
21.84167	3688
21.85000	3476
21.85833	3274
21.86667	3082
21.87500	2899
21.88333	2727
21.89167	2563
21.90000	2408
21.90833	2262
21.91667	2125
21.92500	1995
21.93333	1872
21.94167	1757
21.95000	1649
21.95833	1547
21.96667	1451
21.97500	1361
21.98333	1276
21.99167	1197
22.00000	1123
22.00833	1054
22.01667	988
22.02500	927
22.03333	870
22.04167	817
22.05000	767
22.05833	721
22.06667	678
22.07500	638
22.08333	600
22.09167	565
22.10000	533
22.10833	503
22.11667	475
22.12500	449
22.13333	426
22.14167	404
22.15000	385
22.15833	367
22.16667	351
22.17500	337
22.18333	324
22.19167	311
22.20000	300
22.20833	290
22.21667	281
22.22500	273
22.23333	266
22.24167	260
22.25000	254
22.25833	249
22.26667	245
22.27500	241
22.28333	237
22.29167	234
22.30000	231
22.30833	228
22.31667	226
22.32500	223
22.33333	221
22.34167	219
22.35000	217
22.35833	214
22.36667	211
22.37500	209
22.38333	206
22.39167	202
22.40000	199
22.40833	195
22.41667	191
22.42500	187
22.43333	183
22.44167	178
22.45000	174
22.45833	169
22.46667	165
22.47500	160
22.48333	154
22.49167	148
22.50000	142
22.50833	135
22.51667	129
22.52500	122
22.53333	115
22.54167	108
22.55000	101
22.55833	93
22.56667	85
22.57500	78
22.58333	70
22.59167	63
22.60000	55
22.60833	47
22.61667	39
22.62500	31
22.63333	23
22.64167	16
22.65000	8
22.65833	0
22.66667	-7
22.67500	-15
22.68333	-22
22.69167	-29
22.70000	-36
22.70833	-42
22.71667	-48
22.72500	-55
22.73333	-61
22.74167	-67
22.75000	-73
22.75833	-78
22.76667	-83
22.77500	-87
22.78333	-91
22.79167	-95
22.80000	-98
22.80833	-102
22.81667	-104
22.82500	-107
22.83333	-109
22.84167	-111
22.85000	-112
22.85833	-113
22.86667	-114
22.87500	-114
22.88333	-115
22.89167	-114
22.90000	-113
22.90833	-112
22.91667	-111
22.92500	-110
22.93333	-109
22.94167	-107
22.95000	-105
22.95833	-103
22.96667	-101
22.97500	-99
22.98333	-97
22.99167	-95
23.00000	-93
23.00833	-90
23.01667	-87
23.02500	-85
23.03333	-82
23.04167	-80
23.05000	-77
23.05833	-75
23.06667	-72
23.07500	-69
23.08333	-67
23.09167	-65
23.10000	-62
23.10833	-59
23.11667	-57
23.12500	-55
23.13333	-53
23.14167	-51
23.15000	-50
23.15833	-48
23.16667	-47
23.17500	-45
23.18333	-44
23.19167	-44
23.20000	-43
23.20833	-42
23.21667	-41
23.22500	-40
23.23333	-40
23.24167	-39
23.25000	-39
23.25833	-39
23.26667	-39
23.27500	-38
23.28333	-38
23.29167	-38
23.30000	-38
23.30833	-38
23.31667	-38
23.32500	-38
23.33333	-38
23.34167	-39
23.35000	-39
23.35833	-39
23.36667	-40
23.37500	-40
23.38333	-40
23.39167	-41
23.40000	-41
23.40833	-41
23.41667	-41
23.42500	-41
23.43333	-42
23.44167	-42
23.45000	-42
23.45833	-43
23.46667	-43
23.47500	-44
23.48333	-44
23.49167	-44
23.50000	-45
23.50833	-45
23.51667	-46
23.52500	-46
23.53333	-46
23.54167	-46
23.55000	-46
23.55833	-47
23.56667	-47
23.57500	-47
23.58333	-46
23.59167	-46
23.60000	-46
23.60833	-47
23.61667	-47
23.62500	-47
23.63333	-47
23.64167	-47
23.65000	-48
23.65833	-48
23.66667	-49
23.67500	-49
23.68333	-49
23.69167	-49
23.70000	-49
23.70833	-49
23.71667	-48
23.72500	-48
23.73333	-48
23.74167	-48
23.75000	-48
23.75833	-48
23.76667	-48
23.77500	-48
23.78333	-48
23.79167	-47
23.80000	-47
23.80833	-47
23.81667	-46
23.82500	-46
23.83333	-46
23.84167	-46
23.85000	-46
23.85833	-46
23.86667	-46
23.87500	-46
23.88333	-45
23.89167	-45
23.90000	-44
23.90833	-44
23.91667	-44
23.92500	-43
23.93333	-42
23.94167	-42
23.95000	-41
23.95833	-41
23.96667	-40
23.97500	-40
23.98333	-39
23.99167	-39
24.00000	-39
24.00833	-39
24.01667	-39
24.02500	-38
24.03333	-38
24.04167	-37
24.05000	-37
24.05833	-37
24.06667	-37
24.07500	-37
24.08333	-37
24.09167	-37
24.10000	-37
24.10833	-37
24.11667	-37
24.12500	-37
24.13333	-38
24.14167	-38
24.15000	-38
24.15833	-39
24.16667	-40
24.17500	-41
24.18333	-41
24.19167	-42
24.20000	-43
24.20833	-44
24.21667	-45
24.22500	-47
24.23333	-48
24.24167	-50
24.25000	-52
24.25833	-53
24.26667	-55
24.27500	-57
24.28333	-59
24.29167	-61
24.30000	-63
24.30833	-65
24.31667	-67
24.32500	-69
24.33333	-71
24.34167	-73
24.35000	-74
24.35833	-76
24.36667	-77
24.37500	-78
24.38333	-80
24.39167	-81
24.40000	-83
24.40833	-85
24.41667	-86
24.42500	-87
24.43333	-89
24.44167	-90
24.45000	-91
24.45833	-91
24.46667	-92
24.47500	-93
24.48333	-93
24.49167	-94
24.50000	-95
24.50833	-96
24.51667	-96
24.52500	-96
24.53333	-96
24.54167	-96
24.55000	-96
24.55833	-97
24.56667	-97
24.57500	-97
24.58333	-97
24.59167	-96
24.60000	-96
24.60833	-96
24.61667	-96
24.62500	-95
24.63333	-95
24.64167	-95
24.65000	-94
24.65833	-94
24.66667	-94
24.67500	-93
24.68333	-93
24.69167	-93
24.70000	-92
24.70833	-91
24.71667	-91
24.72500	-90
24.73333	-89
24.74167	-89
24.75000	-89
24.75833	-88
24.76667	-88
24.77500	-87
24.78333	-87
24.79167	-86
24.80000	-86
24.80833	-85
24.81667	-85
24.82500	-84
24.83333	-84
24.84167	-83
24.85000	-82
24.85833	-82
24.86667	-81
24.87500	-81
24.88333	-81
24.89167	-80
24.90000	-80
24.90833	-79
24.91667	-79
24.92500	-79
24.93333	-79
24.94167	-79
24.95000	-78
24.95833	-78
24.96667	-78
24.97500	-77
24.98333	-77
24.99167	-77
25.00000	-77
25.00833	-77
25.01667	-77
25.02500	-77
25.03333	-78
25.04167	-78
25.05000	-78
25.05833	-78
25.06667	-78
25.07500	-78
25.08333	-77
25.09167	-77
25.10000	-77
25.10833	-77
25.11667	-77
25.12500	-77
25.13333	-77
25.14167	-77
25.15000	-76
25.15833	-76
25.16667	-76
25.17500	-76
25.18333	-75
25.19167	-75
25.20000	-75
25.20833	-76
25.21667	-76
25.22500	-75
25.23333	-75
25.24167	-75
25.25000	-75
25.25833	-75
25.26667	-74
25.27500	-74
25.28333	-74
25.29167	-74
25.30000	-74
25.30833	-74
25.31667	-74
25.32500	-74
25.33333	-73
25.34167	-73
25.35000	-72
25.35833	-72
25.36667	-71
25.37500	-71
25.38333	-70
25.39167	-70
25.40000	-69
25.40833	-69
25.41667	-69
25.42500	-68
25.43333	-68
25.44167	-67
25.45000	-66
25.45833	-65
25.46667	-64
25.47500	-64
25.48333	-63
25.49167	-62
25.50000	-62
25.50833	-61
25.51667	-61
25.52500	-60
25.53333	-60
25.54167	-59
25.55000	-59
25.55833	-58
25.56667	-57
25.57500	-56
25.58333	-56
25.59167	-55
25.60000	-54
25.60833	-54
25.61667	-53
25.62500	-53
25.63333	-52
25.64167	-51
25.65000	-51
25.65833	-51
25.66667	-50
25.67500	-49
25.68333	-49
25.69167	-49
25.70000	-49
25.70833	-48
25.71667	-48
25.72500	-47
25.73333	-46
25.74167	-45
25.75000	-45
25.75833	-44
25.76667	-43
25.77500	-42
25.78333	-42
25.79167	-41
25.80000	-40
25.80833	-39
25.81667	-38
25.82500	-37
25.83333	-36
25.84167	-35
25.85000	-33
25.85833	-31
25.86667	-30
25.87500	-28
25.88333	-26
25.89167	-24
25.90000	-21
25.90833	-19
25.91667	-17
25.92500	-15
25.93333	-12
25.94167	-9
25.95000	-5
25.95833	-2
25.96667	2
25.97500	6
25.98333	10
25.99167	15
26.00000	21
26.00833	27
26.01667	33
26.02500	40
26.03333	46
26.04167	54
26.05000	62
26.05833	70
26.06667	79
26.07500	88
26.08333	98
26.09167	109
26.10000	121
26.10833	134
26.11667	148
26.12500	162
26.13333	177
26.14167	193
26.15000	210
26.15833	227
26.16667	246
26.17500	265
26.18333	286
26.19167	308
26.20000	332
26.20833	357
26.21667	383
26.22500	410
26.23333	439
26.24167	469
26.25000	500
26.25833	533
26.26667	567
26.27500	602
26.28333	639
26.29167	676
26.30000	714
26.30833	754
26.31667	795
26.32500	836
26.33333	878
26.34167	921
26.35000	965
26.35833	1009
26.36667	1053
26.37500	1097
26.38333	1142
26.39167	1186
26.40000	1229
26.40833	1272
26.41667	1314
26.42500	1354
26.43333	1394
26.44167	1431
26.45000	1467
26.45833	1501
26.46667	1533
26.47500	1563
26.48333	1590
26.49167	1615
26.50000	1637
26.50833	1656
26.51667	1673
26.52500	1686
26.53333	1696
26.54167	1702
26.55000	1705
26.55833	1706
26.56667	1703
26.57500	1697
26.58333	1688
26.59167	1676
26.60000	1661
26.60833	1643
26.61667	1623
26.62500	1599
26.63333	1573
26.64167	1545
26.65000	1515
26.65833	1482
26.66667	1448
26.67500	1412
26.68333	1375
26.69167	1336
26.70000	1297
26.70833	1256
26.71667	1215
26.72500	1174
26.73333	1132
26.74167	1090
26.75000	1049
26.75833	1007
26.76667	966
26.77500	925
26.78333	885
26.79167	845
26.80000	806
26.80833	768
26.81667	731
26.82500	696
26.83333	661
26.84167	627
26.85000	594
26.85833	563
26.86667	533
26.87500	504
26.88333	477
26.89167	450
26.90000	424
26.90833	400
26.91667	377
26.92500	355
26.93333	334
26.94167	314
26.95000	295
26.95833	277
26.96667	260
26.97500	244
26.98333	229
26.99167	214
27.00000	201
27.00833	188
27.01667	176
27.02500	164
27.03333	154
27.04167	143
27.05000	134
27.05833	125
27.06667	116
27.07500	108
27.08333	101
27.09167	93
27.10000	87
27.10833	80
27.11667	74
27.12500	68
27.13333	63
27.14167	57
27.15000	52
27.15833	47
27.16667	42
27.17500	38
27.18333	34
27.19167	31
27.20000	28
27.20833	25
27.21667	22
27.22500	19
27.23333	16
27.24167	14
27.25000	11
27.25833	9
27.26667	6
27.27500	3
27.28333	1
27.29167	-1
27.30000	-2
27.30833	-4
27.31667	-6
27.32500	-8
27.33333	-9
27.34167	-11
27.35000	-13
27.35833	-14
27.36667	-15
27.37500	-17
27.38333	-19
27.39167	-20
27.40000	-21
27.40833	-22
27.41667	-24
27.42500	-25
27.43333	-26
27.44167	-27
27.45000	-28
27.45833	-29
27.46667	-29
27.47500	-30
27.48333	-32
27.49167	-33
27.50000	-34
27.50833	-35
27.51667	-36
27.52500	-36
27.53333	-37
27.54167	-37
27.55000	-38
27.55833	-39
27.56667	-40
27.57500	-41
27.58333	-41
27.59167	-42
27.60000	-43
27.60833	-43
27.61667	-44
27.62500	-45
27.63333	-45
27.64167	-45
27.65000	-46
27.65833	-47
27.66667	-47
27.67500	-48
27.68333	-49
27.69167	-50
27.70000	-50
27.70833	-51
27.71667	-51
27.72500	-51
27.73333	-51
27.74167	-52
27.75000	-52
27.75833	-53
27.76667	-53
27.77500	-54
27.78333	-53
27.79167	-53
27.80000	-53
27.80833	-54
27.81667	-54
27.82500	-54
27.83333	-55
27.84167	-55
27.85000	-55
27.85833	-55
27.86667	-55
27.87500	-55
27.88333	-55
27.89167	-55
27.90000	-55
27.90833	-55
27.91667	-55
27.92500	-56
27.93333	-56
27.94167	-56
27.95000	-56
27.95833	-55
27.96667	-55
27.97500	-55
27.98333	-55
27.99167	-55
28.00000	-55

