R.Time (min)	Intensity
0.00000	-32
0.00833	-32
0.01667	-0
0.02500	-1
0.03333	-1
0.04167	-2
0.05000	-4
0.05833	-8
0.06667	-10
0.07500	-12
0.08333	-12
0.09167	-11
0.10000	-11
0.10833	-10
0.11667	-9
0.12500	-9
0.13333	-9
0.14167	-9
0.15000	-9
0.15833	-9
0.16667	-9
0.17500	-10
0.18333	-11
0.19167	-11
0.20000	-11
0.20833	-11
0.21667	-11
0.22500	-11
0.23333	-11
0.24167	-12
0.25000	-12
0.25833	-12
0.26667	-13
0.27500	-14
0.28333	-14
0.29167	-15
0.30000	-16
0.30833	-16
0.31667	-17
0.32500	-18
0.33333	-19
0.34167	-19
0.35000	-19
0.35833	-19
0.36667	-20
0.37500	-20
0.38333	-21
0.39167	-21
0.40000	-21
0.40833	-21
0.41667	-22
0.42500	-22
0.43333	-22
0.44167	-22
0.45000	-23
0.45833	-23
0.46667	-24
0.47500	-25
0.48333	-26
0.49167	-27
0.50000	-28
0.50833	-29
0.51667	-30
0.52500	-31
0.53333	-32
0.54167	-33
0.55000	-33
0.55833	-33
0.56667	-33
0.57500	-34
0.58333	-34
0.59167	-34
0.60000	-35
0.60833	-35
0.61667	-36
0.62500	-36
0.63333	-36
0.64167	-36
0.65000	-36
0.65833	-37
0.66667	-37
0.67500	-37
0.68333	-37
0.69167	-37
0.70000	-37
0.70833	-38
0.71667	-38
0.72500	-39
0.73333	-39
0.74167	-39
0.75000	-39
0.75833	-39
0.76667	-40
0.77500	-40
0.78333	-40
0.79167	-40
0.80000	-41
0.80833	-41
0.81667	-41
0.82500	-41
0.83333	-42
0.84167	-42
0.85000	-43
0.85833	-44
0.86667	-44
0.87500	-45
0.88333	-46
0.89167	-46
0.90000	-46
0.90833	-46
0.91667	-47
0.92500	-47
0.93333	-47
0.94167	-48
0.95000	-48
0.95833	-48
0.96667	-49
0.97500	-49
0.98333	-50
0.99167	-50
1.00000	-50
1.00833	-50
1.01667	-50
1.02500	-50
1.03333	-51
1.04167	-51
1.05000	-51
1.05833	-52
1.06667	-52
1.07500	-53
1.08333	-53
1.09167	-54
1.10000	-54
1.10833	-55
1.11667	-55
1.12500	-56
1.13333	-56
1.14167	-57
1.15000	-57
1.15833	-57
1.16667	-57
1.17500	-57
1.18333	-58
1.19167	-58
1.20000	-58
1.20833	-58
1.21667	-58
1.22500	-58
1.23333	-59
1.24167	-59
1.25000	-59
1.25833	-59
1.26667	-59
1.27500	-59
1.28333	-60
1.29167	-60
1.30000	-60
1.30833	-60
1.31667	-60
1.32500	-60
1.33333	-61
1.34167	-61
1.35000	-62
1.35833	-62
1.36667	-62
1.37500	-62
1.38333	-62
1.39167	-63
1.40000	-63
1.40833	-63
1.41667	-64
1.42500	-64
1.43333	-64
1.44167	-64
1.45000	-65
1.45833	-65
1.46667	-66
1.47500	-66
1.48333	-66
1.49167	-66
1.50000	-66
1.50833	-66
1.51667	-65
1.52500	-66
1.53333	-66
1.54167	-67
1.55000	-67
1.55833	-68
1.56667	-68
1.57500	-68
1.58333	-69
1.59167	-69
1.60000	-69
1.60833	-70
1.61667	-70
1.62500	-70
1.63333	-70
1.64167	-70
1.65000	-70
1.65833	-71
1.66667	-71
1.67500	-71
1.68333	-71
1.69167	-71
1.70000	-71
1.70833	-72
1.71667	-72
1.72500	-72
1.73333	-73
1.74167	-73
1.75000	-73
1.75833	-74
1.76667	-74
1.77500	-74
1.78333	-74
1.79167	-74
1.80000	-74
1.80833	-74
1.81667	-74
1.82500	-74
1.83333	-74
1.84167	-74
1.85000	-74
1.85833	-75
1.86667	-75
1.87500	-75
1.88333	-76
1.89167	-76
1.90000	-76
1.90833	-76
1.91667	-76
1.92500	-77
1.93333	-77
1.94167	-77
1.95000	-77
1.95833	-77
1.96667	-77
1.97500	-78
1.98333	-78
1.99167	-78
2.00000	-78
2.00833	-79
2.01667	-79
2.02500	-79
2.03333	-79
2.04167	-80
2.05000	-80
2.05833	-79
2.06667	-79
2.07500	-79
2.08333	-80
2.09167	-80
2.10000	-81
2.10833	-81
2.11667	-81
2.12500	-81
2.13333	-81
2.14167	-81
2.15000	-82
2.15833	-82
2.16667	-82
2.17500	-82
2.18333	-82
2.19167	-82
2.20000	-83
2.20833	-83
2.21667	-84
2.22500	-84
2.23333	-84
2.24167	-85
2.25000	-85
2.25833	-86
2.26667	-85
2.27500	-85
2.28333	-86
2.29167	-86
2.30000	-86
2.30833	-86
2.31667	-86
2.32500	-86
2.33333	-86
2.34167	-86
2.35000	-86
2.35833	-86
2.36667	-86
2.37500	-86
2.38333	-86
2.39167	-86
2.40000	-87
2.40833	-87
2.41667	-87
2.42500	-87
2.43333	-87
2.44167	-87
2.45000	-87
2.45833	-88
2.46667	-88
2.47500	-88
2.48333	-88
2.49167	-88
2.50000	-88
2.50833	-88
2.51667	-88
2.52500	-88
2.53333	-88
2.54167	-88
2.55000	-89
2.55833	-89
2.56667	-90
2.57500	-90
2.58333	-90
2.59167	-90
2.60000	-90
2.60833	-90
2.61667	-90
2.62500	-91
2.63333	-91
2.64167	-91
2.65000	-91
2.65833	-91
2.66667	-91
2.67500	-91
2.68333	-91
2.69167	-92
2.70000	-92
2.70833	-92
2.71667	-93
2.72500	-92
2.73333	-92
2.74167	-92
2.75000	-92
2.75833	-93
2.76667	-93
2.77500	-93
2.78333	-93
2.79167	-93
2.80000	-93
2.80833	-93
2.81667	-94
2.82500	-94
2.83333	-95
2.84167	-95
2.85000	-95
2.85833	-95
2.86667	-96
2.87500	-96
2.88333	-96
2.89167	-96
2.90000	-96
2.90833	-96
2.91667	-97
2.92500	-96
2.93333	-97
2.94167	-97
2.95000	-97
2.95833	-97
2.96667	-97
2.97500	-97
2.98333	-97
2.99167	-98
3.00000	-98
3.00833	-99
3.01667	-99
3.02500	-99
3.03333	-100
3.04167	-100
3.05000	-100
3.05833	-100
3.06667	-100
3.07500	-100
3.08333	-100
3.09167	-100
3.10000	-100
3.10833	-100
3.11667	-100
3.12500	-100
3.13333	-100
3.14167	-100
3.15000	-100
3.15833	-100
3.16667	-100
3.17500	-100
3.18333	-101
3.19167	-101
3.20000	-101
3.20833	-101
3.21667	-101
3.22500	-102
3.23333	-102
3.24167	-102
3.25000	-102
3.25833	-101
3.26667	-102
3.27500	-102
3.28333	-102
3.29167	-103
3.30000	-103
3.30833	-103
3.31667	-103
3.32500	-103
3.33333	-103
3.34167	-103
3.35000	-103
3.35833	-103
3.36667	-102
3.37500	-102
3.38333	-103
3.39167	-103
3.40000	-103
3.40833	-103
3.41667	-103
3.42500	-103
3.43333	-104
3.44167	-104
3.45000	-104
3.45833	-104
3.46667	-104
3.47500	-104
3.48333	-104
3.49167	-105
3.50000	-105
3.50833	-105
3.51667	-105
3.52500	-105
3.53333	-105
3.54167	-104
3.55000	-104
3.55833	-104
3.56667	-104
3.57500	-105
3.58333	-105
3.59167	-105
3.60000	-104
3.60833	-104
3.61667	-104
3.62500	-104
3.63333	-104
3.64167	-104
3.65000	-105
3.65833	-105
3.66667	-105
3.67500	-105
3.68333	-106
3.69167	-106
3.70000	-106
3.70833	-106
3.71667	-106
3.72500	-106
3.73333	-106
3.74167	-106
3.75000	-105
3.75833	-105
3.76667	-105
3.77500	-105
3.78333	-105
3.79167	-105
3.80000	-105
3.80833	-106
3.81667	-106
3.82500	-106
3.83333	-106
3.84167	-106
3.85000	-106
3.85833	-106
3.86667	-106
3.87500	-106
3.88333	-106
3.89167	-106
3.90000	-106
3.90833	-106
3.91667	-106
3.92500	-107
3.93333	-107
3.94167	-108
3.95000	-108
3.95833	-108
3.96667	-108
3.97500	-108
3.98333	-108
3.99167	-108
4.00000	-108
4.00833	-108
4.01667	-108
4.02500	-108
4.03333	-108
4.04167	-108
4.05000	-109
4.05833	-109
4.06667	-108
4.07500	-109
4.08333	-108
4.09167	-108
4.10000	-109
4.10833	-109
4.11667	-109
4.12500	-109
4.13333	-109
4.14167	-109
4.15000	-109
4.15833	-109
4.16667	-109
4.17500	-109
4.18333	-109
4.19167	-109
4.20000	-109
4.20833	-109
4.21667	-109
4.22500	-109
4.23333	-110
4.24167	-110
4.25000	-111
4.25833	-111
4.26667	-111
4.27500	-111
4.28333	-112
4.29167	-112
4.30000	-112
4.30833	-112
4.31667	-112
4.32500	-112
4.33333	-112
4.34167	-112
4.35000	-113
4.35833	-113
4.36667	-113
4.37500	-114
4.38333	-114
4.39167	-114
4.40000	-114
4.40833	-113
4.41667	-113
4.42500	-112
4.43333	-112
4.44167	-112
4.45000	-112
4.45833	-112
4.46667	-112
4.47500	-113
4.48333	-113
4.49167	-112
4.50000	-112
4.50833	-112
4.51667	-112
4.52500	-112
4.53333	-112
4.54167	-112
4.55000	-112
4.55833	-112
4.56667	-112
4.57500	-112
4.58333	-112
4.59167	-112
4.60000	-112
4.60833	-112
4.61667	-112
4.62500	-112
4.63333	-112
4.64167	-112
4.65000	-112
4.65833	-112
4.66667	-112
4.67500	-112
4.68333	-112
4.69167	-112
4.70000	-112
4.70833	-112
4.71667	-112
4.72500	-112
4.73333	-112
4.74167	-112
4.75000	-112
4.75833	-113
4.76667	-113
4.77500	-113
4.78333	-113
4.79167	-113
4.80000	-114
4.80833	-113
4.81667	-113
4.82500	-113
4.83333	-113
4.84167	-113
4.85000	-113
4.85833	-113
4.86667	-114
4.87500	-114
4.88333	-114
4.89167	-114
4.90000	-114
4.90833	-114
4.91667	-114
4.92500	-114
4.93333	-114
4.94167	-114
4.95000	-115
4.95833	-115
4.96667	-116
4.97500	-116
4.98333	-116
4.99167	-116
5.00000	-117
5.00833	-117
5.01667	-117
5.02500	-118
5.03333	-118
5.04167	-118
5.05000	-118
5.05833	-117
5.06667	-117
5.07500	-117
5.08333	-118
5.09167	-118
5.10000	-118
5.10833	-118
5.11667	-118
5.12500	-118
5.13333	-118
5.14167	-119
5.15000	-119
5.15833	-119
5.16667	-119
5.17500	-119
5.18333	-119
5.19167	-120
5.20000	-120
5.20833	-120
5.21667	-120
5.22500	-120
5.23333	-120
5.24167	-120
5.25000	-120
5.25833	-121
5.26667	-121
5.27500	-121
5.28333	-121
5.29167	-121
5.30000	-121
5.30833	-121
5.31667	-121
5.32500	-121
5.33333	-121
5.34167	-121
5.35000	-122
5.35833	-122
5.36667	-122
5.37500	-122
5.38333	-122
5.39167	-122
5.40000	-123
5.40833	-123
5.41667	-124
5.42500	-124
5.43333	-125
5.44167	-125
5.45000	-125
5.45833	-125
5.46667	-125
5.47500	-125
5.48333	-126
5.49167	-126
5.50000	-126
5.50833	-127
5.51667	-127
5.52500	-128
5.53333	-128
5.54167	-128
5.55000	-129
5.55833	-130
5.56667	-130
5.57500	-130
5.58333	-130
5.59167	-129
5.60000	-130
5.60833	-130
5.61667	-131
5.62500	-132
5.63333	-132
5.64167	-133
5.65000	-133
5.65833	-133
5.66667	-134
5.67500	-134
5.68333	-135
5.69167	-136
5.70000	-136
5.70833	-136
5.71667	-136
5.72500	-137
5.73333	-137
5.74167	-137
5.75000	-138
5.75833	-138
5.76667	-139
5.77500	-139
5.78333	-140
5.79167	-140
5.80000	-141
5.80833	-141
5.81667	-141
5.82500	-141
5.83333	-141
5.84167	-142
5.85000	-142
5.85833	-142
5.86667	-142
5.87500	-142
5.88333	-143
5.89167	-143
5.90000	-144
5.90833	-144
5.91667	-144
5.92500	-145
5.93333	-145
5.94167	-145
5.95000	-146
5.95833	-146
5.96667	-146
5.97500	-146
5.98333	-146
5.99167	-146
6.00000	-147
6.00833	-147
6.01667	-148
6.02500	-149
6.03333	-149
6.04167	-149
6.05000	-150
6.05833	-151
6.06667	-151
6.07500	-151
6.08333	-152
6.09167	-152
6.10000	-152
6.10833	-152
6.11667	-153
6.12500	-153
6.13333	-154
6.14167	-154
6.15000	-154
6.15833	-155
6.16667	-155
6.17500	-155
6.18333	-155
6.19167	-155
6.20000	-156
6.20833	-156
6.21667	-157
6.22500	-157
6.23333	-157
6.24167	-157
6.25000	-158
6.25833	-158
6.26667	-158
6.27500	-158
6.28333	-159
6.29167	-159
6.30000	-159
6.30833	-160
6.31667	-160
6.32500	-160
6.33333	-161
6.34167	-161
6.35000	-161
6.35833	-161
6.36667	-162
6.37500	-162
6.38333	-162
6.39167	-162
6.40000	-162
6.40833	-163
6.41667	-163
6.42500	-163
6.43333	-164
6.44167	-164
6.45000	-164
6.45833	-164
6.46667	-164
6.47500	-164
6.48333	-165
6.49167	-165
6.50000	-165
6.50833	-165
6.51667	-165
6.52500	-165
6.53333	-165
6.54167	-165
6.55000	-165
6.55833	-165
6.56667	-164
6.57500	-165
6.58333	-164
6.59167	-164
6.60000	-164
6.60833	-165
6.61667	-165
6.62500	-165
6.63333	-165
6.64167	-166
6.65000	-166
6.65833	-166
6.66667	-166
6.67500	-166
6.68333	-166
6.69167	-166
6.70000	-166
6.70833	-166
6.71667	-166
6.72500	-166
6.73333	-167
6.74167	-167
6.75000	-167
6.75833	-167
6.76667	-167
6.77500	-166
6.78333	-166
6.79167	-166
6.80000	-166
6.80833	-167
6.81667	-167
6.82500	-167
6.83333	-167
6.84167	-167
6.85000	-167
6.85833	-167
6.86667	-167
6.87500	-166
6.88333	-166
6.89167	-166
6.90000	-166
6.90833	-165
6.91667	-165
6.92500	-164
6.93333	-164
6.94167	-163
6.95000	-162
6.95833	-162
6.96667	-161
6.97500	-160
6.98333	-159
6.99167	-159
7.00000	-159
7.00833	-159
7.01667	-160
7.02500	-160
7.03333	-160
7.04167	-160
7.05000	-160
7.05833	-160
7.06667	-159
7.07500	-159
7.08333	-159
7.09167	-160
7.10000	-159
7.10833	-160
7.11667	-159
7.12500	-159
7.13333	-158
7.14167	-156
7.15000	-154
7.15833	-151
7.16667	-147
7.17500	-143
7.18333	-138
7.19167	-132
7.20000	-125
7.20833	-117
7.21667	-108
7.22500	-98
7.23333	-88
7.24167	-77
7.25000	-66
7.25833	-55
7.26667	-45
7.27500	-35
7.28333	-29
7.29167	-26
7.30000	-28
7.30833	-37
7.31667	-54
7.32500	-79
7.33333	-114
7.34167	-157
7.35000	-205
7.35833	-252
7.36667	-291
7.37500	-309
7.38333	-293
7.39167	-226
7.40000	-91
7.40833	132
7.41667	458
7.42500	905
7.43333	1481
7.44167	2193
7.45000	3038
7.45833	4007
7.46667	5081
7.47500	6231
7.48333	7422
7.49167	8610
7.50000	9745
7.50833	10777
7.51667	11658
7.52500	12348
7.53333	12816
7.54167	13043
7.55000	13029
7.55833	12785
7.56667	12336
7.57500	11717
7.58333	10968
7.59167	10131
7.60000	9246
7.60833	8350
7.61667	7474
7.62500	6640
7.63333	5866
7.64167	5162
7.65000	4532
7.65833	3977
7.66667	3493
7.67500	3076
7.68333	2719
7.69167	2414
7.70000	2156
7.70833	1936
7.71667	1748
7.72500	1588
7.73333	1450
7.74167	1331
7.75000	1227
7.75833	1135
7.76667	1054
7.77500	982
7.78333	917
7.79167	858
7.80000	804
7.80833	755
7.81667	709
7.82500	666
7.83333	626
7.84167	588
7.85000	551
7.85833	516
7.86667	482
7.87500	449
7.88333	418
7.89167	387
7.90000	358
7.90833	331
7.91667	305
7.92500	281
7.93333	258
7.94167	237
7.95000	218
7.95833	201
7.96667	186
7.97500	172
7.98333	161
7.99167	152
8.00000	144
8.00833	138
8.01667	132
8.02500	128
8.03333	125
8.04167	121
8.05000	118
8.05833	114
8.06667	110
8.07500	105
8.08333	100
8.09167	95
8.10000	89
8.10833	82
8.11667	76
8.12500	70
8.13333	63
8.14167	56
8.15000	49
8.15833	43
8.16667	36
8.17500	29
8.18333	23
8.19167	17
8.20000	11
8.20833	6
8.21667	1
8.22500	-3
8.23333	-7
8.24167	-11
8.25000	-14
8.25833	-17
8.26667	-20
8.27500	-22
8.28333	-24
8.29167	-25
8.30000	-27
8.30833	-28
8.31667	-30
8.32500	-31
8.33333	-32
8.34167	-33
8.35000	-33
8.35833	-34
8.36667	-34
8.37500	-35
8.38333	-35
8.39167	-35
8.40000	-35
8.40833	-37
8.41667	-38
8.42500	-38
8.43333	-39
8.44167	-40
8.45000	-41
8.45833	-43
8.46667	-44
8.47500	-45
8.48333	-45
8.49167	-46
8.50000	-47
8.50833	-48
8.51667	-49
8.52500	-50
8.53333	-50
8.54167	-52
8.55000	-52
8.55833	-53
8.56667	-53
8.57500	-53
8.58333	-54
8.59167	-53
8.60000	-52
8.60833	-52
8.61667	-50
8.62500	-49
8.63333	-46
8.64167	-43
8.65000	-40
8.65833	-35
8.66667	-29
8.67500	-22
8.68333	-15
8.69167	-6
8.70000	4
8.70833	14
8.71667	24
8.72500	36
8.73333	48
8.74167	59
8.75000	71
8.75833	82
8.76667	92
8.77500	101
8.78333	110
8.79167	117
8.80000	122
8.80833	126
8.81667	130
8.82500	131
8.83333	132
8.84167	132
8.85000	132
8.85833	133
8.86667	133
8.87500	135
8.88333	138
8.89167	142
8.90000	150
8.90833	160
8.91667	174
8.92500	193
8.93333	216
8.94167	245
8.95000	280
8.95833	322
8.96667	370
8.97500	425
8.98333	486
8.99167	553
9.00000	626
9.00833	703
9.01667	784
9.02500	866
9.03333	949
9.04167	1029
9.05000	1107
9.05833	1179
9.06667	1245
9.07500	1302
9.08333	1350
9.09167	1387
9.10000	1413
9.10833	1427
9.11667	1430
9.12500	1421
9.13333	1401
9.14167	1371
9.15000	1332
9.15833	1285
9.16667	1231
9.17500	1172
9.18333	1109
9.19167	1044
9.20000	977
9.20833	909
9.21667	843
9.22500	778
9.23333	716
9.24167	656
9.25000	600
9.25833	548
9.26667	500
9.27500	455
9.28333	415
9.29167	378
9.30000	344
9.30833	314
9.31667	288
9.32500	265
9.33333	245
9.34167	228
9.35000	213
9.35833	201
9.36667	190
9.37500	182
9.38333	176
9.39167	173
9.40000	171
9.40833	173
9.41667	177
9.42500	185
9.43333	197
9.44167	214
9.45000	236
9.45833	265
9.46667	302
9.47500	349
9.48333	408
9.49167	482
9.50000	573
9.50833	686
9.51667	822
9.52500	986
9.53333	1182
9.54167	1414
9.55000	1686
9.55833	1999
9.56667	2357
9.57500	2762
9.58333	3213
9.59167	3711
9.60000	4252
9.60833	4833
9.61667	5449
9.62500	6091
9.63333	6753
9.64167	7424
9.65000	8093
9.65833	8751
9.66667	9386
9.67500	9987
9.68333	10544
9.69167	11049
9.70000	11495
9.70833	11877
9.71667	12192
9.72500	12436
9.73333	12613
9.74167	12724
9.75000	12774
9.75833	12768
9.76667	12715
9.77500	12622
9.78333	12500
9.79167	12355
9.80000	12199
9.80833	12040
9.81667	11885
9.82500	11743
9.83333	11620
9.84167	11522
9.85000	11454
9.85833	11419
9.86667	11421
9.87500	11462
9.88333	11541
9.89167	11659
9.90000	11816
9.90833	12011
9.91667	12241
9.92500	12505
9.93333	12800
9.94167	13124
9.95000	13472
9.95833	13841
9.96667	14229
9.97500	14628
9.98333	15034
9.99167	15437
10.00000	15823
10.00833	16177
10.01667	16476
10.02500	16696
10.03333	16807
10.04167	16782
10.05000	16597
10.05833	16237
10.06667	15697
10.07500	14987
10.08333	14128
10.09167	13149
10.10000	12088
10.10833	10986
10.11667	9879
10.12500	8800
10.13333	7776
10.14167	6825
10.15000	5959
10.15833	5185
10.16667	4501
10.17500	3904
10.18333	3388
10.19167	2945
10.20000	2568
10.20833	2247
10.21667	1975
10.22500	1744
10.23333	1548
10.24167	1381
10.25000	1238
10.25833	1116
10.26667	1010
10.27500	918
10.28333	838
10.29167	767
10.30000	704
10.30833	647
10.31667	596
10.32500	550
10.33333	508
10.34167	469
10.35000	433
10.35833	401
10.36667	370
10.37500	342
10.38333	315
10.39167	291
10.40000	268
10.40833	248
10.41667	228
10.42500	211
10.43333	195
10.44167	181
10.45000	167
10.45833	155
10.46667	144
10.47500	135
10.48333	127
10.49167	120
10.50000	114
10.50833	110
10.51667	107
10.52500	104
10.53333	103
10.54167	102
10.55000	102
10.55833	103
10.56667	104
10.57500	106
10.58333	109
10.59167	111
10.60000	113
10.60833	115
10.61667	117
10.62500	119
10.63333	120
10.64167	120
10.65000	120
10.65833	118
10.66667	116
10.67500	113
10.68333	109
10.69167	104
10.70000	98
10.70833	92
10.71667	85
10.72500	79
10.73333	72
10.74167	64
10.75000	57
10.75833	50
10.76667	43
10.77500	36
10.78333	29
10.79167	23
10.80000	17
10.80833	11
10.81667	6
10.82500	2
10.83333	-2
10.84167	-5
10.85000	-9
10.85833	-12
10.86667	-14
10.87500	-16
10.88333	-18
10.89167	-19
10.90000	-21
10.90833	-22
10.91667	-23
10.92500	-23
10.93333	-24
10.94167	-24
10.95000	-25
10.95833	-25
10.96667	-26
10.97500	-27
10.98333	-28
10.99167	-29
11.00000	-29
11.00833	-30
11.01667	-30
11.02500	-31
11.03333	-31
11.04167	-32
11.05000	-32
11.05833	-33
11.06667	-33
11.07500	-33
11.08333	-33
11.09167	-33
11.10000	-33
11.10833	-32
11.11667	-31
11.12500	-30
11.13333	-29
11.14167	-28
11.15000	-27
11.15833	-25
11.16667	-23
11.17500	-20
11.18333	-18
11.19167	-16
11.20000	-13
11.20833	-11
11.21667	-9
11.22500	-7
11.23333	-4
11.24167	-1
11.25000	1
11.25833	4
11.26667	7
11.27500	9
11.28333	11
11.29167	13
11.30000	15
11.30833	18
11.31667	20
11.32500	22
11.33333	24
11.34167	25
11.35000	27
11.35833	28
11.36667	28
11.37500	28
11.38333	28
11.39167	27
11.40000	26
11.40833	24
11.41667	22
11.42500	20
11.43333	18
11.44167	16
11.45000	14
11.45833	11
11.46667	9
11.47500	6
11.48333	3
11.49167	1
11.50000	-2
11.50833	-4
11.51667	-7
11.52500	-9
11.53333	-11
11.54167	-13
11.55000	-15
11.55833	-17
11.56667	-18
11.57500	-20
11.58333	-21
11.59167	-23
11.60000	-24
11.60833	-26
11.61667	-27
11.62500	-27
11.63333	-28
11.64167	-29
11.65000	-29
11.65833	-29
11.66667	-30
11.67500	-30
11.68333	-30
11.69167	-30
11.70000	-30
11.70833	-30
11.71667	-30
11.72500	-30
11.73333	-30
11.74167	-30
11.75000	-30
11.75833	-30
11.76667	-30
11.77500	-31
11.78333	-31
11.79167	-31
11.80000	-32
11.80833	-32
11.81667	-32
11.82500	-32
11.83333	-32
11.84167	-33
11.85000	-34
11.85833	-35
11.86667	-36
11.87500	-37
11.88333	-38
11.89167	-40
11.90000	-41
11.90833	-42
11.91667	-43
11.92500	-45
11.93333	-46
11.94167	-47
11.95000	-48
11.95833	-49
11.96667	-49
11.97500	-50
11.98333	-51
11.99167	-51
12.00000	-51
12.00833	-51
12.01667	-50
12.02500	-50
12.03333	-49
12.04167	-48
12.05000	-47
12.05833	-47
12.06667	-46
12.07500	-45
12.08333	-44
12.09167	-43
12.10000	-42
12.10833	-41
12.11667	-40
12.12500	-40
12.13333	-39
12.14167	-38
12.15000	-38
12.15833	-37
12.16667	-37
12.17500	-36
12.18333	-36
12.19167	-35
12.20000	-35
12.20833	-35
12.21667	-35
12.22500	-35
12.23333	-36
12.24167	-36
12.25000	-37
12.25833	-37
12.26667	-38
12.27500	-39
12.28333	-39
12.29167	-40
12.30000	-41
12.30833	-41
12.31667	-42
12.32500	-43
12.33333	-44
12.34167	-45
12.35000	-46
12.35833	-48
12.36667	-49
12.37500	-50
12.38333	-51
12.39167	-52
12.40000	-53
12.40833	-54
12.41667	-56
12.42500	-57
12.43333	-58
12.44167	-59
12.45000	-60
12.45833	-61
12.46667	-62
12.47500	-63
12.48333	-64
12.49167	-65
12.50000	-65
12.50833	-66
12.51667	-66
12.52500	-67
12.53333	-67
12.54167	-68
12.55000	-68
12.55833	-68
12.56667	-68
12.57500	-68
12.58333	-68
12.59167	-68
12.60000	-67
12.60833	-67
12.61667	-67
12.62500	-67
12.63333	-66
12.64167	-65
12.65000	-65
12.65833	-64
12.66667	-63
12.67500	-63
12.68333	-62
12.69167	-62
12.70000	-61
12.70833	-61
12.71667	-60
12.72500	-59
12.73333	-59
12.74167	-58
12.75000	-58
12.75833	-57
12.76667	-57
12.77500	-57
12.78333	-57
12.79167	-56
12.80000	-56
12.80833	-55
12.81667	-55
12.82500	-54
12.83333	-53
12.84167	-52
12.85000	-52
12.85833	-52
12.86667	-51
12.87500	-50
12.88333	-50
12.89167	-49
12.90000	-49
12.90833	-48
12.91667	-47
12.92500	-45
12.93333	-44
12.94167	-42
12.95000	-41
12.95833	-40
12.96667	-38
12.97500	-37
12.98333	-35
12.99167	-33
13.00000	-31
13.00833	-30
13.01667	-27
13.02500	-25
13.03333	-23
13.04167	-21
13.05000	-20
13.05833	-18
13.06667	-18
13.07500	-17
13.08333	-16
13.09167	-16
13.10000	-16
13.10833	-16
13.11667	-16
13.12500	-16
13.13333	-17
13.14167	-17
13.15000	-18
13.15833	-19
13.16667	-21
13.17500	-22
13.18333	-23
13.19167	-24
13.20000	-26
13.20833	-27
13.21667	-28
13.22500	-29
13.23333	-30
13.24167	-31
13.25000	-32
13.25833	-34
13.26667	-35
13.27500	-35
13.28333	-36
13.29167	-37
13.30000	-37
13.30833	-38
13.31667	-38
13.32500	-38
13.33333	-38
13.34167	-38
13.35000	-38
13.35833	-38
13.36667	-38
13.37500	-38
13.38333	-38
13.39167	-38
13.40000	-38
13.40833	-37
13.41667	-37
13.42500	-37
13.43333	-37
13.44167	-37
13.45000	-36
13.45833	-36
13.46667	-36
13.47500	-35
13.48333	-34
13.49167	-34
13.50000	-33
13.50833	-33
13.51667	-32
13.52500	-32
13.53333	-31
13.54167	-30
13.55000	-29
13.55833	-28
13.56667	-27
13.57500	-25
13.58333	-24
13.59167	-22
13.60000	-19
13.60833	-16
13.61667	-13
13.62500	-9
13.63333	-6
13.64167	-2
13.65000	2
13.65833	6
13.66667	11
13.67500	16
13.68333	22
13.69167	27
13.70000	32
13.70833	37
13.71667	42
13.72500	47
13.73333	51
13.74167	55
13.75000	59
13.75833	63
13.76667	66
13.77500	69
13.78333	72
13.79167	74
13.80000	77
13.80833	79
13.81667	81
13.82500	83
13.83333	85
13.84167	88
13.85000	90
13.85833	93
13.86667	96
13.87500	99
13.88333	103
13.89167	107
13.90000	111
13.90833	116
13.91667	120
13.92500	124
13.93333	128
13.94167	132
13.95000	136
13.95833	139
13.96667	142
13.97500	144
13.98333	146
13.99167	147
14.00000	147
14.00833	146
14.01667	144
14.02500	142
14.03333	138
14.04167	135
14.05000	130
14.05833	124
14.06667	118
14.07500	112
14.08333	105
14.09167	99
14.10000	92
14.10833	85
14.11667	77
14.12500	70
14.13333	64
14.14167	57
14.15000	51
14.15833	45
14.16667	40
14.17500	34
14.18333	29
14.19167	24
14.20000	19
14.20833	15
14.21667	10
14.22500	6
14.23333	3
14.24167	-0
14.25000	-3
14.25833	-6
14.26667	-8
14.27500	-10
14.28333	-12
14.29167	-14
14.30000	-16
14.30833	-17
14.31667	-19
14.32500	-20
14.33333	-21
14.34167	-22
14.35000	-22
14.35833	-22
14.36667	-22
14.37500	-23
14.38333	-23
14.39167	-24
14.40000	-24
14.40833	-24
14.41667	-23
14.42500	-23
14.43333	-24
14.44167	-24
14.45000	-23
14.45833	-23
14.46667	-23
14.47500	-23
14.48333	-23
14.49167	-22
14.50000	-22
14.50833	-22
14.51667	-22
14.52500	-22
14.53333	-21
14.54167	-21
14.55000	-21
14.55833	-22
14.56667	-22
14.57500	-22
14.58333	-22
14.59167	-23
14.60000	-23
14.60833	-23
14.61667	-23
14.62500	-23
14.63333	-23
14.64167	-24
14.65000	-24
14.65833	-25
14.66667	-25
14.67500	-25
14.68333	-26
14.69167	-26
14.70000	-27
14.70833	-27
14.71667	-27
14.72500	-27
14.73333	-28
14.74167	-28
14.75000	-28
14.75833	-29
14.76667	-29
14.77500	-29
14.78333	-30
14.79167	-30
14.80000	-31
14.80833	-31
14.81667	-32
14.82500	-32
14.83333	-32
14.84167	-32
14.85000	-32
14.85833	-32
14.86667	-32
14.87500	-32
14.88333	-32
14.89167	-32
14.90000	-32
14.90833	-32
14.91667	-32
14.92500	-31
14.93333	-31
14.94167	-30
14.95000	-30
14.95833	-30
14.96667	-29
14.97500	-29
14.98333	-28
14.99167	-27
15.00000	-26
15.00833	-25
15.01667	-24
15.02500	-22
15.03333	-21
15.04167	-19
15.05000	-17
15.05833	-15
15.06667	-12
15.07500	-9
15.08333	-5
15.09167	-0
15.10000	5
15.10833	10
15.11667	16
15.12500	22
15.13333	28
15.14167	36
15.15000	43
15.15833	52
15.16667	60
15.17500	70
15.18333	80
15.19167	91
15.20000	101
15.20833	112
15.21667	123
15.22500	133
15.23333	143
15.24167	153
15.25000	162
15.25833	170
15.26667	177
15.27500	184
15.28333	189
15.29167	194
15.30000	197
15.30833	198
15.31667	199
15.32500	198
15.33333	196
15.34167	193
15.35000	189
15.35833	184
15.36667	177
15.37500	170
15.38333	163
15.39167	155
15.40000	146
15.40833	137
15.41667	127
15.42500	118
15.43333	108
15.44167	99
15.45000	90
15.45833	82
15.46667	73
15.47500	65
15.48333	58
15.49167	50
15.50000	43
15.50833	37
15.51667	31
15.52500	25
15.53333	19
15.54167	15
15.55000	11
15.55833	7
15.56667	3
15.57500	0
15.58333	-2
15.59167	-5
15.60000	-8
15.60833	-10
15.61667	-12
15.62500	-13
15.63333	-14
15.64167	-15
15.65000	-16
15.65833	-17
15.66667	-17
15.67500	-18
15.68333	-18
15.69167	-18
15.70000	-19
15.70833	-18
15.71667	-18
15.72500	-17
15.73333	-17
15.74167	-16
15.75000	-16
15.75833	-15
15.76667	-15
15.77500	-14
15.78333	-14
15.79167	-13
15.80000	-12
15.80833	-11
15.81667	-11
15.82500	-10
15.83333	-9
15.84167	-8
15.85000	-7
15.85833	-6
15.86667	-5
15.87500	-4
15.88333	-4
15.89167	-3
15.90000	-1
15.90833	-0
15.91667	2
15.92500	3
15.93333	5
15.94167	7
15.95000	10
15.95833	13
15.96667	16
15.97500	19
15.98333	23
15.99167	26
16.00000	31
16.00833	35
16.01667	40
16.02500	46
16.03333	52
16.04167	58
16.05000	64
16.05833	71
16.06667	78
16.07500	85
16.08333	92
16.09167	99
16.10000	106
16.10833	113
16.11667	119
16.12500	125
16.13333	130
16.14167	135
16.15000	139
16.15833	143
16.16667	146
16.17500	148
16.18333	150
16.19167	151
16.20000	151
16.20833	151
16.21667	150
16.22500	148
16.23333	146
16.24167	143
16.25000	141
16.25833	138
16.26667	135
16.27500	131
16.28333	128
16.29167	125
16.30000	123
16.30833	121
16.31667	119
16.32500	118
16.33333	117
16.34167	117
16.35000	117
16.35833	118
16.36667	119
16.37500	121
16.38333	123
16.39167	127
16.40000	131
16.40833	135
16.41667	141
16.42500	148
16.43333	155
16.44167	164
16.45000	173
16.45833	184
16.46667	195
16.47500	207
16.48333	220
16.49167	234
16.50000	249
16.50833	265
16.51667	283
16.52500	301
16.53333	319
16.54167	338
16.55000	357
16.55833	377
16.56667	397
16.57500	418
16.58333	439
16.59167	459
16.60000	479
16.60833	498
16.61667	516
16.62500	532
16.63333	547
16.64167	560
16.65000	571
16.65833	580
16.66667	587
16.67500	592
16.68333	594
16.69167	594
16.70000	593
16.70833	589
16.71667	582
16.72500	574
16.73333	563
16.74167	550
16.75000	536
16.75833	520
16.76667	503
16.77500	485
16.78333	467
16.79167	447
16.80000	428
16.80833	408
16.81667	389
16.82500	369
16.83333	349
16.84167	330
16.85000	311
16.85833	293
16.86667	275
16.87500	258
16.88333	242
16.89167	227
16.90000	213
16.90833	199
16.91667	187
16.92500	175
16.93333	164
16.94167	154
16.95000	144
16.95833	136
16.96667	127
16.97500	120
16.98333	113
16.99167	106
17.00000	100
17.00833	95
17.01667	90
17.02500	85
17.03333	80
17.04167	76
17.05000	73
17.05833	69
17.06667	66
17.07500	63
17.08333	61
17.09167	58
17.10000	55
17.10833	53
17.11667	51
17.12500	49
17.13333	47
17.14167	46
17.15000	44
17.15833	43
17.16667	41
17.17500	40
17.18333	39
17.19167	38
17.20000	36
17.20833	35
17.21667	34
17.22500	34
17.23333	33
17.24167	32
17.25000	31
17.25833	31
17.26667	31
17.27500	30
17.28333	30
17.29167	30
17.30000	29
17.30833	29
17.31667	29
17.32500	29
17.33333	29
17.34167	29
17.35000	29
17.35833	29
17.36667	28
17.37500	28
17.38333	28
17.39167	28
17.40000	28
17.40833	28
17.41667	28
17.42500	29
17.43333	30
17.44167	30
17.45000	31
17.45833	31
17.46667	32
17.47500	32
17.48333	32
17.49167	32
17.50000	33
17.50833	34
17.51667	35
17.52500	36
17.53333	37
17.54167	38
17.55000	39
17.55833	39
17.56667	40
17.57500	41
17.58333	43
17.59167	44
17.60000	46
17.60833	47
17.61667	49
17.62500	52
17.63333	55
17.64167	57
17.65000	60
17.65833	63
17.66667	66
17.67500	69
17.68333	73
17.69167	77
17.70000	81
17.70833	86
17.71667	91
17.72500	96
17.73333	102
17.74167	109
17.75000	117
17.75833	125
17.76667	134
17.77500	144
17.78333	155
17.79167	167
17.80000	179
17.80833	193
17.81667	209
17.82500	226
17.83333	245
17.84167	265
17.85000	288
17.85833	313
17.86667	341
17.87500	371
17.88333	405
17.89167	441
17.90000	482
17.90833	526
17.91667	574
17.92500	627
17.93333	684
17.94167	745
17.95000	812
17.95833	883
17.96667	959
17.97500	1040
17.98333	1124
17.99167	1213
18.00000	1307
18.00833	1403
18.01667	1503
18.02500	1605
18.03333	1709
18.04167	1813
18.05000	1918
18.05833	2021
18.06667	2123
18.07500	2221
18.08333	2315
18.09167	2404
18.10000	2486
18.10833	2561
18.11667	2628
18.12500	2687
18.13333	2736
18.14167	2775
18.15000	2804
18.15833	2822
18.16667	2829
18.17500	2825
18.18333	2810
18.19167	2785
18.20000	2751
18.20833	2706
18.21667	2653
18.22500	2592
18.23333	2523
18.24167	2448
18.25000	2369
18.25833	2284
18.26667	2196
18.27500	2105
18.28333	2012
18.29167	1918
18.30000	1825
18.30833	1732
18.31667	1640
18.32500	1550
18.33333	1463
18.34167	1378
18.35000	1296
18.35833	1217
18.36667	1141
18.37500	1070
18.38333	1002
18.39167	938
18.40000	878
18.40833	821
18.41667	769
18.42500	720
18.43333	675
18.44167	633
18.45000	594
18.45833	557
18.46667	524
18.47500	494
18.48333	466
18.49167	440
18.50000	416
18.50833	394
18.51667	374
18.52500	356
18.53333	338
18.54167	323
18.55000	309
18.55833	296
18.56667	285
18.57500	275
18.58333	265
18.59167	257
18.60000	250
18.60833	243
18.61667	237
18.62500	232
18.63333	228
18.64167	224
18.65000	221
18.65833	219
18.66667	217
18.67500	216
18.68333	215
18.69167	215
18.70000	216
18.70833	217
18.71667	219
18.72500	221
18.73333	224
18.74167	227
18.75000	231
18.75833	235
18.76667	240
18.77500	245
18.78333	250
18.79167	255
18.80000	261
18.80833	267
18.81667	274
18.82500	281
18.83333	288
18.84167	295
18.85000	302
18.85833	308
18.86667	314
18.87500	321
18.88333	327
18.89167	332
18.90000	337
18.90833	342
18.91667	346
18.92500	349
18.93333	352
18.94167	354
18.95000	356
18.95833	357
18.96667	357
18.97500	357
18.98333	356
18.99167	354
19.00000	352
19.00833	349
19.01667	346
19.02500	342
19.03333	337
19.04167	332
19.05000	327
19.05833	322
19.06667	316
19.07500	310
19.08333	305
19.09167	299
19.10000	293
19.10833	287
19.11667	281
19.12500	275
19.13333	269
19.14167	264
19.15000	258
19.15833	253
19.16667	248
19.17500	243
19.18333	239
19.19167	234
19.20000	230
19.20833	227
19.21667	223
19.22500	220
19.23333	217
19.24167	214
19.25000	212
19.25833	209
19.26667	207
19.27500	206
19.28333	204
19.29167	203
19.30000	202
19.30833	201
19.31667	200
19.32500	200
19.33333	200
19.34167	200
19.35000	200
19.35833	200
19.36667	200
19.37500	200
19.38333	200
19.39167	201
19.40000	201
19.40833	202
19.41667	202
19.42500	203
19.43333	203
19.44167	204
19.45000	204
19.45833	205
19.46667	206
19.47500	207
19.48333	208
19.49167	209
19.50000	209
19.50833	210
19.51667	211
19.52500	211
19.53333	212
19.54167	213
19.55000	214
19.55833	215
19.56667	215
19.57500	216
19.58333	216
19.59167	217
19.60000	218
19.60833	219
19.61667	219
19.62500	220
19.63333	220
19.64167	220
19.65000	220
19.65833	220
19.66667	221
19.67500	222
19.68333	223
19.69167	223
19.70000	223
19.70833	224
19.71667	225
19.72500	225
19.73333	225
19.74167	226
19.75000	226
19.75833	227
19.76667	227
19.77500	228
19.78333	229
19.79167	229
19.80000	230
19.80833	230
19.81667	231
19.82500	231
19.83333	232
19.84167	233
19.85000	233
19.85833	234
19.86667	234
19.87500	235
19.88333	235
19.89167	236
19.90000	236
19.90833	237
19.91667	238
19.92500	239
19.93333	239
19.94167	240
19.95000	240
19.95833	241
19.96667	242
19.97500	243
19.98333	244
19.99167	245
20.00000	246
20.00833	247
20.01667	247
20.02500	248
20.03333	249
20.04167	250
20.05000	251
20.05833	252
20.06667	253
20.07500	254
20.08333	255
20.09167	256
20.10000	257
20.10833	258
20.11667	259
20.12500	260
20.13333	261
20.14167	261
20.15000	263
20.15833	264
20.16667	265
20.17500	266
20.18333	267
20.19167	268
20.20000	269
20.20833	270
20.21667	271
20.22500	272
20.23333	273
20.24167	274
20.25000	275
20.25833	276
20.26667	277
20.27500	278
20.28333	279
20.29167	281
20.30000	282
20.30833	283
20.31667	284
20.32500	285
20.33333	287
20.34167	288
20.35000	289
20.35833	291
20.36667	292
20.37500	294
20.38333	296
20.39167	298
20.40000	300
20.40833	302
20.41667	304
20.42500	307
20.43333	309
20.44167	311
20.45000	314
20.45833	316
20.46667	319
20.47500	322
20.48333	325
20.49167	328
20.50000	332
20.50833	335
20.51667	339
20.52500	343
20.53333	348
20.54167	353
20.55000	358
20.55833	363
20.56667	369
20.57500	375
20.58333	382
20.59167	389
20.60000	396
20.60833	404
20.61667	412
20.62500	422
20.63333	431
20.64167	442
20.65000	454
20.65833	466
20.66667	479
20.67500	493
20.68333	508
20.69167	523
20.70000	539
20.70833	557
20.71667	575
20.72500	593
20.73333	613
20.74167	634
20.75000	655
20.75833	677
20.76667	700
20.77500	723
20.78333	747
20.79167	772
20.80000	796
20.80833	821
20.81667	846
20.82500	871
20.83333	897
20.84167	922
20.85000	948
20.85833	973
20.86667	998
20.87500	1023
20.88333	1047
20.89167	1071
20.90000	1094
20.90833	1116
20.91667	1137
20.92500	1158
20.93333	1178
20.94167	1197
20.95000	1216
20.95833	1234
20.96667	1251
20.97500	1269
20.98333	1286
20.99167	1303
21.00000	1319
21.00833	1336
21.01667	1352
21.02500	1369
21.03333	1387
21.04167	1405
21.05000	1424
21.05833	1443
21.06667	1463
21.07500	1485
21.08333	1508
21.09167	1534
21.10000	1561
21.10833	1590
21.11667	1622
21.12500	1658
21.13333	1696
21.14167	1738
21.15000	1784
21.15833	1835
21.16667	1890
21.17500	1950
21.18333	2016
21.19167	2088
21.20000	2166
21.20833	2250
21.21667	2342
21.22500	2442
21.23333	2549
21.24167	2665
21.25000	2789
21.25833	2922
21.26667	3065
21.27500	3217
21.28333	3379
21.29167	3550
21.30000	3730
21.30833	3920
21.31667	4120
21.32500	4327
21.33333	4543
21.34167	4766
21.35000	4995
21.35833	5231
21.36667	5471
21.37500	5715
21.38333	5962
21.39167	6209
21.40000	6457
21.40833	6703
21.41667	6946
21.42500	7184
21.43333	7416
21.44167	7640
21.45000	7855
21.45833	8058
21.46667	8250
21.47500	8427
21.48333	8589
21.49167	8735
21.50000	8864
21.50833	8975
21.51667	9066
21.52500	9138
21.53333	9190
21.54167	9221
21.55000	9232
21.55833	9222
21.56667	9192
21.57500	9142
21.58333	9072
21.59167	8983
21.60000	8877
21.60833	8753
21.61667	8613
21.62500	8458
21.63333	8290
21.64167	8110
21.65000	7918
21.65833	7717
21.66667	7507
21.67500	7290
21.68333	7067
21.69167	6840
21.70000	6610
21.70833	6378
21.71667	6144
21.72500	5911
21.73333	5680
21.74167	5450
21.75000	5224
21.75833	5002
21.76667	4784
21.77500	4571
21.78333	4364
21.79167	4163
21.80000	3969
21.80833	3780
21.81667	3599
21.82500	3426
21.83333	3259
21.84167	3100
21.85000	2948
21.85833	2803
21.86667	2666
21.87500	2535
21.88333	2410
21.89167	2293
21.90000	2181
21.90833	2076
21.91667	1976
21.92500	1882
21.93333	1793
21.94167	1710
21.95000	1632
21.95833	1558
21.96667	1489
21.97500	1423
21.98333	1362
21.99167	1304
22.00000	1250
22.00833	1199
22.01667	1151
22.02500	1107
22.03333	1066
22.04167	1027
22.05000	991
22.05833	957
22.06667	925
22.07500	896
22.08333	868
22.09167	843
22.10000	820
22.10833	797
22.11667	777
22.12500	758
22.13333	740
22.14167	724
22.15000	708
22.15833	695
22.16667	682
22.17500	671
22.18333	661
22.19167	651
22.20000	642
22.20833	634
22.21667	627
22.22500	620
22.23333	613
22.24167	608
22.25000	602
22.25833	597
22.26667	592
22.27500	588
22.28333	584
22.29167	580
22.30000	577
22.30833	573
22.31667	569
22.32500	565
22.33333	561
22.34167	556
22.35000	552
22.35833	547
22.36667	541
22.37500	536
22.38333	530
22.39167	523
22.40000	516
22.40833	508
22.41667	500
22.42500	490
22.43333	480
22.44167	469
22.45000	458
22.45833	446
22.46667	433
22.47500	419
22.48333	404
22.49167	388
22.50000	370
22.50833	352
22.51667	332
22.52500	312
22.53333	290
22.54167	268
22.55000	245
22.55833	220
22.56667	194
22.57500	167
22.58333	138
22.59167	109
22.60000	78
22.60833	47
22.61667	15
22.62500	-18
22.63333	-53
22.64167	-88
22.65000	-123
22.65833	-159
22.66667	-195
22.67500	-232
22.68333	-270
22.69167	-308
22.70000	-345
22.70833	-383
22.71667	-420
22.72500	-457
22.73333	-494
22.74167	-530
22.75000	-566
22.75833	-601
22.76667	-636
22.77500	-669
22.78333	-702
22.79167	-732
22.80000	-762
22.80833	-791
22.81667	-819
22.82500	-844
22.83333	-868
22.84167	-891
22.85000	-911
22.85833	-930
22.86667	-947
22.87500	-962
22.88333	-976
22.89167	-988
22.90000	-997
22.90833	-1005
22.91667	-1011
22.92500	-1015
22.93333	-1018
22.94167	-1018
22.95000	-1018
22.95833	-1016
22.96667	-1012
22.97500	-1007
22.98333	-1001
22.99167	-994
23.00000	-985
23.00833	-975
23.01667	-964
23.02500	-952
23.03333	-940
23.04167	-926
23.05000	-912
23.05833	-898
23.06667	-882
23.07500	-867
23.08333	-851
23.09167	-834
23.10000	-817
23.10833	-800
23.11667	-782
23.12500	-764
23.13333	-747
23.14167	-729
23.15000	-712
23.15833	-695
23.16667	-677
23.17500	-660
23.18333	-642
23.19167	-625
23.20000	-609
23.20833	-592
23.21667	-575
23.22500	-559
23.23333	-542
23.24167	-526
23.25000	-509
23.25833	-493
23.26667	-477
23.27500	-461
23.28333	-445
23.29167	-430
23.30000	-414
23.30833	-399
23.31667	-384
23.32500	-370
23.33333	-355
23.34167	-340
23.35000	-326
23.35833	-311
23.36667	-296
23.37500	-282
23.38333	-268
23.39167	-254
23.40000	-240
23.40833	-226
23.41667	-212
23.42500	-198
23.43333	-184
23.44167	-171
23.45000	-158
23.45833	-144
23.46667	-131
23.47500	-118
23.48333	-105
23.49167	-92
23.50000	-79
23.50833	-66
23.51667	-53
23.52500	-41
23.53333	-29
23.54167	-16
23.55000	-4
23.55833	8
23.56667	20
23.57500	32
23.58333	44
23.59167	55
23.60000	66
23.60833	78
23.61667	89
23.62500	99
23.63333	109
23.64167	119
23.65000	129
23.65833	139
23.66667	149
23.67500	159
23.68333	168
23.69167	177
23.70000	186
23.70833	194
23.71667	202
23.72500	210
23.73333	218
23.74167	226
23.75000	234
23.75833	241
23.76667	248
23.77500	255
23.78333	261
23.79167	267
23.80000	274
23.80833	279
23.81667	284
23.82500	289
23.83333	295
23.84167	300
23.85000	305
23.85833	309
23.86667	314
23.87500	318
23.88333	322
23.89167	326
23.90000	329
23.90833	333
23.91667	336
23.92500	338
23.93333	341
23.94167	344
23.95000	346
23.95833	347
23.96667	349
23.97500	350
23.98333	351
23.99167	353
24.00000	354
24.00833	355
24.01667	355
24.02500	356
24.03333	356
24.04167	356
24.05000	356
24.05833	356
24.06667	355
24.07500	354
24.08333	353
24.09167	351
24.10000	349
24.10833	347
24.11667	345
24.12500	342
24.13333	339
24.14167	336
24.15000	332
24.15833	328
24.16667	324
24.17500	319
24.18333	314
24.19167	309
24.20000	303
24.20833	298
24.21667	291
24.22500	285
24.23333	278
24.24167	271
24.25000	264
24.25833	257
24.26667	249
24.27500	241
24.28333	233
24.29167	225
24.30000	216
24.30833	207
24.31667	197
24.32500	188
24.33333	178
24.34167	168
24.35000	158
24.35833	148
24.36667	138
24.37500	127
24.38333	118
24.39167	108
24.40000	98
24.40833	89
24.41667	79
24.42500	70
24.43333	61
24.44167	53
24.45000	44
24.45833	36
24.46667	28
24.47500	20
24.48333	12
24.49167	5
24.50000	-1
24.50833	-7
24.51667	-13
24.52500	-18
24.53333	-23
24.54167	-27
24.55000	-30
24.55833	-33
24.56667	-36
24.57500	-39
24.58333	-40
24.59167	-42
24.60000	-42
24.60833	-43
24.61667	-43
24.62500	-43
24.63333	-41
24.64167	-40
24.65000	-38
24.65833	-36
24.66667	-33
24.67500	-30
24.68333	-26
24.69167	-22
24.70000	-18
24.70833	-13
24.71667	-8
24.72500	-3
24.73333	2
24.74167	8
24.75000	13
24.75833	19
24.76667	24
24.77500	30
24.78333	37
24.79167	43
24.80000	49
24.80833	56
24.81667	62
24.82500	69
24.83333	75
24.84167	81
24.85000	88
24.85833	94
24.86667	100
24.87500	107
24.88333	113
24.89167	119
24.90000	124
24.90833	130
24.91667	136
24.92500	142
24.93333	147
24.94167	152
24.95000	157
24.95833	163
24.96667	168
24.97500	173
24.98333	178
24.99167	182
25.00000	187
25.00833	192
25.01667	196
25.02500	199
25.03333	203
25.04167	206
25.05000	210
25.05833	213
25.06667	216
25.07500	219
25.08333	222
25.09167	226
25.10000	229
25.10833	231
25.11667	234
25.12500	237
25.13333	239
25.14167	242
25.15000	244
25.15833	247
25.16667	249
25.17500	251
25.18333	252
25.19167	254
25.20000	255
25.20833	257
25.21667	259
25.22500	260
25.23333	262
25.24167	263
25.25000	264
25.25833	266
25.26667	267
25.27500	268
25.28333	269
25.29167	270
25.30000	270
25.30833	271
25.31667	272
25.32500	274
25.33333	275
25.34167	276
25.35000	276
25.35833	277
25.36667	277
25.37500	278
25.38333	278
25.39167	278
25.40000	279
25.40833	279
25.41667	280
25.42500	281
25.43333	282
25.44167	282
25.45000	283
25.45833	283
25.46667	284
25.47500	284
25.48333	284
25.49167	284
25.50000	284
25.50833	284
25.51667	284
25.52500	284
25.53333	284
25.54167	284
25.55000	284
25.55833	284
25.56667	284
25.57500	285
25.58333	285
25.59167	285
25.60000	285
25.60833	285
25.61667	285
25.62500	285
25.63333	285
25.64167	285
25.65000	284
25.65833	284
25.66667	283
25.67500	283
25.68333	283
25.69167	283
25.70000	282
25.70833	282
25.71667	282
25.72500	282
25.73333	281
25.74167	281
25.75000	280
25.75833	280
25.76667	280
25.77500	279
25.78333	279
25.79167	279
25.80000	278
25.80833	277
25.81667	277
25.82500	276
25.83333	276
25.84167	275
25.85000	275
25.85833	274
25.86667	274
25.87500	274
25.88333	273
25.89167	273
25.90000	272
25.90833	272
25.91667	271
25.92500	270
25.93333	270
25.94167	269
25.95000	269
25.95833	269
25.96667	269
25.97500	269
25.98333	269
25.99167	269
26.00000	269
26.00833	269
26.01667	269
26.02500	269
26.03333	270
26.04167	270
26.05000	270
26.05833	270
26.06667	271
26.07500	272
26.08333	273
26.09167	275
26.10000	276
26.10833	278
26.11667	281
26.12500	283
26.13333	285
26.14167	287
26.15000	290
26.15833	293
26.16667	296
26.17500	300
26.18333	304
26.19167	309
26.20000	314
26.20833	319
26.21667	324
26.22500	329
26.23333	335
26.24167	341
26.25000	347
26.25833	354
26.26667	361
26.27500	368
26.28333	376
26.29167	383
26.30000	391
26.30833	399
26.31667	408
26.32500	417
26.33333	426
26.34167	435
26.35000	445
26.35833	456
26.36667	466
26.37500	476
26.38333	487
26.39167	497
26.40000	507
26.40833	516
26.41667	525
26.42500	535
26.43333	544
26.44167	553
26.45000	561
26.45833	570
26.46667	577
26.47500	584
26.48333	591
26.49167	598
26.50000	603
26.50833	609
26.51667	613
26.52500	616
26.53333	619
26.54167	622
26.55000	623
26.55833	624
26.56667	623
26.57500	622
26.58333	620
26.59167	617
26.60000	614
26.60833	610
26.61667	605
26.62500	600
26.63333	594
26.64167	587
26.65000	579
26.65833	572
26.66667	563
26.67500	554
26.68333	545
26.69167	535
26.70000	526
26.70833	516
26.71667	505
26.72500	495
26.73333	484
26.74167	473
26.75000	462
26.75833	451
26.76667	440
26.77500	429
26.78333	419
26.79167	408
26.80000	398
26.80833	388
26.81667	379
26.82500	369
26.83333	360
26.84167	351
26.85000	343
26.85833	335
26.86667	327
26.87500	319
26.88333	311
26.89167	303
26.90000	296
26.90833	289
26.91667	283
26.92500	277
26.93333	271
26.94167	266
26.95000	261
26.95833	256
26.96667	251
26.97500	246
26.98333	242
26.99167	237
27.00000	233
27.00833	230
27.01667	226
27.02500	223
27.03333	219
27.04167	216
27.05000	213
27.05833	210
27.06667	207
27.07500	205
27.08333	202
27.09167	199
27.10000	196
27.10833	194
27.11667	192
27.12500	190
27.13333	188
27.14167	186
27.15000	184
27.15833	182
27.16667	180
27.17500	178
27.18333	176
27.19167	175
27.20000	173
27.20833	171
27.21667	170
27.22500	169
27.23333	167
27.24167	166
27.25000	165
27.25833	163
27.26667	162
27.27500	160
27.28333	159
27.29167	157
27.30000	156
27.30833	155
27.31667	153
27.32500	152
27.33333	150
27.34167	149
27.35000	148
27.35833	147
27.36667	146
27.37500	145
27.38333	144
27.39167	143
27.40000	142
27.40833	141
27.41667	140
27.42500	139
27.43333	138
27.44167	136
27.45000	135
27.45833	134
27.46667	133
27.47500	132
27.48333	131
27.49167	130
27.50000	129
27.50833	128
27.51667	127
27.52500	126
27.53333	125
27.54167	125
27.55000	124
27.55833	123
27.56667	122
27.57500	121
27.58333	120
27.59167	119
27.60000	118
27.60833	117
27.61667	117
27.62500	116
27.63333	115
27.64167	114
27.65000	113
27.65833	112
27.66667	111
27.67500	111
27.68333	110
27.69167	109
27.70000	108
27.70833	107
27.71667	106
27.72500	106
27.73333	105
27.74167	104
27.75000	103
27.75833	103
27.76667	102
27.77500	101
27.78333	100
27.79167	99
27.80000	98
27.80833	97
27.81667	96
27.82500	95
27.83333	94
27.84167	93
27.85000	92
27.85833	92
27.86667	91
27.87500	90
27.88333	89
27.89167	88
27.90000	87
27.90833	87
27.91667	86
27.92500	85
27.93333	84
27.94167	83
27.95000	83
27.95833	82
27.96667	81
27.97500	80
27.98333	79
27.99167	78
28.00000	78

