R.Time (min)	Intensity
0.00000	-36
0.00833	-36
0.01667	-12
0.02500	-1
0.03333	-2
0.04167	-3
0.05000	-3
0.05833	-4
0.06667	-5
0.07500	-6
0.08333	-6
0.09167	-7
0.10000	-7
0.10833	-8
0.11667	-8
0.12500	-9
0.13333	-9
0.14167	-9
0.15000	-10
0.15833	-10
0.16667	-10
0.17500	-10
0.18333	-11
0.19167	-11
0.20000	-11
0.20833	-11
0.21667	-11
0.22500	-11
0.23333	-11
0.24167	-11
0.25000	-11
0.25833	-11
0.26667	-12
0.27500	-12
0.28333	-12
0.29167	-13
0.30000	-14
0.30833	-14
0.31667	-14
0.32500	-14
0.33333	-15
0.34167	-15
0.35000	-16
0.35833	-17
0.36667	-17
0.37500	-18
0.38333	-18
0.39167	-18
0.40000	-18
0.40833	-19
0.41667	-19
0.42500	-19
0.43333	-20
0.44167	-20
0.45000	-21
0.45833	-21
0.46667	-22
0.47500	-22
0.48333	-23
0.49167	-23
0.50000	-24
0.50833	-25
0.51667	-26
0.52500	-26
0.53333	-27
0.54167	-28
0.55000	-28
0.55833	-29
0.56667	-30
0.57500	-31
0.58333	-32
0.59167	-32
0.60000	-32
0.60833	-33
0.61667	-34
0.62500	-34
0.63333	-35
0.64167	-36
0.65000	-36
0.65833	-37
0.66667	-37
0.67500	-38
0.68333	-39
0.69167	-39
0.70000	-39
0.70833	-40
0.71667	-40
0.72500	-40
0.73333	-41
0.74167	-41
0.75000	-42
0.75833	-43
0.76667	-43
0.77500	-43
0.78333	-43
0.79167	-43
0.80000	-44
0.80833	-44
0.81667	-45
0.82500	-45
0.83333	-46
0.84167	-46
0.85000	-46
0.85833	-46
0.86667	-46
0.87500	-47
0.88333	-47
0.89167	-48
0.90000	-48
0.90833	-48
0.91667	-48
0.92500	-48
0.93333	-49
0.94167	-49
0.95000	-49
0.95833	-50
0.96667	-50
0.97500	-50
0.98333	-50
0.99167	-50
1.00000	-51
1.00833	-51
1.01667	-51
1.02500	-51
1.03333	-52
1.04167	-53
1.05000	-53
1.05833	-53
1.06667	-54
1.07500	-54
1.08333	-54
1.09167	-54
1.10000	-55
1.10833	-55
1.11667	-56
1.12500	-56
1.13333	-56
1.14167	-57
1.15000	-57
1.15833	-57
1.16667	-57
1.17500	-58
1.18333	-59
1.19167	-60
1.20000	-60
1.20833	-60
1.21667	-61
1.22500	-61
1.23333	-62
1.24167	-62
1.25000	-63
1.25833	-63
1.26667	-64
1.27500	-64
1.28333	-65
1.29167	-65
1.30000	-65
1.30833	-65
1.31667	-66
1.32500	-66
1.33333	-66
1.34167	-66
1.35000	-67
1.35833	-67
1.36667	-67
1.37500	-67
1.38333	-67
1.39167	-67
1.40000	-67
1.40833	-67
1.41667	-67
1.42500	-68
1.43333	-68
1.44167	-68
1.45000	-68
1.45833	-69
1.46667	-69
1.47500	-70
1.48333	-71
1.49167	-71
1.50000	-71
1.50833	-71
1.51667	-70
1.52500	-70
1.53333	-70
1.54167	-70
1.55000	-71
1.55833	-71
1.56667	-71
1.57500	-72
1.58333	-72
1.59167	-72
1.60000	-72
1.60833	-72
1.61667	-72
1.62500	-73
1.63333	-73
1.64167	-74
1.65000	-74
1.65833	-74
1.66667	-75
1.67500	-75
1.68333	-75
1.69167	-75
1.70000	-75
1.70833	-76
1.71667	-76
1.72500	-76
1.73333	-76
1.74167	-76
1.75000	-76
1.75833	-76
1.76667	-76
1.77500	-77
1.78333	-77
1.79167	-78
1.80000	-78
1.80833	-78
1.81667	-78
1.82500	-78
1.83333	-78
1.84167	-79
1.85000	-79
1.85833	-79
1.86667	-80
1.87500	-79
1.88333	-79
1.89167	-80
1.90000	-80
1.90833	-80
1.91667	-80
1.92500	-81
1.93333	-81
1.94167	-80
1.95000	-80
1.95833	-80
1.96667	-80
1.97500	-80
1.98333	-80
1.99167	-80
2.00000	-80
2.00833	-80
2.01667	-80
2.02500	-80
2.03333	-80
2.04167	-80
2.05000	-81
2.05833	-80
2.06667	-80
2.07500	-80
2.08333	-80
2.09167	-80
2.10000	-80
2.10833	-80
2.11667	-80
2.12500	-80
2.13333	-80
2.14167	-81
2.15000	-81
2.15833	-80
2.16667	-80
2.17500	-80
2.18333	-80
2.19167	-80
2.20000	-80
2.20833	-80
2.21667	-80
2.22500	-81
2.23333	-80
2.24167	-80
2.25000	-80
2.25833	-79
2.26667	-79
2.27500	-78
2.28333	-78
2.29167	-78
2.30000	-78
2.30833	-78
2.31667	-78
2.32500	-78
2.33333	-77
2.34167	-76
2.35000	-75
2.35833	-75
2.36667	-74
2.37500	-73
2.38333	-72
2.39167	-71
2.40000	-70
2.40833	-69
2.41667	-68
2.42500	-67
2.43333	-65
2.44167	-64
2.45000	-62
2.45833	-60
2.46667	-58
2.47500	-56
2.48333	-54
2.49167	-51
2.50000	-48
2.50833	-45
2.51667	-42
2.52500	-39
2.53333	-36
2.54167	-33
2.55000	-30
2.55833	-26
2.56667	-22
2.57500	-18
2.58333	-14
2.59167	-10
2.60000	-5
2.60833	-0
2.61667	5
2.62500	10
2.63333	16
2.64167	22
2.65000	29
2.65833	35
2.66667	42
2.67500	49
2.68333	57
2.69167	66
2.70000	74
2.70833	83
2.71667	92
2.72500	102
2.73333	112
2.74167	123
2.75000	135
2.75833	147
2.76667	160
2.77500	173
2.78333	187
2.79167	202
2.80000	217
2.80833	234
2.81667	252
2.82500	270
2.83333	289
2.84167	310
2.85000	331
2.85833	354
2.86667	377
2.87500	402
2.88333	427
2.89167	455
2.90000	483
2.90833	513
2.91667	544
2.92500	576
2.93333	610
2.94167	645
2.95000	682
2.95833	720
2.96667	761
2.97500	803
2.98333	846
2.99167	891
3.00000	937
3.00833	985
3.01667	1034
3.02500	1085
3.03333	1137
3.04167	1191
3.05000	1246
3.05833	1303
3.06667	1360
3.07500	1418
3.08333	1478
3.09167	1538
3.10000	1599
3.10833	1660
3.11667	1722
3.12500	1784
3.13333	1846
3.14167	1908
3.15000	1969
3.15833	2031
3.16667	2091
3.17500	2151
3.18333	2209
3.19167	2266
3.20000	2321
3.20833	2375
3.21667	2427
3.22500	2476
3.23333	2523
3.24167	2568
3.25000	2610
3.25833	2649
3.26667	2684
3.27500	2717
3.28333	2746
3.29167	2772
3.30000	2793
3.30833	2811
3.31667	2825
3.32500	2836
3.33333	2842
3.34167	2845
3.35000	2843
3.35833	2837
3.36667	2828
3.37500	2815
3.38333	2798
3.39167	2777
3.40000	2752
3.40833	2724
3.41667	2693
3.42500	2658
3.43333	2621
3.44167	2580
3.45000	2537
3.45833	2491
3.46667	2443
3.47500	2392
3.48333	2339
3.49167	2284
3.50000	2228
3.50833	2170
3.51667	2111
3.52500	2051
3.53333	1990
3.54167	1928
3.55000	1867
3.55833	1804
3.56667	1742
3.57500	1680
3.58333	1619
3.59167	1557
3.60000	1496
3.60833	1436
3.61667	1377
3.62500	1319
3.63333	1261
3.64167	1205
3.65000	1151
3.65833	1097
3.66667	1045
3.67500	994
3.68333	945
3.69167	898
3.70000	852
3.70833	807
3.71667	764
3.72500	723
3.73333	683
3.74167	644
3.75000	608
3.75833	572
3.76667	538
3.77500	506
3.78333	476
3.79167	447
3.80000	420
3.80833	394
3.81667	369
3.82500	346
3.83333	324
3.84167	303
3.85000	284
3.85833	266
3.86667	248
3.87500	232
3.88333	216
3.89167	202
3.90000	189
3.90833	177
3.91667	165
3.92500	154
3.93333	144
3.94167	134
3.95000	125
3.95833	117
3.96667	109
3.97500	101
3.98333	94
3.99167	87
4.00000	81
4.00833	75
4.01667	70
4.02500	65
4.03333	60
4.04167	55
4.05000	51
4.05833	46
4.06667	43
4.07500	39
4.08333	35
4.09167	32
4.10000	29
4.10833	25
4.11667	22
4.12500	19
4.13333	15
4.14167	12
4.15000	9
4.15833	6
4.16667	3
4.17500	-0
4.18333	-3
4.19167	-6
4.20000	-9
4.20833	-11
4.21667	-14
4.22500	-17
4.23333	-19
4.24167	-22
4.25000	-24
4.25833	-26
4.26667	-29
4.27500	-31
4.28333	-34
4.29167	-36
4.30000	-39
4.30833	-41
4.31667	-44
4.32500	-46
4.33333	-48
4.34167	-51
4.35000	-53
4.35833	-55
4.36667	-57
4.37500	-60
4.38333	-62
4.39167	-64
4.40000	-66
4.40833	-68
4.41667	-70
4.42500	-72
4.43333	-74
4.44167	-75
4.45000	-76
4.45833	-78
4.46667	-79
4.47500	-81
4.48333	-82
4.49167	-83
4.50000	-84
4.50833	-85
4.51667	-86
4.52500	-87
4.53333	-87
4.54167	-88
4.55000	-88
4.55833	-89
4.56667	-90
4.57500	-90
4.58333	-91
4.59167	-91
4.60000	-92
4.60833	-93
4.61667	-93
4.62500	-93
4.63333	-93
4.64167	-93
4.65000	-93
4.65833	-93
4.66667	-93
4.67500	-93
4.68333	-93
4.69167	-93
4.70000	-92
4.70833	-92
4.71667	-92
4.72500	-92
4.73333	-92
4.74167	-91
4.75000	-91
4.75833	-91
4.76667	-91
4.77500	-91
4.78333	-90
4.79167	-90
4.80000	-89
4.80833	-89
4.81667	-89
4.82500	-89
4.83333	-89
4.84167	-88
4.85000	-88
4.85833	-88
4.86667	-87
4.87500	-87
4.88333	-86
4.89167	-86
4.90000	-86
4.90833	-85
4.91667	-84
4.92500	-84
4.93333	-84
4.94167	-83
4.95000	-83
4.95833	-83
4.96667	-83
4.97500	-83
4.98333	-82
4.99167	-82
5.00000	-81
5.00833	-81
5.01667	-82
5.02500	-82
5.03333	-81
5.04167	-82
5.05000	-82
5.05833	-81
5.06667	-81
5.07500	-82
5.08333	-82
5.09167	-82
5.10000	-82
5.10833	-82
5.11667	-82
5.12500	-81
5.13333	-81
5.14167	-81
5.15000	-81
5.15833	-81
5.16667	-82
5.17500	-82
5.18333	-82
5.19167	-82
5.20000	-82
5.20833	-82
5.21667	-82
5.22500	-83
5.23333	-83
5.24167	-83
5.25000	-83
5.25833	-83
5.26667	-83
5.27500	-83
5.28333	-83
5.29167	-84
5.30000	-84
5.30833	-84
5.31667	-84
5.32500	-84
5.33333	-84
5.34167	-84
5.35000	-84
5.35833	-85
5.36667	-85
5.37500	-85
5.38333	-85
5.39167	-85
5.40000	-85
5.40833	-86
5.41667	-86
5.42500	-86
5.43333	-87
5.44167	-88
5.45000	-88
5.45833	-88
5.46667	-89
5.47500	-90
5.48333	-90
5.49167	-91
5.50000	-91
5.50833	-92
5.51667	-92
5.52500	-93
5.53333	-93
5.54167	-93
5.55000	-94
5.55833	-95
5.56667	-95
5.57500	-96
5.58333	-97
5.59167	-97
5.60000	-97
5.60833	-97
5.61667	-98
5.62500	-98
5.63333	-99
5.64167	-100
5.65000	-100
5.65833	-100
5.66667	-100
5.67500	-99
5.68333	-99
5.69167	-99
5.70000	-100
5.70833	-100
5.71667	-100
5.72500	-100
5.73333	-101
5.74167	-100
5.75000	-101
5.75833	-101
5.76667	-101
5.77500	-100
5.78333	-101
5.79167	-101
5.80000	-100
5.80833	-100
5.81667	-100
5.82500	-100
5.83333	-100
5.84167	-100
5.85000	-100
5.85833	-100
5.86667	-101
5.87500	-101
5.88333	-101
5.89167	-101
5.90000	-101
5.90833	-101
5.91667	-101
5.92500	-101
5.93333	-101
5.94167	-102
5.95000	-102
5.95833	-102
5.96667	-101
5.97500	-101
5.98333	-101
5.99167	-101
6.00000	-101
6.00833	-101
6.01667	-101
6.02500	-101
6.03333	-101
6.04167	-102
6.05000	-102
6.05833	-103
6.06667	-103
6.07500	-103
6.08333	-104
6.09167	-104
6.10000	-104
6.10833	-104
6.11667	-104
6.12500	-104
6.13333	-104
6.14167	-104
6.15000	-104
6.15833	-104
6.16667	-105
6.17500	-105
6.18333	-105
6.19167	-105
6.20000	-105
6.20833	-105
6.21667	-105
6.22500	-105
6.23333	-105
6.24167	-105
6.25000	-105
6.25833	-105
6.26667	-105
6.27500	-105
6.28333	-105
6.29167	-105
6.30000	-104
6.30833	-105
6.31667	-104
6.32500	-104
6.33333	-104
6.34167	-104
6.35000	-103
6.35833	-103
6.36667	-103
6.37500	-103
6.38333	-102
6.39167	-102
6.40000	-102
6.40833	-102
6.41667	-102
6.42500	-102
6.43333	-102
6.44167	-102
6.45000	-102
6.45833	-101
6.46667	-101
6.47500	-101
6.48333	-101
6.49167	-101
6.50000	-101
6.50833	-102
6.51667	-102
6.52500	-102
6.53333	-102
6.54167	-102
6.55000	-102
6.55833	-102
6.56667	-102
6.57500	-102
6.58333	-103
6.59167	-103
6.60000	-103
6.60833	-103
6.61667	-103
6.62500	-103
6.63333	-103
6.64167	-103
6.65000	-103
6.65833	-104
6.66667	-104
6.67500	-104
6.68333	-104
6.69167	-104
6.70000	-104
6.70833	-104
6.71667	-105
6.72500	-105
6.73333	-105
6.74167	-105
6.75000	-105
6.75833	-105
6.76667	-105
6.77500	-105
6.78333	-105
6.79167	-105
6.80000	-106
6.80833	-106
6.81667	-106
6.82500	-106
6.83333	-106
6.84167	-106
6.85000	-106
6.85833	-106
6.86667	-106
6.87500	-106
6.88333	-106
6.89167	-105
6.90000	-105
6.90833	-105
6.91667	-105
6.92500	-105
6.93333	-105
6.94167	-105
6.95000	-104
6.95833	-104
6.96667	-104
6.97500	-103
6.98333	-103
6.99167	-103
7.00000	-103
7.00833	-102
7.01667	-102
7.02500	-102
7.03333	-102
7.04167	-101
7.05000	-100
7.05833	-99
7.06667	-99
7.07500	-98
7.08333	-96
7.09167	-94
7.10000	-91
7.10833	-87
7.11667	-82
7.12500	-76
7.13333	-68
7.14167	-59
7.15000	-48
7.15833	-35
7.16667	-21
7.17500	-5
7.18333	13
7.19167	34
7.20000	56
7.20833	81
7.21667	108
7.22500	136
7.23333	165
7.24167	196
7.25000	225
7.25833	253
7.26667	279
7.27500	301
7.28333	316
7.29167	324
7.30000	322
7.30833	308
7.31667	283
7.32500	247
7.33333	205
7.34167	162
7.35000	129
7.35833	119
7.36667	147
7.37500	231
7.38333	393
7.39167	651
7.40000	1029
7.40833	1542
7.41667	2207
7.42500	3034
7.43333	4030
7.44167	5191
7.45000	6507
7.45833	7961
7.46667	9524
7.47500	11157
7.48333	12812
7.49167	14433
7.50000	15956
7.50833	17316
7.51667	18451
7.52500	19307
7.53333	19844
7.54167	20038
7.55000	19890
7.55833	19416
7.56667	18655
7.57500	17656
7.58333	16479
7.59167	15184
7.60000	13832
7.60833	12473
7.61667	11154
7.62500	9906
7.63333	8753
7.64167	7709
7.65000	6779
7.65833	5962
7.66667	5253
7.67500	4643
7.68333	4121
7.69167	3677
7.70000	3299
7.70833	2978
7.71667	2703
7.72500	2468
7.73333	2265
7.74167	2088
7.75000	1932
7.75833	1795
7.76667	1672
7.77500	1562
7.78333	1463
7.79167	1372
7.80000	1289
7.80833	1213
7.81667	1141
7.82500	1075
7.83333	1012
7.84167	953
7.85000	898
7.85833	845
7.86667	795
7.87500	747
7.88333	702
7.89167	659
7.90000	618
7.90833	580
7.91667	544
7.92500	511
7.93333	481
7.94167	454
7.95000	429
7.95833	407
7.96667	388
7.97500	371
7.98333	357
7.99167	344
8.00000	334
8.00833	325
8.01667	318
8.02500	312
8.03333	306
8.04167	301
8.05000	295
8.05833	289
8.06667	283
8.07500	277
8.08333	271
8.09167	264
8.10000	256
8.10833	247
8.11667	239
8.12500	230
8.13333	221
8.14167	212
8.15000	203
8.15833	195
8.16667	186
8.17500	178
8.18333	170
8.19167	163
8.20000	156
8.20833	150
8.21667	144
8.22500	138
8.23333	134
8.24167	130
8.25000	126
8.25833	123
8.26667	120
8.27500	118
8.28333	116
8.29167	114
8.30000	113
8.30833	111
8.31667	110
8.32500	109
8.33333	109
8.34167	108
8.35000	107
8.35833	107
8.36667	106
8.37500	106
8.38333	105
8.39167	104
8.40000	104
8.40833	103
8.41667	102
8.42500	101
8.43333	100
8.44167	99
8.45000	98
8.45833	97
8.46667	96
8.47500	95
8.48333	94
8.49167	92
8.50000	90
8.50833	88
8.51667	87
8.52500	85
8.53333	84
8.54167	83
8.55000	82
8.55833	82
8.56667	81
8.57500	81
8.58333	81
8.59167	82
8.60000	83
8.60833	84
8.61667	87
8.62500	91
8.63333	96
8.64167	101
8.65000	109
8.65833	117
8.66667	126
8.67500	137
8.68333	150
8.69167	163
8.70000	178
8.70833	193
8.71667	209
8.72500	226
8.73333	243
8.74167	259
8.75000	274
8.75833	288
8.76667	301
8.77500	313
8.78333	323
8.79167	331
8.80000	338
8.80833	344
8.81667	348
8.82500	352
8.83333	355
8.84167	359
8.85000	362
8.85833	367
8.86667	375
8.87500	385
8.88333	399
8.89167	418
8.90000	443
8.90833	476
8.91667	516
8.92500	564
8.93333	622
8.94167	689
8.95000	767
8.95833	855
8.96667	953
8.97500	1060
8.98333	1174
8.99167	1294
9.00000	1418
9.00833	1544
9.01667	1670
9.02500	1792
9.03333	1909
9.04167	2017
9.05000	2115
9.05833	2200
9.06667	2270
9.07500	2325
9.08333	2362
9.09167	2381
9.10000	2384
9.10833	2369
9.11667	2338
9.12500	2291
9.13333	2231
9.14167	2159
9.15000	2077
9.15833	1987
9.16667	1891
9.17500	1791
9.18333	1689
9.19167	1586
9.20000	1485
9.20833	1386
9.21667	1291
9.22500	1200
9.23333	1114
9.24167	1034
9.25000	959
9.25833	891
9.26667	828
9.27500	772
9.28333	721
9.29167	676
9.30000	636
9.30833	601
9.31667	570
9.32500	544
9.33333	521
9.34167	502
9.35000	487
9.35833	475
9.36667	467
9.37500	462
9.38333	460
9.39167	463
9.40000	470
9.40833	483
9.41667	501
9.42500	527
9.43333	562
9.44167	607
9.45000	665
9.45833	739
9.46667	832
9.47500	948
9.48333	1091
9.49167	1266
9.50000	1477
9.50833	1732
9.51667	2034
9.52500	2389
9.53333	2801
9.54167	3276
9.55000	3817
9.55833	4426
9.56667	5103
9.57500	5847
9.58333	6654
9.59167	7520
9.60000	8435
9.60833	9390
9.61667	10374
9.62500	11373
9.63333	12373
9.64167	13357
9.65000	14310
9.65833	15216
9.66667	16061
9.67500	16831
9.68333	17514
9.69167	18102
9.70000	18588
9.70833	18967
9.71667	19238
9.72500	19404
9.73333	19469
9.74167	19438
9.75000	19321
9.75833	19130
9.76667	18875
9.77500	18569
9.78333	18225
9.79167	17857
9.80000	17476
9.80833	17094
9.81667	16724
9.82500	16374
9.83333	16053
9.84167	15768
9.85000	15525
9.85833	15328
9.86667	15182
9.87500	15088
9.88333	15046
9.89167	15058
9.90000	15123
9.90833	15239
9.91667	15405
9.92500	15618
9.93333	15877
9.94167	16178
9.95000	16518
9.95833	16894
9.96667	17302
9.97500	17740
9.98333	18204
9.99167	18691
10.00000	19197
10.00833	19720
10.01667	20256
10.02500	20799
10.03333	21345
10.04167	21886
10.05000	22411
10.05833	22903
10.06667	23338
10.07500	23687
10.08333	23912
10.09167	23975
10.10000	23837
10.10833	23466
10.11667	22845
10.12500	21970
10.13333	20858
10.14167	19546
10.15000	18080
10.15833	16516
10.16667	14913
10.17500	13324
10.18333	11793
10.19167	10356
10.20000	9036
10.20833	7847
10.21667	6793
10.22500	5872
10.23333	5076
10.24167	4394
10.25000	3814
10.25833	3324
10.26667	2910
10.27500	2562
10.28333	2269
10.29167	2023
10.30000	1814
10.30833	1637
10.31667	1487
10.32500	1357
10.33333	1245
10.34167	1148
10.35000	1061
10.35833	985
10.36667	916
10.37500	854
10.38333	798
10.39167	747
10.40000	700
10.40833	656
10.41667	616
10.42500	579
10.43333	545
10.44167	513
10.45000	484
10.45833	458
10.46667	434
10.47500	413
10.48333	394
10.49167	377
10.50000	362
10.50833	349
10.51667	338
10.52500	329
10.53333	322
10.54167	316
10.55000	311
10.55833	308
10.56667	306
10.57500	304
10.58333	303
10.59167	302
10.60000	301
10.60833	299
10.61667	297
10.62500	294
10.63333	290
10.64167	286
10.65000	280
10.65833	274
10.66667	266
10.67500	257
10.68333	247
10.69167	237
10.70000	226
10.70833	215
10.71667	203
10.72500	191
10.73333	178
10.74167	166
10.75000	154
10.75833	142
10.76667	132
10.77500	121
10.78333	112
10.79167	103
10.80000	95
10.80833	89
10.81667	83
10.82500	77
10.83333	72
10.84167	68
10.85000	64
10.85833	61
10.86667	58
10.87500	56
10.88333	55
10.89167	53
10.90000	51
10.90833	49
10.91667	48
10.92500	47
10.93333	46
10.94167	44
10.95000	43
10.95833	42
10.96667	40
10.97500	38
10.98333	37
10.99167	35
11.00000	34
11.00833	33
11.01667	31
11.02500	30
11.03333	28
11.04167	27
11.05000	26
11.05833	25
11.06667	25
11.07500	25
11.08333	25
11.09167	26
11.10000	26
11.10833	27
11.11667	29
11.12500	30
11.13333	32
11.14167	35
11.15000	37
11.15833	40
11.16667	43
11.17500	46
11.18333	50
11.19167	53
11.20000	57
11.20833	62
11.21667	66
11.22500	70
11.23333	73
11.24167	77
11.25000	81
11.25833	85
11.26667	89
11.27500	93
11.28333	96
11.29167	100
11.30000	103
11.30833	106
11.31667	108
11.32500	110
11.33333	111
11.34167	112
11.35000	113
11.35833	113
11.36667	112
11.37500	111
11.38333	110
11.39167	108
11.40000	106
11.40833	103
11.41667	100
11.42500	96
11.43333	92
11.44167	88
11.45000	84
11.45833	80
11.46667	76
11.47500	72
11.48333	68
11.49167	64
11.50000	60
11.50833	56
11.51667	53
11.52500	50
11.53333	47
11.54167	45
11.55000	42
11.55833	40
11.56667	38
11.57500	35
11.58333	33
11.59167	32
11.60000	30
11.60833	28
11.61667	27
11.62500	26
11.63333	24
11.64167	24
11.65000	23
11.65833	23
11.66667	22
11.67500	22
11.68333	22
11.69167	22
11.70000	22
11.70833	22
11.71667	23
11.72500	23
11.73333	23
11.74167	22
11.75000	22
11.75833	21
11.76667	20
11.77500	20
11.78333	19
11.79167	18
11.80000	17
11.80833	16
11.81667	15
11.82500	14
11.83333	13
11.84167	12
11.85000	11
11.85833	10
11.86667	8
11.87500	6
11.88333	5
11.89167	3
11.90000	1
11.90833	-1
11.91667	-2
11.92500	-4
11.93333	-6
11.94167	-8
11.95000	-9
11.95833	-10
11.96667	-10
11.97500	-11
11.98333	-11
11.99167	-12
12.00000	-12
12.00833	-12
12.01667	-11
12.02500	-11
12.03333	-10
12.04167	-10
12.05000	-9
12.05833	-7
12.06667	-6
12.07500	-4
12.08333	-3
12.09167	-1
12.10000	-0
12.10833	1
12.11667	3
12.12500	4
12.13333	5
12.14167	6
12.15000	7
12.15833	8
12.16667	9
12.17500	9
12.18333	9
12.19167	10
12.20000	10
12.20833	10
12.21667	11
12.22500	11
12.23333	10
12.24167	10
12.25000	10
12.25833	10
12.26667	9
12.27500	8
12.28333	7
12.29167	6
12.30000	5
12.30833	3
12.31667	2
12.32500	0
12.33333	-1
12.34167	-3
12.35000	-5
12.35833	-6
12.36667	-8
12.37500	-10
12.38333	-12
12.39167	-14
12.40000	-16
12.40833	-18
12.41667	-19
12.42500	-21
12.43333	-23
12.44167	-24
12.45000	-26
12.45833	-27
12.46667	-29
12.47500	-30
12.48333	-31
12.49167	-33
12.50000	-34
12.50833	-35
12.51667	-35
12.52500	-36
12.53333	-36
12.54167	-36
12.55000	-36
12.55833	-36
12.56667	-36
12.57500	-36
12.58333	-35
12.59167	-34
12.60000	-34
12.60833	-34
12.61667	-33
12.62500	-32
12.63333	-32
12.64167	-31
12.65000	-30
12.65833	-29
12.66667	-28
12.67500	-27
12.68333	-26
12.69167	-25
12.70000	-24
12.70833	-23
12.71667	-22
12.72500	-21
12.73333	-20
12.74167	-19
12.75000	-18
12.75833	-18
12.76667	-17
12.77500	-16
12.78333	-15
12.79167	-14
12.80000	-13
12.80833	-13
12.81667	-12
12.82500	-11
12.83333	-10
12.84167	-10
12.85000	-9
12.85833	-8
12.86667	-7
12.87500	-6
12.88333	-5
12.89167	-4
12.90000	-3
12.90833	-1
12.91667	0
12.92500	2
12.93333	4
12.94167	7
12.95000	10
12.95833	12
12.96667	15
12.97500	17
12.98333	20
12.99167	22
13.00000	25
13.00833	28
13.01667	30
13.02500	32
13.03333	35
13.04167	37
13.05000	39
13.05833	41
13.06667	42
13.07500	43
13.08333	44
13.09167	44
13.10000	44
13.10833	44
13.11667	43
13.12500	43
13.13333	41
13.14167	40
13.15000	39
13.15833	38
13.16667	37
13.17500	35
13.18333	33
13.19167	31
13.20000	30
13.20833	28
13.21667	26
13.22500	24
13.23333	23
13.24167	22
13.25000	21
13.25833	20
13.26667	20
13.27500	19
13.28333	18
13.29167	18
13.30000	17
13.30833	17
13.31667	17
13.32500	17
13.33333	17
13.34167	17
13.35000	17
13.35833	18
13.36667	18
13.37500	18
13.38333	18
13.39167	19
13.40000	19
13.40833	19
13.41667	20
13.42500	20
13.43333	20
13.44167	21
13.45000	21
13.45833	21
13.46667	22
13.47500	22
13.48333	23
13.49167	24
13.50000	25
13.50833	26
13.51667	27
13.52500	28
13.53333	29
13.54167	30
13.55000	32
13.55833	34
13.56667	36
13.57500	38
13.58333	41
13.59167	43
13.60000	47
13.60833	50
13.61667	54
13.62500	58
13.63333	63
13.64167	68
13.65000	74
13.65833	81
13.66667	88
13.67500	94
13.68333	100
13.69167	107
13.70000	113
13.70833	119
13.71667	125
13.72500	131
13.73333	137
13.74167	143
13.75000	149
13.75833	155
13.76667	161
13.77500	167
13.78333	173
13.79167	178
13.80000	184
13.80833	190
13.81667	196
13.82500	202
13.83333	209
13.84167	216
13.85000	223
13.85833	231
13.86667	239
13.87500	248
13.88333	257
13.89167	265
13.90000	274
13.90833	282
13.91667	291
13.92500	299
13.93333	307
13.94167	314
13.95000	320
13.95833	324
13.96667	329
13.97500	332
13.98333	333
13.99167	334
14.00000	333
14.00833	331
14.01667	327
14.02500	323
14.03333	317
14.04167	311
14.05000	304
14.05833	296
14.06667	287
14.07500	278
14.08333	269
14.09167	259
14.10000	249
14.10833	240
14.11667	230
14.12500	221
14.13333	212
14.14167	204
14.15000	196
14.15833	188
14.16667	181
14.17500	174
14.18333	168
14.19167	162
14.20000	157
14.20833	152
14.21667	147
14.22500	143
14.23333	139
14.24167	136
14.25000	134
14.25833	132
14.26667	130
14.27500	129
14.28333	128
14.29167	126
14.30000	125
14.30833	125
14.31667	124
14.32500	124
14.33333	124
14.34167	125
14.35000	125
14.35833	126
14.36667	127
14.37500	128
14.38333	129
14.39167	129
14.40000	130
14.40833	131
14.41667	132
14.42500	133
14.43333	134
14.44167	135
14.45000	136
14.45833	137
14.46667	137
14.47500	138
14.48333	138
14.49167	139
14.50000	139
14.50833	139
14.51667	139
14.52500	139
14.53333	140
14.54167	140
14.55000	140
14.55833	139
14.56667	139
14.57500	138
14.58333	137
14.59167	137
14.60000	136
14.60833	135
14.61667	134
14.62500	134
14.63333	133
14.64167	132
14.65000	131
14.65833	131
14.66667	130
14.67500	129
14.68333	128
14.69167	127
14.70000	126
14.70833	125
14.71667	124
14.72500	122
14.73333	122
14.74167	121
14.75000	120
14.75833	119
14.76667	118
14.77500	117
14.78333	116
14.79167	115
14.80000	113
14.80833	112
14.81667	111
14.82500	110
14.83333	109
14.84167	109
14.85000	108
14.85833	107
14.86667	107
14.87500	106
14.88333	105
14.89167	105
14.90000	104
14.90833	103
14.91667	102
14.92500	102
14.93333	101
14.94167	101
14.95000	101
14.95833	100
14.96667	100
14.97500	100
14.98333	101
14.99167	102
15.00000	103
15.00833	104
15.01667	105
15.02500	107
15.03333	109
15.04167	111
15.05000	114
15.05833	117
15.06667	121
15.07500	125
15.08333	129
15.09167	134
15.10000	140
15.10833	147
15.11667	154
15.12500	162
15.13333	171
15.14167	180
15.15000	190
15.15833	201
15.16667	212
15.17500	223
15.18333	234
15.19167	246
15.20000	257
15.20833	269
15.21667	280
15.22500	290
15.23333	300
15.24167	309
15.25000	317
15.25833	324
15.26667	330
15.27500	335
15.28333	338
15.29167	339
15.30000	339
15.30833	337
15.31667	334
15.32500	330
15.33333	324
15.34167	317
15.35000	309
15.35833	299
15.36667	290
15.37500	279
15.38333	268
15.39167	256
15.40000	244
15.40833	231
15.41667	219
15.42500	207
15.43333	194
15.44167	182
15.45000	169
15.45833	158
15.46667	147
15.47500	137
15.48333	127
15.49167	118
15.50000	109
15.50833	100
15.51667	92
15.52500	85
15.53333	78
15.54167	71
15.55000	65
15.55833	59
15.56667	54
15.57500	49
15.58333	45
15.59167	41
15.60000	37
15.60833	34
15.61667	31
15.62500	28
15.63333	26
15.64167	23
15.65000	21
15.65833	20
15.66667	18
15.67500	17
15.68333	15
15.69167	14
15.70000	13
15.70833	12
15.71667	12
15.72500	11
15.73333	11
15.74167	11
15.75000	10
15.75833	10
15.76667	10
15.77500	10
15.78333	10
15.79167	10
15.80000	10
15.80833	11
15.81667	11
15.82500	11
15.83333	12
15.84167	12
15.85000	13
15.85833	14
15.86667	15
15.87500	16
15.88333	17
15.89167	18
15.90000	20
15.90833	22
15.91667	24
15.92500	26
15.93333	30
15.94167	33
15.95000	37
15.95833	42
15.96667	47
15.97500	52
15.98333	58
15.99167	65
16.00000	72
16.00833	80
16.01667	89
16.02500	98
16.03333	108
16.04167	118
16.05000	128
16.05833	138
16.06667	149
16.07500	159
16.08333	169
16.09167	178
16.10000	187
16.10833	196
16.11667	204
16.12500	211
16.13333	217
16.14167	222
16.15000	227
16.15833	230
16.16667	232
16.17500	233
16.18333	233
16.19167	232
16.20000	230
16.20833	228
16.21667	225
16.22500	221
16.23333	217
16.24167	212
16.25000	207
16.25833	202
16.26667	197
16.27500	191
16.28333	186
16.29167	182
16.30000	178
16.30833	175
16.31667	172
16.32500	170
16.33333	169
16.34167	168
16.35000	169
16.35833	171
16.36667	174
16.37500	178
16.38333	183
16.39167	189
16.40000	196
16.40833	204
16.41667	214
16.42500	226
16.43333	238
16.44167	253
16.45000	268
16.45833	285
16.46667	304
16.47500	323
16.48333	344
16.49167	367
16.50000	391
16.50833	416
16.51667	443
16.52500	470
16.53333	499
16.54167	527
16.55000	557
16.55833	587
16.56667	616
16.57500	645
16.58333	673
16.59167	700
16.60000	726
16.60833	750
16.61667	772
16.62500	792
16.63333	809
16.64167	823
16.65000	835
16.65833	843
16.66667	848
16.67500	849
16.68333	847
16.69167	842
16.70000	833
16.70833	822
16.71667	807
16.72500	790
16.73333	770
16.74167	747
16.75000	723
16.75833	697
16.76667	670
16.77500	642
16.78333	613
16.79167	583
16.80000	553
16.80833	524
16.81667	494
16.82500	465
16.83333	437
16.84167	409
16.85000	382
16.85833	357
16.86667	332
16.87500	309
16.88333	287
16.89167	267
16.90000	247
16.90833	229
16.91667	211
16.92500	195
16.93333	180
16.94167	166
16.95000	153
16.95833	141
16.96667	129
16.97500	118
16.98333	108
16.99167	98
17.00000	90
17.00833	81
17.01667	73
17.02500	66
17.03333	59
17.04167	54
17.05000	48
17.05833	43
17.06667	37
17.07500	33
17.08333	28
17.09167	24
17.10000	19
17.10833	15
17.11667	12
17.12500	8
17.13333	5
17.14167	2
17.15000	-2
17.15833	-5
17.16667	-8
17.17500	-11
17.18333	-14
17.19167	-16
17.20000	-19
17.20833	-21
17.21667	-23
17.22500	-25
17.23333	-27
17.24167	-29
17.25000	-31
17.25833	-33
17.26667	-34
17.27500	-35
17.28333	-36
17.29167	-37
17.30000	-38
17.30833	-39
17.31667	-40
17.32500	-41
17.33333	-41
17.34167	-42
17.35000	-42
17.35833	-43
17.36667	-44
17.37500	-44
17.38333	-45
17.39167	-46
17.40000	-46
17.40833	-46
17.41667	-46
17.42500	-46
17.43333	-47
17.44167	-47
17.45000	-47
17.45833	-47
17.46667	-47
17.47500	-47
17.48333	-47
17.49167	-46
17.50000	-46
17.50833	-46
17.51667	-45
17.52500	-45
17.53333	-44
17.54167	-44
17.55000	-43
17.55833	-43
17.56667	-41
17.57500	-41
17.58333	-39
17.59167	-37
17.60000	-35
17.60833	-33
17.61667	-31
17.62500	-28
17.63333	-26
17.64167	-23
17.65000	-19
17.65833	-15
17.66667	-11
17.67500	-6
17.68333	-1
17.69167	5
17.70000	12
17.70833	19
17.71667	27
17.72500	36
17.73333	45
17.74167	56
17.75000	68
17.75833	81
17.76667	96
17.77500	112
17.78333	130
17.79167	149
17.80000	170
17.80833	194
17.81667	220
17.82500	249
17.83333	281
17.84167	316
17.85000	355
17.85833	397
17.86667	444
17.87500	495
17.88333	552
17.89167	614
17.90000	682
17.90833	755
17.91667	835
17.92500	921
17.93333	1013
17.94167	1113
17.95000	1219
17.95833	1331
17.96667	1450
17.97500	1576
17.98333	1706
17.99167	1841
18.00000	1981
18.00833	2123
18.01667	2269
18.02500	2415
18.03333	2562
18.04167	2706
18.05000	2848
18.05833	2986
18.06667	3118
18.07500	3243
18.08333	3360
18.09167	3467
18.10000	3563
18.10833	3647
18.11667	3717
18.12500	3774
18.13333	3816
18.14167	3844
18.15000	3856
18.15833	3853
18.16667	3835
18.17500	3802
18.18333	3756
18.19167	3695
18.20000	3623
18.20833	3539
18.21667	3444
18.22500	3341
18.23333	3230
18.24167	3112
18.25000	2989
18.25833	2861
18.26667	2730
18.27500	2598
18.28333	2466
18.29167	2333
18.30000	2203
18.30833	2074
18.31667	1948
18.32500	1826
18.33333	1707
18.34167	1594
18.35000	1485
18.35833	1381
18.36667	1283
18.37500	1189
18.38333	1102
18.39167	1019
18.40000	942
18.40833	870
18.41667	802
18.42500	740
18.43333	681
18.44167	627
18.45000	577
18.45833	531
18.46667	488
18.47500	448
18.48333	412
18.49167	379
18.50000	349
18.50833	321
18.51667	296
18.52500	272
18.53333	251
18.54167	232
18.55000	213
18.55833	197
18.56667	182
18.57500	169
18.58333	157
18.59167	146
18.60000	137
18.60833	129
18.61667	121
18.62500	115
18.63333	110
18.64167	105
18.65000	102
18.65833	100
18.66667	99
18.67500	98
18.68333	98
18.69167	99
18.70000	101
18.70833	104
18.71667	107
18.72500	111
18.73333	116
18.74167	121
18.75000	127
18.75833	134
18.76667	141
18.77500	149
18.78333	157
18.79167	165
18.80000	174
18.80833	184
18.81667	193
18.82500	203
18.83333	213
18.84167	222
18.85000	231
18.85833	240
18.86667	248
18.87500	256
18.88333	262
18.89167	268
18.90000	274
18.90833	278
18.91667	282
18.92500	285
18.93333	287
18.94167	288
18.95000	288
18.95833	287
18.96667	284
18.97500	281
18.98333	276
18.99167	271
19.00000	265
19.00833	258
19.01667	250
19.02500	241
19.03333	233
19.04167	223
19.05000	214
19.05833	204
19.06667	194
19.07500	183
19.08333	173
19.09167	162
19.10000	152
19.10833	142
19.11667	131
19.12500	121
19.13333	111
19.14167	101
19.15000	92
19.15833	83
19.16667	74
19.17500	66
19.18333	58
19.19167	51
19.20000	44
19.20833	37
19.21667	31
19.22500	25
19.23333	19
19.24167	15
19.25000	11
19.25833	6
19.26667	2
19.27500	-2
19.28333	-5
19.29167	-7
19.30000	-10
19.30833	-12
19.31667	-15
19.32500	-17
19.33333	-19
19.34167	-21
19.35000	-22
19.35833	-23
19.36667	-24
19.37500	-25
19.38333	-26
19.39167	-26
19.40000	-27
19.40833	-27
19.41667	-28
19.42500	-28
19.43333	-29
19.44167	-29
19.45000	-29
19.45833	-29
19.46667	-29
19.47500	-29
19.48333	-29
19.49167	-29
19.50000	-29
19.50833	-29
19.51667	-30
19.52500	-29
19.53333	-29
19.54167	-29
19.55000	-29
19.55833	-29
19.56667	-29
19.57500	-29
19.58333	-30
19.59167	-30
19.60000	-30
19.60833	-31
19.61667	-31
19.62500	-32
19.63333	-33
19.64167	-34
19.65000	-34
19.65833	-34
19.66667	-35
19.67500	-35
19.68333	-36
19.69167	-36
19.70000	-37
19.70833	-37
19.71667	-38
19.72500	-38
19.73333	-38
19.74167	-39
19.75000	-40
19.75833	-41
19.76667	-41
19.77500	-41
19.78333	-41
19.79167	-42
19.80000	-42
19.80833	-43
19.81667	-43
19.82500	-43
19.83333	-44
19.84167	-44
19.85000	-45
19.85833	-45
19.86667	-46
19.87500	-46
19.88333	-46
19.89167	-46
19.90000	-47
19.90833	-47
19.91667	-48
19.92500	-48
19.93333	-48
19.94167	-49
19.95000	-49
19.95833	-49
19.96667	-49
19.97500	-50
19.98333	-50
19.99167	-50
20.00000	-51
20.00833	-51
20.01667	-50
20.02500	-50
20.03333	-50
20.04167	-51
20.05000	-51
20.05833	-51
20.06667	-51
20.07500	-52
20.08333	-52
20.09167	-53
20.10000	-53
20.10833	-53
20.11667	-53
20.12500	-52
20.13333	-52
20.14167	-53
20.15000	-53
20.15833	-53
20.16667	-53
20.17500	-53
20.18333	-53
20.19167	-53
20.20000	-53
20.20833	-53
20.21667	-52
20.22500	-52
20.23333	-52
20.24167	-51
20.25000	-51
20.25833	-51
20.26667	-51
20.27500	-50
20.28333	-49
20.29167	-49
20.30000	-48
20.30833	-47
20.31667	-46
20.32500	-45
20.33333	-44
20.34167	-43
20.35000	-42
20.35833	-41
20.36667	-40
20.37500	-39
20.38333	-37
20.39167	-35
20.40000	-33
20.40833	-30
20.41667	-28
20.42500	-25
20.43333	-22
20.44167	-19
20.45000	-15
20.45833	-12
20.46667	-8
20.47500	-4
20.48333	0
20.49167	4
20.50000	9
20.50833	14
20.51667	20
20.52500	26
20.53333	32
20.54167	39
20.55000	47
20.55833	56
20.56667	64
20.57500	74
20.58333	85
20.59167	96
20.60000	108
20.60833	121
20.61667	135
20.62500	150
20.63333	166
20.64167	183
20.65000	202
20.65833	222
20.66667	242
20.67500	264
20.68333	288
20.69167	313
20.70000	339
20.70833	367
20.71667	395
20.72500	426
20.73333	458
20.74167	490
20.75000	524
20.75833	559
20.76667	595
20.77500	632
20.78333	669
20.79167	707
20.80000	745
20.80833	783
20.81667	821
20.82500	860
20.83333	898
20.84167	936
20.85000	974
20.85833	1011
20.86667	1047
20.87500	1082
20.88333	1117
20.89167	1151
20.90000	1183
20.90833	1215
20.91667	1246
20.92500	1276
20.93333	1305
20.94167	1333
20.95000	1360
20.95833	1387
20.96667	1413
20.97500	1439
20.98333	1465
20.99167	1490
21.00000	1516
21.00833	1543
21.01667	1570
21.02500	1597
21.03333	1626
21.04167	1657
21.05000	1690
21.05833	1724
21.06667	1761
21.07500	1802
21.08333	1845
21.09167	1893
21.10000	1944
21.10833	2001
21.11667	2063
21.12500	2130
21.13333	2204
21.14167	2285
21.15000	2373
21.15833	2470
21.16667	2575
21.17500	2691
21.18333	2817
21.19167	2953
21.20000	3102
21.20833	3262
21.21667	3436
21.22500	3623
21.23333	3824
21.24167	4039
21.25000	4269
21.25833	4514
21.26667	4774
21.27500	5049
21.28333	5339
21.29167	5642
21.30000	5960
21.30833	6291
21.31667	6634
21.32500	6989
21.33333	7353
21.34167	7726
21.35000	8106
21.35833	8490
21.36667	8878
21.37500	9266
21.38333	9652
21.39167	10035
21.40000	10413
21.40833	10783
21.41667	11141
21.42500	11486
21.43333	11815
21.44167	12126
21.45000	12417
21.45833	12685
21.46667	12928
21.47500	13145
21.48333	13335
21.49167	13495
21.50000	13626
21.50833	13725
21.51667	13793
21.52500	13829
21.53333	13832
21.54167	13804
21.55000	13745
21.55833	13655
21.56667	13535
21.57500	13386
21.58333	13210
21.59167	13009
21.60000	12784
21.60833	12536
21.61667	12267
21.62500	11980
21.63333	11676
21.64167	11358
21.65000	11028
21.65833	10687
21.66667	10338
21.67500	9982
21.68333	9622
21.69167	9259
21.70000	8895
21.70833	8532
21.71667	8171
21.72500	7814
21.73333	7462
21.74167	7116
21.75000	6777
21.75833	6446
21.76667	6123
21.77500	5810
21.78333	5508
21.79167	5215
21.80000	4933
21.80833	4662
21.81667	4402
21.82500	4152
21.83333	3914
21.84167	3687
21.85000	3471
21.85833	3266
21.86667	3071
21.87500	2885
21.88333	2709
21.89167	2543
21.90000	2386
21.90833	2237
21.91667	2097
21.92500	1965
21.93333	1841
21.94167	1724
21.95000	1615
21.95833	1512
21.96667	1415
21.97500	1323
21.98333	1237
21.99167	1157
22.00000	1082
22.00833	1011
22.01667	945
22.02500	884
22.03333	826
22.04167	772
22.05000	722
22.05833	675
22.06667	632
22.07500	592
22.08333	554
22.09167	519
22.10000	487
22.10833	457
22.11667	430
22.12500	404
22.13333	380
22.14167	358
22.15000	338
22.15833	320
22.16667	304
22.17500	289
22.18333	275
22.19167	263
22.20000	252
22.20833	242
22.21667	233
22.22500	225
22.23333	219
22.24167	212
22.25000	207
22.25833	202
22.26667	198
22.27500	194
22.28333	191
22.29167	188
22.30000	185
22.30833	183
22.31667	180
22.32500	178
22.33333	176
22.34167	174
22.35000	172
22.35833	170
22.36667	167
22.37500	165
22.38333	162
22.39167	160
22.40000	157
22.40833	153
22.41667	150
22.42500	146
22.43333	142
22.44167	138
22.45000	134
22.45833	129
22.46667	125
22.47500	120
22.48333	114
22.49167	108
22.50000	102
22.50833	96
22.51667	89
22.52500	82
22.53333	75
22.54167	67
22.55000	60
22.55833	52
22.56667	44
22.57500	36
22.58333	28
22.59167	21
22.60000	13
22.60833	5
22.61667	-3
22.62500	-12
22.63333	-20
22.64167	-28
22.65000	-36
22.65833	-44
22.66667	-52
22.67500	-60
22.68333	-68
22.69167	-75
22.70000	-82
22.70833	-88
22.71667	-95
22.72500	-101
22.73333	-107
22.74167	-113
22.75000	-119
22.75833	-124
22.76667	-129
22.77500	-134
22.78333	-138
22.79167	-142
22.80000	-145
22.80833	-149
22.81667	-151
22.82500	-154
22.83333	-155
22.84167	-157
22.85000	-158
22.85833	-159
22.86667	-160
22.87500	-160
22.88333	-160
22.89167	-160
22.90000	-159
22.90833	-158
22.91667	-157
22.92500	-155
22.93333	-153
22.94167	-151
22.95000	-149
22.95833	-147
22.96667	-145
22.97500	-142
22.98333	-140
22.99167	-137
23.00000	-134
23.00833	-131
23.01667	-128
23.02500	-125
23.03333	-122
23.04167	-119
23.05000	-116
23.05833	-113
23.06667	-111
23.07500	-108
23.08333	-105
23.09167	-103
23.10000	-100
23.10833	-98
23.11667	-96
23.12500	-94
23.13333	-92
23.14167	-90
23.15000	-88
23.15833	-87
23.16667	-86
23.17500	-85
23.18333	-84
23.19167	-83
23.20000	-82
23.20833	-81
23.21667	-80
23.22500	-79
23.23333	-78
23.24167	-77
23.25000	-77
23.25833	-77
23.26667	-77
23.27500	-77
23.28333	-78
23.29167	-78
23.30000	-77
23.30833	-78
23.31667	-78
23.32500	-78
23.33333	-78
23.34167	-78
23.35000	-79
23.35833	-80
23.36667	-80
23.37500	-81
23.38333	-82
23.39167	-82
23.40000	-82
23.40833	-82
23.41667	-83
23.42500	-83
23.43333	-83
23.44167	-84
23.45000	-84
23.45833	-85
23.46667	-85
23.47500	-85
23.48333	-85
23.49167	-86
23.50000	-86
23.50833	-87
23.51667	-87
23.52500	-87
23.53333	-88
23.54167	-88
23.55000	-88
23.55833	-88
23.56667	-88
23.57500	-88
23.58333	-88
23.59167	-88
23.60000	-88
23.60833	-88
23.61667	-87
23.62500	-87
23.63333	-87
23.64167	-86
23.65000	-86
23.65833	-86
23.66667	-86
23.67500	-86
23.68333	-86
23.69167	-85
23.70000	-85
23.70833	-84
23.71667	-84
23.72500	-84
23.73333	-83
23.74167	-83
23.75000	-82
23.75833	-82
23.76667	-81
23.77500	-81
23.78333	-80
23.79167	-79
23.80000	-79
23.80833	-78
23.81667	-77
23.82500	-76
23.83333	-76
23.84167	-75
23.85000	-74
23.85833	-73
23.86667	-72
23.87500	-72
23.88333	-71
23.89167	-71
23.90000	-70
23.90833	-69
23.91667	-69
23.92500	-68
23.93333	-67
23.94167	-67
23.95000	-66
23.95833	-65
23.96667	-64
23.97500	-64
23.98333	-63
23.99167	-63
24.00000	-63
24.00833	-62
24.01667	-62
24.02500	-61
24.03333	-61
24.04167	-60
24.05000	-59
24.05833	-59
24.06667	-58
24.07500	-58
24.08333	-58
24.09167	-58
24.10000	-58
24.10833	-58
24.11667	-58
24.12500	-58
24.13333	-58
24.14167	-58
24.15000	-59
24.15833	-59
24.16667	-60
24.17500	-61
24.18333	-62
24.19167	-62
24.20000	-63
24.20833	-64
24.21667	-66
24.22500	-67
24.23333	-68
24.24167	-69
24.25000	-70
24.25833	-72
24.26667	-73
24.27500	-75
24.28333	-76
24.29167	-77
24.30000	-78
24.30833	-80
24.31667	-82
24.32500	-84
24.33333	-85
24.34167	-86
24.35000	-88
24.35833	-90
24.36667	-91
24.37500	-93
24.38333	-94
24.39167	-95
24.40000	-97
24.40833	-98
24.41667	-99
24.42500	-101
24.43333	-102
24.44167	-104
24.45000	-105
24.45833	-106
24.46667	-108
24.47500	-108
24.48333	-109
24.49167	-110
24.50000	-110
24.50833	-111
24.51667	-111
24.52500	-112
24.53333	-112
24.54167	-113
24.55000	-113
24.55833	-113
24.56667	-113
24.57500	-113
24.58333	-113
24.59167	-113
24.60000	-113
24.60833	-112
24.61667	-111
24.62500	-111
24.63333	-110
24.64167	-110
24.65000	-109
24.65833	-109
24.66667	-108
24.67500	-108
24.68333	-107
24.69167	-106
24.70000	-105
24.70833	-104
24.71667	-104
24.72500	-103
24.73333	-103
24.74167	-102
24.75000	-101
24.75833	-100
24.76667	-99
24.77500	-98
24.78333	-98
24.79167	-97
24.80000	-96
24.80833	-96
24.81667	-95
24.82500	-95
24.83333	-94
24.84167	-93
24.85000	-92
24.85833	-92
24.86667	-91
24.87500	-91
24.88333	-91
24.89167	-90
24.90000	-90
24.90833	-89
24.91667	-88
24.92500	-87
24.93333	-87
24.94167	-87
24.95000	-86
24.95833	-86
24.96667	-85
24.97500	-85
24.98333	-84
24.99167	-83
25.00000	-83
25.00833	-83
25.01667	-83
25.02500	-82
25.03333	-82
25.04167	-82
25.05000	-82
25.05833	-81
25.06667	-81
25.07500	-81
25.08333	-80
25.09167	-80
25.10000	-80
25.10833	-80
25.11667	-80
25.12500	-80
25.13333	-79
25.14167	-79
25.15000	-78
25.15833	-77
25.16667	-77
25.17500	-76
25.18333	-76
25.19167	-76
25.20000	-76
25.20833	-75
25.21667	-75
25.22500	-75
25.23333	-75
25.24167	-74
25.25000	-74
25.25833	-73
25.26667	-72
25.27500	-72
25.28333	-72
25.29167	-72
25.30000	-72
25.30833	-71
25.31667	-70
25.32500	-70
25.33333	-70
25.34167	-69
25.35000	-68
25.35833	-68
25.36667	-67
25.37500	-66
25.38333	-66
25.39167	-65
25.40000	-64
25.40833	-64
25.41667	-63
25.42500	-63
25.43333	-62
25.44167	-62
25.45000	-62
25.45833	-61
25.46667	-60
25.47500	-60
25.48333	-59
25.49167	-58
25.50000	-57
25.50833	-56
25.51667	-55
25.52500	-54
25.53333	-54
25.54167	-53
25.55000	-52
25.55833	-51
25.56667	-50
25.57500	-49
25.58333	-48
25.59167	-47
25.60000	-46
25.60833	-46
25.61667	-45
25.62500	-44
25.63333	-43
25.64167	-42
25.65000	-41
25.65833	-40
25.66667	-38
25.67500	-37
25.68333	-35
25.69167	-34
25.70000	-32
25.70833	-32
25.71667	-31
25.72500	-31
25.73333	-30
25.74167	-29
25.75000	-28
25.75833	-28
25.76667	-27
25.77500	-26
25.78333	-25
25.79167	-24
25.80000	-23
25.80833	-22
25.81667	-21
25.82500	-20
25.83333	-18
25.84167	-17
25.85000	-16
25.85833	-15
25.86667	-13
25.87500	-12
25.88333	-11
25.89167	-9
25.90000	-7
25.90833	-5
25.91667	-4
25.92500	-2
25.93333	1
25.94167	3
25.95000	6
25.95833	8
25.96667	10
25.97500	13
25.98333	16
25.99167	19
26.00000	22
26.00833	26
26.01667	30
26.02500	34
26.03333	38
26.04167	42
26.05000	47
26.05833	52
26.06667	57
26.07500	63
26.08333	69
26.09167	76
26.10000	83
26.10833	90
26.11667	98
26.12500	107
26.13333	115
26.14167	125
26.15000	135
26.15833	145
26.16667	156
26.17500	167
26.18333	179
26.19167	192
26.20000	206
26.20833	220
26.21667	235
26.22500	250
26.23333	267
26.24167	284
26.25000	302
26.25833	320
26.26667	340
26.27500	360
26.28333	381
26.29167	402
26.30000	424
26.30833	446
26.31667	469
26.32500	494
26.33333	518
26.34167	542
26.35000	567
26.35833	592
26.36667	617
26.37500	642
26.38333	667
26.39167	692
26.40000	716
26.40833	740
26.41667	763
26.42500	786
26.43333	808
26.44167	829
26.45000	849
26.45833	869
26.46667	887
26.47500	903
26.48333	918
26.49167	932
26.50000	944
26.50833	954
26.51667	963
26.52500	969
26.53333	974
26.54167	977
26.55000	978
26.55833	978
26.56667	975
26.57500	971
26.58333	965
26.59167	957
26.60000	948
26.60833	937
26.61667	924
26.62500	909
26.63333	894
26.64167	877
26.65000	859
26.65833	840
26.66667	820
26.67500	799
26.68333	777
26.69167	754
26.70000	731
26.70833	707
26.71667	683
26.72500	659
26.73333	635
26.74167	611
26.75000	586
26.75833	562
26.76667	539
26.77500	515
26.78333	492
26.79167	470
26.80000	448
26.80833	425
26.81667	404
26.82500	383
26.83333	363
26.84167	344
26.85000	325
26.85833	306
26.86667	289
26.87500	272
26.88333	256
26.89167	241
26.90000	226
26.90833	212
26.91667	199
26.92500	187
26.93333	175
26.94167	163
26.95000	152
26.95833	142
26.96667	132
26.97500	122
26.98333	114
26.99167	105
27.00000	97
27.00833	90
27.01667	83
27.02500	76
27.03333	70
27.04167	64
27.05000	59
27.05833	54
27.06667	49
27.07500	45
27.08333	40
27.09167	36
27.10000	32
27.10833	28
27.11667	24
27.12500	20
27.13333	17
27.14167	14
27.15000	11
27.15833	9
27.16667	7
27.17500	4
27.18333	2
27.19167	-0
27.20000	-2
27.20833	-3
27.21667	-5
27.22500	-6
27.23333	-8
27.24167	-10
27.25000	-12
27.25833	-13
27.26667	-14
27.27500	-16
27.28333	-17
27.29167	-18
27.30000	-19
27.30833	-20
27.31667	-21
27.32500	-21
27.33333	-22
27.34167	-23
27.35000	-24
27.35833	-25
27.36667	-26
27.37500	-26
27.38333	-27
27.39167	-27
27.40000	-27
27.40833	-28
27.41667	-28
27.42500	-29
27.43333	-30
27.44167	-30
27.45000	-31
27.45833	-32
27.46667	-32
27.47500	-33
27.48333	-33
27.49167	-34
27.50000	-34
27.50833	-35
27.51667	-35
27.52500	-36
27.53333	-37
27.54167	-37
27.55000	-38
27.55833	-38
27.56667	-38
27.57500	-38
27.58333	-39
27.59167	-39
27.60000	-40
27.60833	-40
27.61667	-40
27.62500	-41
27.63333	-41
27.64167	-41
27.65000	-41
27.65833	-41
27.66667	-42
27.67500	-42
27.68333	-43
27.69167	-43
27.70000	-43
27.70833	-43
27.71667	-43
27.72500	-43
27.73333	-43
27.74167	-43
27.75000	-43
27.75833	-43
27.76667	-44
27.77500	-44
27.78333	-44
27.79167	-43
27.80000	-43
27.80833	-43
27.81667	-43
27.82500	-43
27.83333	-43
27.84167	-42
27.85000	-42
27.85833	-42
27.86667	-41
27.87500	-41
27.88333	-40
27.89167	-40
27.90000	-40
27.90833	-40
27.91667	-40
27.92500	-40
27.93333	-40
27.94167	-40
27.95000	-40
27.95833	-40
27.96667	-40
27.97500	-40
27.98333	-41
27.99167	-40
28.00000	-40

