R.Time (min)	Intensity
0.00000	-32
0.00833	-32
0.01667	-1
0.02500	-2
0.03333	-3
0.04167	-3
0.05000	-4
0.05833	-5
0.06667	-6
0.07500	-7
0.08333	-8
0.09167	-8
0.10000	-9
0.10833	-9
0.11667	-10
0.12500	-10
0.13333	-11
0.14167	-11
0.15000	-12
0.15833	-13
0.16667	-14
0.17500	-14
0.18333	-15
0.19167	-16
0.20000	-16
0.20833	-17
0.21667	-18
0.22500	-19
0.23333	-20
0.24167	-21
0.25000	-21
0.25833	-22
0.26667	-23
0.27500	-23
0.28333	-24
0.29167	-25
0.30000	-26
0.30833	-26
0.31667	-27
0.32500	-28
0.33333	-28
0.34167	-28
0.35000	-29
0.35833	-30
0.36667	-30
0.37500	-30
0.38333	-31
0.39167	-31
0.40000	-31
0.40833	-32
0.41667	-32
0.42500	-33
0.43333	-34
0.44167	-34
0.45000	-34
0.45833	-35
0.46667	-35
0.47500	-36
0.48333	-37
0.49167	-37
0.50000	-38
0.50833	-38
0.51667	-39
0.52500	-39
0.53333	-40
0.54167	-40
0.55000	-40
0.55833	-41
0.56667	-41
0.57500	-42
0.58333	-42
0.59167	-42
0.60000	-42
0.60833	-43
0.61667	-43
0.62500	-44
0.63333	-45
0.64167	-45
0.65000	-46
0.65833	-47
0.66667	-48
0.67500	-48
0.68333	-49
0.69167	-49
0.70000	-49
0.70833	-49
0.71667	-50
0.72500	-50
0.73333	-51
0.74167	-51
0.75000	-52
0.75833	-52
0.76667	-53
0.77500	-53
0.78333	-53
0.79167	-54
0.80000	-54
0.80833	-55
0.81667	-55
0.82500	-56
0.83333	-55
0.84167	-55
0.85000	-56
0.85833	-56
0.86667	-56
0.87500	-57
0.88333	-57
0.89167	-58
0.90000	-58
0.90833	-58
0.91667	-58
0.92500	-59
0.93333	-59
0.94167	-59
0.95000	-59
0.95833	-59
0.96667	-59
0.97500	-59
0.98333	-60
0.99167	-60
1.00000	-61
1.00833	-62
1.01667	-63
1.02500	-64
1.03333	-64
1.04167	-65
1.05000	-65
1.05833	-65
1.06667	-64
1.07500	-64
1.08333	-64
1.09167	-64
1.10000	-65
1.10833	-65
1.11667	-66
1.12500	-66
1.13333	-66
1.14167	-67
1.15000	-68
1.15833	-68
1.16667	-69
1.17500	-69
1.18333	-69
1.19167	-70
1.20000	-70
1.20833	-70
1.21667	-71
1.22500	-71
1.23333	-71
1.24167	-72
1.25000	-72
1.25833	-72
1.26667	-72
1.27500	-72
1.28333	-73
1.29167	-73
1.30000	-73
1.30833	-73
1.31667	-74
1.32500	-74
1.33333	-75
1.34167	-75
1.35000	-75
1.35833	-76
1.36667	-76
1.37500	-76
1.38333	-77
1.39167	-77
1.40000	-77
1.40833	-78
1.41667	-78
1.42500	-78
1.43333	-79
1.44167	-79
1.45000	-80
1.45833	-80
1.46667	-80
1.47500	-81
1.48333	-81
1.49167	-81
1.50000	-82
1.50833	-82
1.51667	-82
1.52500	-83
1.53333	-83
1.54167	-84
1.55000	-84
1.55833	-84
1.56667	-85
1.57500	-85
1.58333	-85
1.59167	-85
1.60000	-85
1.60833	-86
1.61667	-86
1.62500	-86
1.63333	-86
1.64167	-86
1.65000	-86
1.65833	-87
1.66667	-87
1.67500	-88
1.68333	-88
1.69167	-88
1.70000	-89
1.70833	-89
1.71667	-90
1.72500	-90
1.73333	-90
1.74167	-91
1.75000	-91
1.75833	-91
1.76667	-92
1.77500	-92
1.78333	-93
1.79167	-93
1.80000	-94
1.80833	-94
1.81667	-95
1.82500	-95
1.83333	-96
1.84167	-97
1.85000	-98
1.85833	-98
1.86667	-99
1.87500	-99
1.88333	-100
1.89167	-100
1.90000	-100
1.90833	-100
1.91667	-100
1.92500	-100
1.93333	-100
1.94167	-101
1.95000	-101
1.95833	-102
1.96667	-103
1.97500	-103
1.98333	-103
1.99167	-104
2.00000	-104
2.00833	-104
2.01667	-104
2.02500	-104
2.03333	-104
2.04167	-105
2.05000	-105
2.05833	-105
2.06667	-106
2.07500	-106
2.08333	-107
2.09167	-107
2.10000	-107
2.10833	-107
2.11667	-107
2.12500	-107
2.13333	-107
2.14167	-107
2.15000	-107
2.15833	-107
2.16667	-107
2.17500	-107
2.18333	-107
2.19167	-108
2.20000	-107
2.20833	-107
2.21667	-107
2.22500	-108
2.23333	-108
2.24167	-108
2.25000	-108
2.25833	-108
2.26667	-109
2.27500	-109
2.28333	-108
2.29167	-108
2.30000	-108
2.30833	-108
2.31667	-108
2.32500	-108
2.33333	-108
2.34167	-109
2.35000	-109
2.35833	-109
2.36667	-109
2.37500	-109
2.38333	-109
2.39167	-108
2.40000	-109
2.40833	-109
2.41667	-109
2.42500	-109
2.43333	-108
2.44167	-108
2.45000	-109
2.45833	-109
2.46667	-109
2.47500	-109
2.48333	-109
2.49167	-109
2.50000	-109
2.50833	-109
2.51667	-110
2.52500	-109
2.53333	-109
2.54167	-110
2.55000	-110
2.55833	-110
2.56667	-110
2.57500	-110
2.58333	-111
2.59167	-111
2.60000	-111
2.60833	-111
2.61667	-111
2.62500	-111
2.63333	-111
2.64167	-111
2.65000	-112
2.65833	-112
2.66667	-112
2.67500	-112
2.68333	-113
2.69167	-113
2.70000	-112
2.70833	-112
2.71667	-112
2.72500	-112
2.73333	-112
2.74167	-112
2.75000	-112
2.75833	-113
2.76667	-113
2.77500	-113
2.78333	-113
2.79167	-113
2.80000	-113
2.80833	-113
2.81667	-114
2.82500	-114
2.83333	-114
2.84167	-114
2.85000	-114
2.85833	-114
2.86667	-114
2.87500	-114
2.88333	-114
2.89167	-114
2.90000	-115
2.90833	-115
2.91667	-115
2.92500	-116
2.93333	-116
2.94167	-116
2.95000	-116
2.95833	-116
2.96667	-115
2.97500	-116
2.98333	-116
2.99167	-116
3.00000	-117
3.00833	-117
3.01667	-117
3.02500	-116
3.03333	-116
3.04167	-116
3.05000	-116
3.05833	-116
3.06667	-117
3.07500	-117
3.08333	-118
3.09167	-118
3.10000	-118
3.10833	-118
3.11667	-117
3.12500	-117
3.13333	-117
3.14167	-118
3.15000	-118
3.15833	-118
3.16667	-118
3.17500	-119
3.18333	-119
3.19167	-119
3.20000	-119
3.20833	-119
3.21667	-120
3.22500	-121
3.23333	-121
3.24167	-121
3.25000	-121
3.25833	-121
3.26667	-121
3.27500	-121
3.28333	-122
3.29167	-122
3.30000	-122
3.30833	-122
3.31667	-122
3.32500	-123
3.33333	-123
3.34167	-123
3.35000	-123
3.35833	-123
3.36667	-124
3.37500	-124
3.38333	-124
3.39167	-124
3.40000	-124
3.40833	-124
3.41667	-124
3.42500	-124
3.43333	-124
3.44167	-124
3.45000	-124
3.45833	-125
3.46667	-124
3.47500	-124
3.48333	-124
3.49167	-124
3.50000	-124
3.50833	-125
3.51667	-125
3.52500	-126
3.53333	-126
3.54167	-126
3.55000	-126
3.55833	-126
3.56667	-127
3.57500	-127
3.58333	-127
3.59167	-127
3.60000	-128
3.60833	-128
3.61667	-128
3.62500	-128
3.63333	-128
3.64167	-128
3.65000	-128
3.65833	-128
3.66667	-128
3.67500	-128
3.68333	-128
3.69167	-128
3.70000	-128
3.70833	-128
3.71667	-128
3.72500	-128
3.73333	-128
3.74167	-128
3.75000	-128
3.75833	-128
3.76667	-128
3.77500	-128
3.78333	-129
3.79167	-129
3.80000	-129
3.80833	-129
3.81667	-129
3.82500	-129
3.83333	-129
3.84167	-129
3.85000	-129
3.85833	-129
3.86667	-129
3.87500	-129
3.88333	-129
3.89167	-130
3.90000	-130
3.90833	-130
3.91667	-130
3.92500	-130
3.93333	-130
3.94167	-130
3.95000	-130
3.95833	-130
3.96667	-130
3.97500	-131
3.98333	-131
3.99167	-131
4.00000	-131
4.00833	-131
4.01667	-131
4.02500	-132
4.03333	-132
4.04167	-132
4.05000	-132
4.05833	-131
4.06667	-131
4.07500	-131
4.08333	-131
4.09167	-131
4.10000	-131
4.10833	-131
4.11667	-131
4.12500	-132
4.13333	-132
4.14167	-131
4.15000	-131
4.15833	-131
4.16667	-131
4.17500	-131
4.18333	-131
4.19167	-131
4.20000	-131
4.20833	-131
4.21667	-131
4.22500	-131
4.23333	-131
4.24167	-131
4.25000	-131
4.25833	-131
4.26667	-130
4.27500	-130
4.28333	-130
4.29167	-130
4.30000	-130
4.30833	-130
4.31667	-130
4.32500	-129
4.33333	-130
4.34167	-130
4.35000	-129
4.35833	-129
4.36667	-129
4.37500	-129
4.38333	-128
4.39167	-128
4.40000	-129
4.40833	-129
4.41667	-129
4.42500	-129
4.43333	-129
4.44167	-129
4.45000	-129
4.45833	-130
4.46667	-130
4.47500	-130
4.48333	-130
4.49167	-130
4.50000	-130
4.50833	-130
4.51667	-129
4.52500	-129
4.53333	-129
4.54167	-129
4.55000	-129
4.55833	-129
4.56667	-129
4.57500	-129
4.58333	-129
4.59167	-129
4.60000	-129
4.60833	-129
4.61667	-129
4.62500	-129
4.63333	-129
4.64167	-130
4.65000	-130
4.65833	-130
4.66667	-130
4.67500	-130
4.68333	-130
4.69167	-130
4.70000	-130
4.70833	-130
4.71667	-130
4.72500	-130
4.73333	-130
4.74167	-130
4.75000	-130
4.75833	-130
4.76667	-130
4.77500	-130
4.78333	-130
4.79167	-129
4.80000	-129
4.80833	-129
4.81667	-129
4.82500	-128
4.83333	-128
4.84167	-129
4.85000	-129
4.85833	-129
4.86667	-130
4.87500	-130
4.88333	-131
4.89167	-131
4.90000	-131
4.90833	-131
4.91667	-130
4.92500	-130
4.93333	-130
4.94167	-130
4.95000	-130
4.95833	-129
4.96667	-129
4.97500	-129
4.98333	-129
4.99167	-129
5.00000	-130
5.00833	-130
5.01667	-130
5.02500	-130
5.03333	-130
5.04167	-130
5.05000	-130
5.05833	-130
5.06667	-130
5.07500	-130
5.08333	-130
5.09167	-131
5.10000	-131
5.10833	-131
5.11667	-131
5.12500	-131
5.13333	-132
5.14167	-132
5.15000	-132
5.15833	-132
5.16667	-131
5.17500	-131
5.18333	-131
5.19167	-131
5.20000	-131
5.20833	-131
5.21667	-131
5.22500	-132
5.23333	-132
5.24167	-132
5.25000	-132
5.25833	-131
5.26667	-132
5.27500	-132
5.28333	-132
5.29167	-132
5.30000	-132
5.30833	-132
5.31667	-131
5.32500	-132
5.33333	-132
5.34167	-132
5.35000	-132
5.35833	-133
5.36667	-133
5.37500	-133
5.38333	-133
5.39167	-133
5.40000	-133
5.40833	-133
5.41667	-133
5.42500	-133
5.43333	-133
5.44167	-133
5.45000	-133
5.45833	-132
5.46667	-132
5.47500	-132
5.48333	-132
5.49167	-132
5.50000	-132
5.50833	-132
5.51667	-132
5.52500	-132
5.53333	-133
5.54167	-133
5.55000	-133
5.55833	-133
5.56667	-133
5.57500	-133
5.58333	-132
5.59167	-132
5.60000	-132
5.60833	-132
5.61667	-132
5.62500	-133
5.63333	-132
5.64167	-132
5.65000	-132
5.65833	-132
5.66667	-132
5.67500	-132
5.68333	-132
5.69167	-132
5.70000	-132
5.70833	-132
5.71667	-132
5.72500	-132
5.73333	-132
5.74167	-132
5.75000	-132
5.75833	-132
5.76667	-132
5.77500	-132
5.78333	-132
5.79167	-132
5.80000	-132
5.80833	-132
5.81667	-132
5.82500	-132
5.83333	-131
5.84167	-131
5.85000	-131
5.85833	-130
5.86667	-130
5.87500	-130
5.88333	-130
5.89167	-129
5.90000	-129
5.90833	-129
5.91667	-129
5.92500	-129
5.93333	-130
5.94167	-130
5.95000	-130
5.95833	-130
5.96667	-130
5.97500	-129
5.98333	-129
5.99167	-129
6.00000	-129
6.00833	-129
6.01667	-129
6.02500	-129
6.03333	-128
6.04167	-128
6.05000	-128
6.05833	-128
6.06667	-128
6.07500	-128
6.08333	-128
6.09167	-128
6.10000	-128
6.10833	-128
6.11667	-128
6.12500	-128
6.13333	-128
6.14167	-128
6.15000	-128
6.15833	-128
6.16667	-128
6.17500	-128
6.18333	-128
6.19167	-128
6.20000	-127
6.20833	-128
6.21667	-128
6.22500	-127
6.23333	-128
6.24167	-128
6.25000	-128
6.25833	-128
6.26667	-128
6.27500	-128
6.28333	-128
6.29167	-128
6.30000	-128
6.30833	-128
6.31667	-128
6.32500	-128
6.33333	-128
6.34167	-128
6.35000	-128
6.35833	-128
6.36667	-128
6.37500	-128
6.38333	-128
6.39167	-128
6.40000	-129
6.40833	-129
6.41667	-129
6.42500	-129
6.43333	-129
6.44167	-129
6.45000	-129
6.45833	-128
6.46667	-129
6.47500	-129
6.48333	-129
6.49167	-129
6.50000	-128
6.50833	-128
6.51667	-128
6.52500	-128
6.53333	-128
6.54167	-127
6.55000	-127
6.55833	-127
6.56667	-126
6.57500	-126
6.58333	-126
6.59167	-126
6.60000	-127
6.60833	-127
6.61667	-127
6.62500	-127
6.63333	-128
6.64167	-128
6.65000	-128
6.65833	-128
6.66667	-128
6.67500	-128
6.68333	-128
6.69167	-128
6.70000	-128
6.70833	-128
6.71667	-128
6.72500	-128
6.73333	-128
6.74167	-128
6.75000	-128
6.75833	-128
6.76667	-128
6.77500	-128
6.78333	-128
6.79167	-127
6.80000	-127
6.80833	-127
6.81667	-127
6.82500	-127
6.83333	-126
6.84167	-126
6.85000	-126
6.85833	-126
6.86667	-126
6.87500	-126
6.88333	-126
6.89167	-126
6.90000	-125
6.90833	-125
6.91667	-124
6.92500	-124
6.93333	-123
6.94167	-123
6.95000	-122
6.95833	-121
6.96667	-121
6.97500	-121
6.98333	-120
6.99167	-120
7.00000	-120
7.00833	-120
7.01667	-119
7.02500	-119
7.03333	-118
7.04167	-118
7.05000	-117
7.05833	-116
7.06667	-115
7.07500	-113
7.08333	-110
7.09167	-108
7.10000	-104
7.10833	-100
7.11667	-95
7.12500	-89
7.13333	-81
7.14167	-72
7.15000	-61
7.15833	-48
7.16667	-33
7.17500	-17
7.18333	1
7.19167	22
7.20000	44
7.20833	68
7.21667	95
7.22500	122
7.23333	152
7.24167	182
7.25000	212
7.25833	241
7.26667	268
7.27500	292
7.28333	311
7.29167	323
7.30000	327
7.30833	322
7.31667	306
7.32500	282
7.33333	254
7.34167	226
7.35000	208
7.35833	211
7.36667	251
7.37500	344
7.38333	509
7.39167	766
7.40000	1134
7.40833	1630
7.41667	2269
7.42500	3062
7.43333	4012
7.44167	5121
7.45000	6378
7.45833	7767
7.46667	9263
7.47500	10828
7.48333	12418
7.49167	13980
7.50000	15454
7.50833	16777
7.51667	17888
7.52500	18735
7.53333	19278
7.54167	19493
7.55000	19377
7.55833	18946
7.56667	18234
7.57500	17289
7.58333	16168
7.59167	14929
7.60000	13630
7.60833	12323
7.61667	11051
7.62500	9846
7.63333	8732
7.64167	7722
7.65000	6822
7.65833	6032
7.66667	5345
7.67500	4754
7.68333	4248
7.69167	3817
7.70000	3450
7.70833	3135
7.71667	2865
7.72500	2632
7.73333	2430
7.74167	2252
7.75000	2096
7.75833	1956
7.76667	1830
7.77500	1717
7.78333	1614
7.79167	1521
7.80000	1434
7.80833	1355
7.81667	1281
7.82500	1212
7.83333	1146
7.84167	1084
7.85000	1024
7.85833	967
7.86667	912
7.87500	859
7.88333	809
7.89167	760
7.90000	714
7.90833	670
7.91667	628
7.92500	589
7.93333	553
7.94167	519
7.95000	488
7.95833	460
7.96667	435
7.97500	412
7.98333	393
7.99167	376
8.00000	362
8.00833	349
8.01667	338
8.02500	328
8.03333	319
8.04167	311
8.05000	303
8.05833	295
8.06667	286
8.07500	278
8.08333	269
8.09167	260
8.10000	251
8.10833	242
8.11667	234
8.12500	225
8.13333	216
8.14167	206
8.15000	197
8.15833	189
8.16667	181
8.17500	174
8.18333	166
8.19167	159
8.20000	153
8.20833	147
8.21667	142
8.22500	138
8.23333	133
8.24167	130
8.25000	126
8.25833	123
8.26667	120
8.27500	118
8.28333	117
8.29167	116
8.30000	114
8.30833	113
8.31667	112
8.32500	111
8.33333	111
8.34167	110
8.35000	110
8.35833	110
8.36667	110
8.37500	109
8.38333	109
8.39167	109
8.40000	108
8.40833	108
8.41667	107
8.42500	106
8.43333	105
8.44167	104
8.45000	103
8.45833	102
8.46667	101
8.47500	99
8.48333	97
8.49167	96
8.50000	94
8.50833	93
8.51667	91
8.52500	90
8.53333	89
8.54167	88
8.55000	87
8.55833	85
8.56667	85
8.57500	84
8.58333	84
8.59167	84
8.60000	85
8.60833	85
8.61667	87
8.62500	89
8.63333	92
8.64167	96
8.65000	101
8.65833	107
8.66667	114
8.67500	122
8.68333	131
8.69167	141
8.70000	151
8.70833	163
8.71667	174
8.72500	186
8.73333	198
8.74167	210
8.75000	221
8.75833	232
8.76667	243
8.77500	252
8.78333	261
8.79167	268
8.80000	274
8.80833	279
8.81667	284
8.82500	289
8.83333	294
8.84167	299
8.85000	305
8.85833	312
8.86667	322
8.87500	334
8.88333	350
8.89167	371
8.90000	397
8.90833	429
8.91667	469
8.92500	517
8.93333	574
8.94167	640
8.95000	715
8.95833	800
8.96667	894
8.97500	997
8.98333	1107
8.99167	1222
9.00000	1343
9.00833	1465
9.01667	1588
9.02500	1707
9.03333	1822
9.04167	1930
9.05000	2028
9.05833	2113
9.06667	2185
9.07500	2241
9.08333	2281
9.09167	2303
9.10000	2309
9.10833	2297
9.11667	2270
9.12500	2228
9.13333	2172
9.14167	2105
9.15000	2027
9.15833	1941
9.16667	1849
9.17500	1753
9.18333	1654
9.19167	1555
9.20000	1456
9.20833	1359
9.21667	1266
9.22500	1176
9.23333	1091
9.24167	1011
9.25000	937
9.25833	869
9.26667	806
9.27500	749
9.28333	698
9.29167	652
9.30000	611
9.30833	575
9.31667	544
9.32500	517
9.33333	494
9.34167	474
9.35000	458
9.35833	446
9.36667	436
9.37500	430
9.38333	428
9.39167	430
9.40000	436
9.40833	447
9.41667	465
9.42500	489
9.43333	522
9.44167	566
9.45000	622
9.45833	694
9.46667	784
9.47500	896
9.48333	1034
9.49167	1204
9.50000	1408
9.50833	1654
9.51667	1946
9.52500	2290
9.53333	2690
9.54167	3149
9.55000	3673
9.55833	4263
9.56667	4919
9.57500	5641
9.58333	6425
9.59167	7267
9.60000	8159
9.60833	9092
9.61667	10055
9.62500	11036
9.63333	12020
9.64167	12993
9.65000	13940
9.65833	14846
9.66667	15696
9.67500	16477
9.68333	17177
9.69167	17785
9.70000	18296
9.70833	18705
9.71667	19009
9.72500	19209
9.73333	19308
9.74167	19314
9.75000	19232
9.75833	19074
9.76667	18849
9.77500	18571
9.78333	18251
9.79167	17903
9.80000	17539
9.80833	17170
9.81667	16808
9.82500	16463
9.83333	16144
9.84167	15859
9.85000	15613
9.85833	15411
9.86667	15258
9.87500	15156
9.88333	15106
9.89167	15109
9.90000	15164
9.90833	15271
9.91667	15428
9.92500	15632
9.93333	15882
9.94167	16173
9.95000	16504
9.95833	16871
9.96667	17271
9.97500	17701
9.98333	18157
9.99167	18637
10.00000	19136
10.00833	19650
10.01667	20177
10.02500	20711
10.03333	21247
10.04167	21776
10.05000	22283
10.05833	22752
10.06667	23157
10.07500	23466
10.08333	23641
10.09167	23645
10.10000	23440
10.10833	22999
10.11667	22309
10.12500	21373
10.13333	20215
10.14167	18872
10.15000	17394
10.15833	15838
10.16667	14259
10.17500	12707
10.18333	11224
10.19167	9841
10.20000	8578
10.20833	7445
10.21667	6445
10.22500	5572
10.23333	4820
10.24167	4176
10.25000	3630
10.25833	3167
10.26667	2778
10.27500	2450
10.28333	2174
10.29167	1941
10.30000	1744
10.30833	1576
10.31667	1433
10.32500	1310
10.33333	1203
10.34167	1109
10.35000	1027
10.35833	955
10.36667	889
10.37500	829
10.38333	776
10.39167	726
10.40000	681
10.40833	640
10.41667	602
10.42500	567
10.43333	534
10.44167	504
10.45000	476
10.45833	451
10.46667	428
10.47500	408
10.48333	389
10.49167	372
10.50000	358
10.50833	346
10.51667	337
10.52500	329
10.53333	323
10.54167	318
10.55000	315
10.55833	314
10.56667	314
10.57500	314
10.58333	314
10.59167	314
10.60000	315
10.60833	315
10.61667	315
10.62500	313
10.63333	311
10.64167	308
10.65000	303
10.65833	298
10.66667	292
10.67500	284
10.68333	275
10.69167	265
10.70000	255
10.70833	243
10.71667	231
10.72500	219
10.73333	208
10.74167	196
10.75000	185
10.75833	174
10.76667	164
10.77500	154
10.78333	145
10.79167	137
10.80000	130
10.80833	124
10.81667	119
10.82500	115
10.83333	112
10.84167	110
10.85000	108
10.85833	106
10.86667	105
10.87500	105
10.88333	104
10.89167	104
10.90000	104
10.90833	103
10.91667	103
10.92500	102
10.93333	101
10.94167	100
10.95000	98
10.95833	96
10.96667	94
10.97500	91
10.98333	88
10.99167	85
11.00000	81
11.00833	77
11.01667	74
11.02500	71
11.03333	68
11.04167	65
11.05000	63
11.05833	60
11.06667	58
11.07500	57
11.08333	55
11.09167	54
11.10000	53
11.10833	54
11.11667	54
11.12500	55
11.13333	56
11.14167	57
11.15000	59
11.15833	61
11.16667	64
11.17500	67
11.18333	70
11.19167	74
11.20000	78
11.20833	82
11.21667	86
11.22500	90
11.23333	95
11.24167	99
11.25000	103
11.25833	107
11.26667	111
11.27500	115
11.28333	118
11.29167	121
11.30000	124
11.30833	126
11.31667	129
11.32500	131
11.33333	132
11.34167	134
11.35000	135
11.35833	135
11.36667	135
11.37500	134
11.38333	133
11.39167	131
11.40000	129
11.40833	127
11.41667	124
11.42500	122
11.43333	119
11.44167	116
11.45000	113
11.45833	110
11.46667	107
11.47500	105
11.48333	102
11.49167	100
11.50000	98
11.50833	96
11.51667	95
11.52500	93
11.53333	93
11.54167	92
11.55000	91
11.55833	90
11.56667	89
11.57500	87
11.58333	87
11.59167	86
11.60000	86
11.60833	86
11.61667	87
11.62500	87
11.63333	87
11.64167	88
11.65000	88
11.65833	89
11.66667	91
11.67500	93
11.68333	95
11.69167	98
11.70000	101
11.70833	104
11.71667	108
11.72500	111
11.73333	114
11.74167	117
11.75000	121
11.75833	123
11.76667	126
11.77500	129
11.78333	131
11.79167	132
11.80000	133
11.80833	133
11.81667	132
11.82500	131
11.83333	129
11.84167	126
11.85000	123
11.85833	119
11.86667	115
11.87500	110
11.88333	105
11.89167	99
11.90000	93
11.90833	87
11.91667	81
11.92500	75
11.93333	69
11.94167	64
11.95000	58
11.95833	53
11.96667	48
11.97500	43
11.98333	38
11.99167	34
12.00000	31
12.00833	27
12.01667	24
12.02500	22
12.03333	20
12.04167	19
12.05000	18
12.05833	16
12.06667	15
12.07500	15
12.08333	14
12.09167	14
12.10000	13
12.10833	13
12.11667	12
12.12500	12
12.13333	13
12.14167	13
12.15000	13
12.15833	13
12.16667	13
12.17500	12
12.18333	12
12.19167	11
12.20000	11
12.20833	10
12.21667	10
12.22500	9
12.23333	8
12.24167	8
12.25000	7
12.25833	6
12.26667	5
12.27500	4
12.28333	3
12.29167	1
12.30000	0
12.30833	-1
12.31667	-3
12.32500	-5
12.33333	-6
12.34167	-8
12.35000	-10
12.35833	-11
12.36667	-13
12.37500	-15
12.38333	-16
12.39167	-18
12.40000	-19
12.40833	-21
12.41667	-22
12.42500	-24
12.43333	-25
12.44167	-27
12.45000	-28
12.45833	-29
12.46667	-30
12.47500	-31
12.48333	-32
12.49167	-33
12.50000	-34
12.50833	-34
12.51667	-35
12.52500	-35
12.53333	-36
12.54167	-36
12.55000	-36
12.55833	-36
12.56667	-36
12.57500	-36
12.58333	-35
12.59167	-34
12.60000	-34
12.60833	-33
12.61667	-33
12.62500	-32
12.63333	-32
12.64167	-31
12.65000	-30
12.65833	-30
12.66667	-29
12.67500	-28
12.68333	-27
12.69167	-27
12.70000	-26
12.70833	-25
12.71667	-24
12.72500	-23
12.73333	-23
12.74167	-22
12.75000	-21
12.75833	-21
12.76667	-20
12.77500	-19
12.78333	-19
12.79167	-19
12.80000	-18
12.80833	-18
12.81667	-18
12.82500	-18
12.83333	-17
12.84167	-16
12.85000	-16
12.85833	-15
12.86667	-15
12.87500	-15
12.88333	-15
12.89167	-14
12.90000	-13
12.90833	-12
12.91667	-11
12.92500	-10
12.93333	-10
12.94167	-8
12.95000	-7
12.95833	-5
12.96667	-4
12.97500	-3
12.98333	-2
12.99167	-1
13.00000	0
13.00833	1
13.01667	3
13.02500	4
13.03333	6
13.04167	7
13.05000	8
13.05833	8
13.06667	9
13.07500	9
13.08333	9
13.09167	9
13.10000	9
13.10833	9
13.11667	9
13.12500	9
13.13333	9
13.14167	8
13.15000	7
13.15833	7
13.16667	6
13.17500	5
13.18333	4
13.19167	3
13.20000	2
13.20833	1
13.21667	-0
13.22500	-1
13.23333	-2
13.24167	-3
13.25000	-4
13.25833	-4
13.26667	-5
13.27500	-5
13.28333	-5
13.29167	-6
13.30000	-6
13.30833	-7
13.31667	-7
13.32500	-7
13.33333	-7
13.34167	-6
13.35000	-6
13.35833	-6
13.36667	-5
13.37500	-4
13.38333	-4
13.39167	-4
13.40000	-4
13.40833	-4
13.41667	-3
13.42500	-2
13.43333	-1
13.44167	-1
13.45000	-0
13.45833	1
13.46667	1
13.47500	2
13.48333	3
13.49167	4
13.50000	5
13.50833	7
13.51667	9
13.52500	11
13.53333	13
13.54167	16
13.55000	18
13.55833	22
13.56667	25
13.57500	30
13.58333	35
13.59167	40
13.60000	46
13.60833	53
13.61667	60
13.62500	68
13.63333	76
13.64167	85
13.65000	94
13.65833	104
13.66667	114
13.67500	124
13.68333	135
13.69167	144
13.70000	154
13.70833	164
13.71667	173
13.72500	182
13.73333	190
13.74167	197
13.75000	204
13.75833	209
13.76667	214
13.77500	219
13.78333	222
13.79167	225
13.80000	228
13.80833	231
13.81667	233
13.82500	235
13.83333	238
13.84167	241
13.85000	243
13.85833	246
13.86667	249
13.87500	252
13.88333	255
13.89167	259
13.90000	263
13.90833	267
13.91667	270
13.92500	274
13.93333	277
13.94167	280
13.95000	282
13.95833	283
13.96667	283
13.97500	283
13.98333	282
13.99167	280
14.00000	276
14.00833	271
14.01667	265
14.02500	259
14.03333	251
14.04167	242
14.05000	233
14.05833	223
14.06667	212
14.07500	202
14.08333	191
14.09167	180
14.10000	169
14.10833	158
14.11667	147
14.12500	136
14.13333	126
14.14167	116
14.15000	107
14.15833	97
14.16667	89
14.17500	81
14.18333	74
14.19167	67
14.20000	61
14.20833	54
14.21667	48
14.22500	43
14.23333	38
14.24167	34
14.25000	31
14.25833	28
14.26667	25
14.27500	22
14.28333	19
14.29167	17
14.30000	15
14.30833	13
14.31667	12
14.32500	11
14.33333	9
14.34167	8
14.35000	8
14.35833	7
14.36667	7
14.37500	7
14.38333	7
14.39167	7
14.40000	6
14.40833	7
14.41667	7
14.42500	8
14.43333	8
14.44167	8
14.45000	9
14.45833	9
14.46667	9
14.47500	9
14.48333	9
14.49167	9
14.50000	9
14.50833	8
14.51667	8
14.52500	7
14.53333	7
14.54167	7
14.55000	7
14.55833	6
14.56667	6
14.57500	5
14.58333	4
14.59167	4
14.60000	3
14.60833	2
14.61667	1
14.62500	0
14.63333	-1
14.64167	-2
14.65000	-3
14.65833	-4
14.66667	-5
14.67500	-6
14.68333	-7
14.69167	-7
14.70000	-9
14.70833	-10
14.71667	-11
14.72500	-13
14.73333	-14
14.74167	-15
14.75000	-16
14.75833	-16
14.76667	-17
14.77500	-18
14.78333	-18
14.79167	-19
14.80000	-19
14.80833	-19
14.81667	-19
14.82500	-19
14.83333	-19
14.84167	-19
14.85000	-19
14.85833	-19
14.86667	-19
14.87500	-19
14.88333	-18
14.89167	-18
14.90000	-17
14.90833	-17
14.91667	-16
14.92500	-15
14.93333	-14
14.94167	-13
14.95000	-12
14.95833	-10
14.96667	-9
14.97500	-7
14.98333	-5
14.99167	-2
15.00000	0
15.00833	3
15.01667	7
15.02500	11
15.03333	15
15.04167	21
15.05000	26
15.05833	33
15.06667	41
15.07500	50
15.08333	60
15.09167	71
15.10000	82
15.10833	95
15.11667	109
15.12500	125
15.13333	142
15.14167	159
15.15000	178
15.15833	198
15.16667	218
15.17500	239
15.18333	261
15.19167	282
15.20000	304
15.20833	325
15.21667	346
15.22500	366
15.23333	385
15.24167	403
15.25000	419
15.25833	433
15.26667	445
15.27500	454
15.28333	461
15.29167	465
15.30000	467
15.30833	466
15.31667	462
15.32500	456
15.33333	448
15.34167	438
15.35000	426
15.35833	412
15.36667	396
15.37500	380
15.38333	362
15.39167	343
15.40000	323
15.40833	303
15.41667	283
15.42500	264
15.43333	244
15.44167	225
15.45000	206
15.45833	188
15.46667	171
15.47500	155
15.48333	139
15.49167	125
15.50000	111
15.50833	99
15.51667	87
15.52500	76
15.53333	66
15.54167	57
15.55000	49
15.55833	41
15.56667	34
15.57500	27
15.58333	22
15.59167	17
15.60000	13
15.60833	9
15.61667	5
15.62500	2
15.63333	0
15.64167	-2
15.65000	-4
15.65833	-6
15.66667	-7
15.67500	-8
15.68333	-8
15.69167	-8
15.70000	-8
15.70833	-8
15.71667	-8
15.72500	-8
15.73333	-7
15.74167	-7
15.75000	-6
15.75833	-6
15.76667	-5
15.77500	-3
15.78333	-1
15.79167	0
15.80000	2
15.80833	3
15.81667	4
15.82500	5
15.83333	7
15.84167	9
15.85000	11
15.85833	13
15.86667	14
15.87500	16
15.88333	19
15.89167	22
15.90000	25
15.90833	28
15.91667	32
15.92500	37
15.93333	41
15.94167	46
15.95000	51
15.95833	57
15.96667	64
15.97500	72
15.98333	80
15.99167	89
16.00000	99
16.00833	109
16.01667	120
16.02500	131
16.03333	143
16.04167	155
16.05000	168
16.05833	180
16.06667	193
16.07500	205
16.08333	217
16.09167	229
16.10000	241
16.10833	251
16.11667	261
16.12500	270
16.13333	277
16.14167	283
16.15000	288
16.15833	292
16.16667	295
16.17500	297
16.18333	297
16.19167	296
16.20000	294
16.20833	291
16.21667	287
16.22500	282
16.23333	277
16.24167	271
16.25000	265
16.25833	259
16.26667	252
16.27500	247
16.28333	241
16.29167	235
16.30000	231
16.30833	227
16.31667	223
16.32500	221
16.33333	219
16.34167	219
16.35000	220
16.35833	222
16.36667	225
16.37500	230
16.38333	236
16.39167	243
16.40000	251
16.40833	261
16.41667	273
16.42500	287
16.43333	302
16.44167	319
16.45000	337
16.45833	358
16.46667	380
16.47500	404
16.48333	429
16.49167	457
16.50000	486
16.50833	516
16.51667	547
16.52500	580
16.53333	614
16.54167	649
16.55000	684
16.55833	719
16.56667	754
16.57500	788
16.58333	822
16.59167	854
16.60000	885
16.60833	913
16.61667	939
16.62500	962
16.63333	982
16.64167	999
16.65000	1012
16.65833	1021
16.66667	1027
16.67500	1028
16.68333	1026
16.69167	1019
16.70000	1009
16.70833	995
16.71667	978
16.72500	957
16.73333	934
16.74167	907
16.75000	878
16.75833	848
16.76667	816
16.77500	782
16.78333	748
16.79167	713
16.80000	678
16.80833	643
16.81667	608
16.82500	574
16.83333	541
16.84167	509
16.85000	477
16.85833	447
16.86667	418
16.87500	391
16.88333	365
16.89167	341
16.90000	319
16.90833	297
16.91667	277
16.92500	258
16.93333	240
16.94167	224
16.95000	208
16.95833	194
16.96667	180
16.97500	168
16.98333	157
16.99167	147
17.00000	137
17.00833	128
17.01667	120
17.02500	112
17.03333	105
17.04167	98
17.05000	92
17.05833	86
17.06667	81
17.07500	76
17.08333	71
17.09167	67
17.10000	63
17.10833	59
17.11667	55
17.12500	52
17.13333	48
17.14167	45
17.15000	42
17.15833	38
17.16667	35
17.17500	33
17.18333	31
17.19167	29
17.20000	27
17.20833	26
17.21667	24
17.22500	23
17.23333	21
17.24167	19
17.25000	18
17.25833	16
17.26667	15
17.27500	14
17.28333	13
17.29167	12
17.30000	11
17.30833	10
17.31667	10
17.32500	9
17.33333	9
17.34167	8
17.35000	7
17.35833	7
17.36667	6
17.37500	6
17.38333	6
17.39167	6
17.40000	6
17.40833	6
17.41667	6
17.42500	6
17.43333	6
17.44167	6
17.45000	6
17.45833	6
17.46667	7
17.47500	8
17.48333	9
17.49167	9
17.50000	10
17.50833	11
17.51667	12
17.52500	13
17.53333	15
17.54167	17
17.55000	18
17.55833	20
17.56667	22
17.57500	24
17.58333	26
17.59167	29
17.60000	32
17.60833	35
17.61667	39
17.62500	42
17.63333	46
17.64167	51
17.65000	55
17.65833	61
17.66667	67
17.67500	73
17.68333	81
17.69167	89
17.70000	98
17.70833	107
17.71667	118
17.72500	129
17.73333	142
17.74167	155
17.75000	171
17.75833	187
17.76667	205
17.77500	224
17.78333	246
17.79167	270
17.80000	297
17.80833	327
17.81667	359
17.82500	395
17.83333	435
17.84167	479
17.85000	527
17.85833	581
17.86667	639
17.87500	703
17.88333	773
17.89167	849
17.90000	932
17.90833	1021
17.91667	1118
17.92500	1223
17.93333	1336
17.94167	1457
17.95000	1586
17.95833	1723
17.96667	1867
17.97500	2018
17.98333	2176
17.99167	2339
18.00000	2507
18.00833	2679
18.01667	2852
18.02500	3027
18.03333	3201
18.04167	3373
18.05000	3542
18.05833	3705
18.06667	3862
18.07500	4010
18.08333	4148
18.09167	4273
18.10000	4386
18.10833	4485
18.11667	4567
18.12500	4632
18.13333	4680
18.14167	4711
18.15000	4724
18.15833	4720
18.16667	4697
18.17500	4658
18.18333	4601
18.19167	4530
18.20000	4443
18.20833	4342
18.21667	4230
18.22500	4107
18.23333	3974
18.24167	3833
18.25000	3686
18.25833	3534
18.26667	3379
18.27500	3223
18.28333	3065
18.29167	2908
18.30000	2753
18.30833	2600
18.31667	2450
18.32500	2305
18.33333	2165
18.34167	2030
18.35000	1901
18.35833	1778
18.36667	1661
18.37500	1550
18.38333	1446
18.39167	1348
18.40000	1256
18.40833	1170
18.41667	1090
18.42500	1016
18.43333	947
18.44167	883
18.45000	823
18.45833	769
18.46667	719
18.47500	673
18.48333	631
18.49167	592
18.50000	556
18.50833	523
18.51667	493
18.52500	465
18.53333	440
18.54167	417
18.55000	396
18.55833	377
18.56667	360
18.57500	344
18.58333	330
18.59167	318
18.60000	307
18.60833	297
18.61667	288
18.62500	280
18.63333	274
18.64167	269
18.65000	264
18.65833	261
18.66667	259
18.67500	258
18.68333	257
18.69167	258
18.70000	259
18.70833	261
18.71667	265
18.72500	269
18.73333	274
18.74167	279
18.75000	285
18.75833	292
18.76667	299
18.77500	307
18.78333	315
18.79167	324
18.80000	333
18.80833	342
18.81667	351
18.82500	360
18.83333	369
18.84167	378
18.85000	387
18.85833	396
18.86667	405
18.87500	413
18.88333	421
18.89167	428
18.90000	433
18.90833	438
18.91667	442
18.92500	446
18.93333	448
18.94167	450
18.95000	450
18.95833	449
18.96667	447
18.97500	445
18.98333	441
18.99167	437
19.00000	431
19.00833	426
19.01667	419
19.02500	411
19.03333	404
19.04167	395
19.05000	386
19.05833	377
19.06667	368
19.07500	359
19.08333	349
19.09167	339
19.10000	330
19.10833	321
19.11667	311
19.12500	302
19.13333	294
19.14167	286
19.15000	278
19.15833	270
19.16667	262
19.17500	255
19.18333	248
19.19167	241
19.20000	235
19.20833	230
19.21667	225
19.22500	221
19.23333	216
19.24167	213
19.25000	209
19.25833	206
19.26667	203
19.27500	200
19.28333	198
19.29167	196
19.30000	194
19.30833	192
19.31667	191
19.32500	190
19.33333	190
19.34167	189
19.35000	189
19.35833	188
19.36667	188
19.37500	188
19.38333	188
19.39167	189
19.40000	189
19.40833	190
19.41667	190
19.42500	191
19.43333	192
19.44167	193
19.45000	193
19.45833	194
19.46667	195
19.47500	196
19.48333	197
19.49167	198
19.50000	199
19.50833	200
19.51667	202
19.52500	202
19.53333	203
19.54167	204
19.55000	204
19.55833	205
19.56667	206
19.57500	207
19.58333	208
19.59167	209
19.60000	210
19.60833	210
19.61667	212
19.62500	213
19.63333	213
19.64167	214
19.65000	214
19.65833	214
19.66667	215
19.67500	216
19.68333	216
19.69167	217
19.70000	217
19.70833	217
19.71667	218
19.72500	219
19.73333	220
19.74167	221
19.75000	221
19.75833	222
19.76667	222
19.77500	223
19.78333	224
19.79167	224
19.80000	225
19.80833	225
19.81667	225
19.82500	226
19.83333	227
19.84167	227
19.85000	228
19.85833	229
19.86667	230
19.87500	231
19.88333	232
19.89167	233
19.90000	234
19.90833	234
19.91667	235
19.92500	235
19.93333	236
19.94167	237
19.95000	237
19.95833	238
19.96667	239
19.97500	239
19.98333	239
19.99167	240
20.00000	240
20.00833	241
20.01667	242
20.02500	242
20.03333	243
20.04167	245
20.05000	246
20.05833	246
20.06667	247
20.07500	248
20.08333	248
20.09167	249
20.10000	250
20.10833	251
20.11667	253
20.12500	253
20.13333	254
20.14167	255
20.15000	256
20.15833	257
20.16667	258
20.17500	259
20.18333	261
20.19167	262
20.20000	264
20.20833	265
20.21667	266
20.22500	267
20.23333	268
20.24167	270
20.25000	271
20.25833	272
20.26667	274
20.27500	276
20.28333	277
20.29167	279
20.30000	281
20.30833	283
20.31667	285
20.32500	287
20.33333	290
20.34167	292
20.35000	294
20.35833	297
20.36667	299
20.37500	301
20.38333	304
20.39167	306
20.40000	309
20.40833	312
20.41667	315
20.42500	319
20.43333	323
20.44167	326
20.45000	331
20.45833	335
20.46667	340
20.47500	344
20.48333	349
20.49167	354
20.50000	360
20.50833	367
20.51667	374
20.52500	381
20.53333	389
20.54167	397
20.55000	405
20.55833	415
20.56667	424
20.57500	434
20.58333	446
20.59167	457
20.60000	470
20.60833	483
20.61667	498
20.62500	514
20.63333	530
20.64167	549
20.65000	568
20.65833	588
20.66667	610
20.67500	633
20.68333	658
20.69167	683
20.70000	709
20.70833	737
20.71667	767
20.72500	797
20.73333	829
20.74167	862
20.75000	896
20.75833	931
20.76667	967
20.77500	1004
20.78333	1041
20.79167	1079
20.80000	1117
20.80833	1155
20.81667	1194
20.82500	1233
20.83333	1272
20.84167	1310
20.85000	1348
20.85833	1386
20.86667	1423
20.87500	1459
20.88333	1495
20.89167	1529
20.90000	1563
20.90833	1596
20.91667	1627
20.92500	1658
20.93333	1689
20.94167	1718
20.95000	1747
20.95833	1774
20.96667	1802
20.97500	1829
20.98333	1856
20.99167	1883
21.00000	1910
21.00833	1938
21.01667	1967
21.02500	1996
21.03333	2026
21.04167	2059
21.05000	2093
21.05833	2129
21.06667	2168
21.07500	2210
21.08333	2255
21.09167	2304
21.10000	2357
21.10833	2415
21.11667	2478
21.12500	2547
21.13333	2623
21.14167	2705
21.15000	2795
21.15833	2892
21.16667	2999
21.17500	3116
21.18333	3242
21.19167	3380
21.20000	3528
21.20833	3689
21.21667	3862
21.22500	4049
21.23333	4250
21.24167	4464
21.25000	4693
21.25833	4936
21.26667	5193
21.27500	5465
21.28333	5751
21.29167	6052
21.30000	6365
21.30833	6691
21.31667	7029
21.32500	7378
21.33333	7736
21.34167	8101
21.35000	8474
21.35833	8851
21.36667	9231
21.37500	9612
21.38333	9992
21.39167	10368
21.40000	10738
21.40833	11099
21.41667	11449
21.42500	11786
21.43333	12108
21.44167	12412
21.45000	12696
21.45833	12958
21.46667	13197
21.47500	13409
21.48333	13595
21.49167	13752
21.50000	13880
21.50833	13977
21.51667	14044
21.52500	14080
21.53333	14085
21.54167	14058
21.55000	14002
21.55833	13915
21.56667	13799
21.57500	13655
21.58333	13485
21.59167	13289
21.60000	13070
21.60833	12829
21.61667	12568
21.62500	12289
21.63333	11994
21.64167	11684
21.65000	11361
21.65833	11028
21.66667	10687
21.67500	10339
21.68333	9986
21.69167	9631
21.70000	9275
21.70833	8919
21.71667	8565
21.72500	8215
21.73333	7870
21.74167	7530
21.75000	7197
21.75833	6871
21.76667	6554
21.77500	6247
21.78333	5948
21.79167	5660
21.80000	5382
21.80833	5115
21.81667	4858
21.82500	4613
21.83333	4379
21.84167	4155
21.85000	3941
21.85833	3738
21.86667	3545
21.87500	3362
21.88333	3189
21.89167	3024
21.90000	2869
21.90833	2722
21.91667	2584
21.92500	2453
21.93333	2330
21.94167	2214
21.95000	2105
21.95833	2003
21.96667	1907
21.97500	1816
21.98333	1731
21.99167	1651
22.00000	1577
22.00833	1507
22.01667	1441
22.02500	1379
22.03333	1321
22.04167	1266
22.05000	1215
22.05833	1168
22.06667	1124
22.07500	1083
22.08333	1044
22.09167	1008
22.10000	975
22.10833	943
22.11667	915
22.12500	888
22.13333	864
22.14167	841
22.15000	820
22.15833	800
22.16667	782
22.17500	766
22.18333	750
22.19167	736
22.20000	723
22.20833	712
22.21667	701
22.22500	692
22.23333	684
22.24167	676
22.25000	669
22.25833	663
22.26667	658
22.27500	653
22.28333	649
22.29167	646
22.30000	643
22.30833	641
22.31667	639
22.32500	637
22.33333	635
22.34167	634
22.35000	633
22.35833	632
22.36667	631
22.37500	630
22.38333	629
22.39167	627
22.40000	626
22.40833	625
22.41667	623
22.42500	621
22.43333	619
22.44167	616
22.45000	614
22.45833	611
22.46667	608
22.47500	605
22.48333	602
22.49167	598
22.50000	594
22.50833	590
22.51667	585
22.52500	580
22.53333	575
22.54167	570
22.55000	565
22.55833	559
22.56667	553
22.57500	546
22.58333	540
22.59167	534
22.60000	528
22.60833	521
22.61667	515
22.62500	508
22.63333	500
22.64167	494
22.65000	487
22.65833	479
22.66667	473
22.67500	466
22.68333	459
22.69167	453
22.70000	447
22.70833	441
22.71667	435
22.72500	430
22.73333	425
22.74167	420
22.75000	415
22.75833	410
22.76667	406
22.77500	402
22.78333	398
22.79167	395
22.80000	392
22.80833	389
22.81667	387
22.82500	385
22.83333	383
22.84167	382
22.85000	381
22.85833	381
22.86667	381
22.87500	380
22.88333	381
22.89167	381
22.90000	382
22.90833	383
22.91667	385
22.92500	386
22.93333	388
22.94167	390
22.95000	392
22.95833	395
22.96667	397
22.97500	400
22.98333	402
22.99167	405
23.00000	408
23.00833	411
23.01667	414
23.02500	417
23.03333	420
23.04167	423
23.05000	425
23.05833	428
23.06667	431
23.07500	433
23.08333	435
23.09167	438
23.10000	440
23.10833	443
23.11667	445
23.12500	447
23.13333	449
23.14167	451
23.15000	453
23.15833	454
23.16667	455
23.17500	456
23.18333	457
23.19167	458
23.20000	459
23.20833	460
23.21667	460
23.22500	460
23.23333	460
23.24167	461
23.25000	461
23.25833	460
23.26667	460
23.27500	460
23.28333	460
23.29167	460
23.30000	459
23.30833	459
23.31667	458
23.32500	458
23.33333	457
23.34167	457
23.35000	456
23.35833	456
23.36667	455
23.37500	455
23.38333	454
23.39167	453
23.40000	453
23.40833	452
23.41667	451
23.42500	450
23.43333	449
23.44167	449
23.45000	448
23.45833	448
23.46667	447
23.47500	447
23.48333	446
23.49167	445
23.50000	445
23.50833	444
23.51667	444
23.52500	444
23.53333	443
23.54167	443
23.55000	442
23.55833	442
23.56667	441
23.57500	441
23.58333	441
23.59167	440
23.60000	440
23.60833	440
23.61667	440
23.62500	440
23.63333	440
23.64167	440
23.65000	441
23.65833	440
23.66667	440
23.67500	439
23.68333	439
23.69167	439
23.70000	439
23.70833	439
23.71667	439
23.72500	438
23.73333	438
23.74167	438
23.75000	438
23.75833	439
23.76667	439
23.77500	439
23.78333	439
23.79167	439
23.80000	439
23.80833	439
23.81667	439
23.82500	439
23.83333	439
23.84167	439
23.85000	439
23.85833	440
23.86667	439
23.87500	439
23.88333	439
23.89167	440
23.90000	440
23.90833	440
23.91667	440
23.92500	440
23.93333	440
23.94167	440
23.95000	440
23.95833	440
23.96667	440
23.97500	440
23.98333	440
23.99167	440
24.00000	440
24.00833	440
24.01667	440
24.02500	440
24.03333	439
24.04167	439
24.05000	439
24.05833	438
24.06667	437
24.07500	437
24.08333	436
24.09167	436
24.10000	435
24.10833	435
24.11667	434
24.12500	434
24.13333	433
24.14167	432
24.15000	431
24.15833	430
24.16667	428
24.17500	426
24.18333	425
24.19167	423
24.20000	422
24.20833	420
24.21667	418
24.22500	417
24.23333	415
24.24167	413
24.25000	411
24.25833	409
24.26667	407
24.27500	405
24.28333	403
24.29167	401
24.30000	399
24.30833	397
24.31667	395
24.32500	393
24.33333	391
24.34167	389
24.35000	387
24.35833	385
24.36667	383
24.37500	381
24.38333	378
24.39167	376
24.40000	374
24.40833	372
24.41667	370
24.42500	368
24.43333	367
24.44167	366
24.45000	364
24.45833	362
24.46667	360
24.47500	359
24.48333	357
24.49167	356
24.50000	355
24.50833	354
24.51667	353
24.52500	352
24.53333	351
24.54167	350
24.55000	349
24.55833	349
24.56667	349
24.57500	348
24.58333	347
24.59167	347
24.60000	346
24.60833	346
24.61667	346
24.62500	346
24.63333	345
24.64167	345
24.65000	345
24.65833	344
24.66667	344
24.67500	344
24.68333	344
24.69167	344
24.70000	343
24.70833	343
24.71667	343
24.72500	343
24.73333	343
24.74167	343
24.75000	343
24.75833	343
24.76667	343
24.77500	342
24.78333	342
24.79167	342
24.80000	342
24.80833	342
24.81667	342
24.82500	341
24.83333	341
24.84167	341
24.85000	341
24.85833	341
24.86667	341
24.87500	340
24.88333	340
24.89167	340
24.90000	339
24.90833	339
24.91667	338
24.92500	338
24.93333	337
24.94167	337
24.95000	337
24.95833	336
24.96667	336
24.97500	336
24.98333	335
24.99167	335
25.00000	334
25.00833	334
25.01667	333
25.02500	333
25.03333	332
25.04167	332
25.05000	331
25.05833	331
25.06667	330
25.07500	330
25.08333	330
25.09167	329
25.10000	329
25.10833	328
25.11667	328
25.12500	327
25.13333	327
25.14167	326
25.15000	325
25.15833	325
25.16667	324
25.17500	324
25.18333	323
25.19167	323
25.20000	322
25.20833	322
25.21667	321
25.22500	321
25.23333	321
25.24167	320
25.25000	320
25.25833	319
25.26667	319
25.27500	318
25.28333	318
25.29167	317
25.30000	317
25.30833	316
25.31667	316
25.32500	315
25.33333	315
25.34167	314
25.35000	314
25.35833	313
25.36667	313
25.37500	312
25.38333	312
25.39167	312
25.40000	311
25.40833	311
25.41667	311
25.42500	311
25.43333	311
25.44167	310
25.45000	310
25.45833	309
25.46667	308
25.47500	308
25.48333	308
25.49167	307
25.50000	307
25.50833	307
25.51667	306
25.52500	306
25.53333	306
25.54167	306
25.55000	306
25.55833	306
25.56667	305
25.57500	305
25.58333	305
25.59167	305
25.60000	305
25.60833	305
25.61667	305
25.62500	305
25.63333	305
25.64167	305
25.65000	305
25.65833	305
25.66667	304
25.67500	304
25.68333	304
25.69167	303
25.70000	303
25.70833	303
25.71667	303
25.72500	302
25.73333	302
25.74167	302
25.75000	301
25.75833	301
25.76667	301
25.77500	301
25.78333	302
25.79167	302
25.80000	302
25.80833	302
25.81667	302
25.82500	302
25.83333	302
25.84167	302
25.85000	302
25.85833	302
25.86667	303
25.87500	303
25.88333	304
25.89167	304
25.90000	305
25.90833	306
25.91667	307
25.92500	308
25.93333	309
25.94167	311
25.95000	313
25.95833	315
25.96667	317
25.97500	320
25.98333	323
25.99167	325
26.00000	328
26.00833	332
26.01667	336
26.02500	339
26.03333	344
26.04167	349
26.05000	354
26.05833	359
26.06667	365
26.07500	372
26.08333	378
26.09167	385
26.10000	394
26.10833	402
26.11667	411
26.12500	421
26.13333	431
26.14167	443
26.15000	455
26.15833	468
26.16667	481
26.17500	496
26.18333	511
26.19167	528
26.20000	545
26.20833	563
26.21667	582
26.22500	602
26.23333	623
26.24167	644
26.25000	667
26.25833	691
26.26667	716
26.27500	741
26.28333	768
26.29167	795
26.30000	824
26.30833	853
26.31667	883
26.32500	914
26.33333	945
26.34167	976
26.35000	1007
26.35833	1039
26.36667	1071
26.37500	1103
26.38333	1135
26.39167	1166
26.40000	1198
26.40833	1229
26.41667	1258
26.42500	1287
26.43333	1315
26.44167	1342
26.45000	1367
26.45833	1391
26.46667	1413
26.47500	1434
26.48333	1453
26.49167	1469
26.50000	1484
26.50833	1496
26.51667	1506
26.52500	1515
26.53333	1520
26.54167	1523
26.55000	1524
26.55833	1523
26.56667	1518
26.57500	1512
26.58333	1504
26.59167	1493
26.60000	1481
26.60833	1466
26.61667	1449
26.62500	1429
26.63333	1408
26.64167	1386
26.65000	1361
26.65833	1336
26.66667	1309
26.67500	1282
26.68333	1254
26.69167	1224
26.70000	1194
26.70833	1163
26.71667	1132
26.72500	1100
26.73333	1068
26.74167	1036
26.75000	1004
26.75833	973
26.76667	942
26.77500	911
26.78333	881
26.79167	851
26.80000	822
26.80833	793
26.81667	765
26.82500	738
26.83333	712
26.84167	687
26.85000	662
26.85833	639
26.86667	616
26.87500	594
26.88333	573
26.89167	553
26.90000	534
26.90833	515
26.91667	498
26.92500	481
26.93333	466
26.94167	451
26.95000	437
26.95833	423
26.96667	410
26.97500	398
26.98333	386
26.99167	375
27.00000	365
27.00833	354
27.01667	345
27.02500	335
27.03333	327
27.04167	319
27.05000	311
27.05833	304
27.06667	297
27.07500	291
27.08333	285
27.09167	280
27.10000	274
27.10833	269
27.11667	264
27.12500	259
27.13333	254
27.14167	250
27.15000	246
27.15833	241
27.16667	237
27.17500	233
27.18333	230
27.19167	227
27.20000	224
27.20833	221
27.21667	218
27.22500	215
27.23333	212
27.24167	209
27.25000	206
27.25833	204
27.26667	201
27.27500	199
27.28333	197
27.29167	194
27.30000	192
27.30833	189
27.31667	186
27.32500	184
27.33333	182
27.34167	180
27.35000	178
27.35833	176
27.36667	175
27.37500	173
27.38333	171
27.39167	170
27.40000	168
27.40833	166
27.41667	164
27.42500	163
27.43333	161
27.44167	160
27.45000	158
27.45833	157
27.46667	156
27.47500	154
27.48333	153
27.49167	152
27.50000	150
27.50833	148
27.51667	147
27.52500	145
27.53333	144
27.54167	143
27.55000	142
27.55833	141
27.56667	140
27.57500	138
27.58333	137
27.59167	135
27.60000	134
27.60833	133
27.61667	132
27.62500	130
27.63333	129
27.64167	128
27.65000	127
27.65833	126
27.66667	126
27.67500	124
27.68333	123
27.69167	123
27.70000	122
27.70833	121
27.71667	120
27.72500	119
27.73333	118
27.74167	117
27.75000	116
27.75833	116
27.76667	115
27.77500	114
27.78333	113
27.79167	112
27.80000	111
27.80833	111
27.81667	110
27.82500	109
27.83333	108
27.84167	107
27.85000	106
27.85833	106
27.86667	105
27.87500	104
27.88333	104
27.89167	103
27.90000	102
27.90833	101
27.91667	100
27.92500	99
27.93333	98
27.94167	97
27.95000	97
27.95833	96
27.96667	95
27.97500	95
27.98333	94
27.99167	94
28.00000	93

