R.Time (min)	Intensity
0.00000	-19
0.00833	-19
0.01667	-0
0.02500	-1
0.03333	-1
0.04167	-1
0.05000	-2
0.05833	-3
0.06667	-4
0.07500	-5
0.08333	-5
0.09167	-5
0.10000	-5
0.10833	-5
0.11667	-5
0.12500	-5
0.13333	-6
0.14167	-6
0.15000	-7
0.15833	-7
0.16667	-8
0.17500	-9
0.18333	-10
0.19167	-11
0.20000	-11
0.20833	-12
0.21667	-12
0.22500	-13
0.23333	-13
0.24167	-13
0.25000	-14
0.25833	-14
0.26667	-14
0.27500	-15
0.28333	-16
0.29167	-17
0.30000	-17
0.30833	-18
0.31667	-18
0.32500	-19
0.33333	-20
0.34167	-20
0.35000	-21
0.35833	-21
0.36667	-22
0.37500	-23
0.38333	-23
0.39167	-24
0.40000	-25
0.40833	-25
0.41667	-26
0.42500	-27
0.43333	-27
0.44167	-28
0.45000	-28
0.45833	-28
0.46667	-29
0.47500	-29
0.48333	-30
0.49167	-30
0.50000	-30
0.50833	-31
0.51667	-31
0.52500	-32
0.53333	-32
0.54167	-32
0.55000	-33
0.55833	-34
0.56667	-34
0.57500	-35
0.58333	-36
0.59167	-36
0.60000	-37
0.60833	-37
0.61667	-38
0.62500	-38
0.63333	-38
0.64167	-38
0.65000	-39
0.65833	-39
0.66667	-39
0.67500	-40
0.68333	-40
0.69167	-41
0.70000	-41
0.70833	-42
0.71667	-43
0.72500	-43
0.73333	-43
0.74167	-44
0.75000	-44
0.75833	-44
0.76667	-45
0.77500	-45
0.78333	-46
0.79167	-46
0.80000	-47
0.80833	-48
0.81667	-48
0.82500	-48
0.83333	-49
0.84167	-50
0.85000	-51
0.85833	-51
0.86667	-52
0.87500	-52
0.88333	-52
0.89167	-53
0.90000	-53
0.90833	-54
0.91667	-55
0.92500	-56
0.93333	-57
0.94167	-58
0.95000	-59
0.95833	-60
0.96667	-60
0.97500	-60
0.98333	-61
0.99167	-61
1.00000	-61
1.00833	-62
1.01667	-62
1.02500	-63
1.03333	-63
1.04167	-64
1.05000	-64
1.05833	-65
1.06667	-65
1.07500	-66
1.08333	-67
1.09167	-67
1.10000	-68
1.10833	-68
1.11667	-68
1.12500	-69
1.13333	-69
1.14167	-69
1.15000	-69
1.15833	-69
1.16667	-69
1.17500	-69
1.18333	-70
1.19167	-70
1.20000	-70
1.20833	-71
1.21667	-71
1.22500	-71
1.23333	-71
1.24167	-71
1.25000	-72
1.25833	-72
1.26667	-72
1.27500	-72
1.28333	-73
1.29167	-73
1.30000	-73
1.30833	-73
1.31667	-74
1.32500	-74
1.33333	-75
1.34167	-75
1.35000	-76
1.35833	-76
1.36667	-77
1.37500	-78
1.38333	-78
1.39167	-78
1.40000	-78
1.40833	-78
1.41667	-78
1.42500	-79
1.43333	-79
1.44167	-80
1.45000	-81
1.45833	-81
1.46667	-82
1.47500	-82
1.48333	-83
1.49167	-83
1.50000	-83
1.50833	-84
1.51667	-84
1.52500	-84
1.53333	-84
1.54167	-84
1.55000	-84
1.55833	-84
1.56667	-85
1.57500	-85
1.58333	-85
1.59167	-85
1.60000	-86
1.60833	-86
1.61667	-86
1.62500	-87
1.63333	-87
1.64167	-87
1.65000	-88
1.65833	-88
1.66667	-89
1.67500	-89
1.68333	-89
1.69167	-89
1.70000	-89
1.70833	-89
1.71667	-89
1.72500	-89
1.73333	-89
1.74167	-90
1.75000	-90
1.75833	-90
1.76667	-90
1.77500	-90
1.78333	-91
1.79167	-91
1.80000	-91
1.80833	-92
1.81667	-92
1.82500	-92
1.83333	-92
1.84167	-92
1.85000	-92
1.85833	-92
1.86667	-92
1.87500	-92
1.88333	-93
1.89167	-92
1.90000	-92
1.90833	-93
1.91667	-93
1.92500	-93
1.93333	-93
1.94167	-93
1.95000	-94
1.95833	-94
1.96667	-94
1.97500	-93
1.98333	-93
1.99167	-93
2.00000	-93
2.00833	-92
2.01667	-93
2.02500	-93
2.03333	-93
2.04167	-93
2.05000	-93
2.05833	-93
2.06667	-93
2.07500	-93
2.08333	-93
2.09167	-93
2.10000	-93
2.10833	-93
2.11667	-93
2.12500	-93
2.13333	-93
2.14167	-92
2.15000	-92
2.15833	-92
2.16667	-92
2.17500	-91
2.18333	-90
2.19167	-90
2.20000	-89
2.20833	-89
2.21667	-88
2.22500	-87
2.23333	-85
2.24167	-85
2.25000	-84
2.25833	-83
2.26667	-81
2.27500	-80
2.28333	-78
2.29167	-77
2.30000	-75
2.30833	-73
2.31667	-71
2.32500	-70
2.33333	-67
2.34167	-65
2.35000	-62
2.35833	-59
2.36667	-56
2.37500	-52
2.38333	-48
2.39167	-44
2.40000	-40
2.40833	-36
2.41667	-32
2.42500	-27
2.43333	-22
2.44167	-17
2.45000	-11
2.45833	-5
2.46667	1
2.47500	7
2.48333	15
2.49167	22
2.50000	31
2.50833	39
2.51667	48
2.52500	58
2.53333	68
2.54167	79
2.55000	91
2.55833	103
2.56667	115
2.57500	129
2.58333	143
2.59167	158
2.60000	174
2.60833	191
2.61667	208
2.62500	226
2.63333	246
2.64167	266
2.65000	288
2.65833	310
2.66667	334
2.67500	359
2.68333	386
2.69167	414
2.70000	443
2.70833	474
2.71667	506
2.72500	539
2.73333	575
2.74167	612
2.75000	652
2.75833	694
2.76667	738
2.77500	785
2.78333	834
2.79167	885
2.80000	939
2.80833	995
2.81667	1055
2.82500	1117
2.83333	1183
2.84167	1252
2.85000	1325
2.85833	1401
2.86667	1482
2.87500	1566
2.88333	1654
2.89167	1747
2.90000	1844
2.90833	1946
2.91667	2052
2.92500	2163
2.93333	2279
2.94167	2399
2.95000	2525
2.95833	2656
2.96667	2791
2.97500	2932
2.98333	3079
2.99167	3230
3.00000	3387
3.00833	3548
3.01667	3715
3.02500	3886
3.03333	4062
3.04167	4242
3.05000	4427
3.05833	4615
3.06667	4807
3.07500	5002
3.08333	5200
3.09167	5400
3.10000	5602
3.10833	5805
3.11667	6009
3.12500	6214
3.13333	6418
3.14167	6622
3.15000	6823
3.15833	7022
3.16667	7218
3.17500	7411
3.18333	7599
3.19167	7783
3.20000	7961
3.20833	8132
3.21667	8297
3.22500	8453
3.23333	8602
3.24167	8741
3.25000	8871
3.25833	8991
3.26667	9100
3.27500	9198
3.28333	9284
3.29167	9358
3.30000	9420
3.30833	9470
3.31667	9507
3.32500	9532
3.33333	9544
3.34167	9543
3.35000	9529
3.35833	9503
3.36667	9464
3.37500	9412
3.38333	9348
3.39167	9273
3.40000	9186
3.40833	9088
3.41667	8978
3.42500	8859
3.43333	8730
3.44167	8592
3.45000	8446
3.45833	8291
3.46667	8129
3.47500	7960
3.48333	7786
3.49167	7606
3.50000	7421
3.50833	7231
3.51667	7039
3.52500	6843
3.53333	6645
3.54167	6445
3.55000	6244
3.55833	6043
3.56667	5841
3.57500	5640
3.58333	5440
3.59167	5241
3.60000	5045
3.60833	4850
3.61667	4659
3.62500	4470
3.63333	4284
3.64167	4102
3.65000	3925
3.65833	3751
3.66667	3582
3.67500	3418
3.68333	3258
3.69167	3103
3.70000	2952
3.70833	2807
3.71667	2667
3.72500	2532
3.73333	2402
3.74167	2277
3.75000	2156
3.75833	2041
3.76667	1931
3.77500	1826
3.78333	1726
3.79167	1631
3.80000	1540
3.80833	1453
3.81667	1370
3.82500	1291
3.83333	1216
3.84167	1146
3.85000	1079
3.85833	1016
3.86667	956
3.87500	900
3.88333	846
3.89167	796
3.90000	748
3.90833	704
3.91667	662
3.92500	623
3.93333	586
3.94167	551
3.95000	518
3.95833	487
3.96667	458
3.97500	431
3.98333	405
3.99167	381
4.00000	359
4.00833	338
4.01667	318
4.02500	299
4.03333	282
4.04167	266
4.05000	250
4.05833	235
4.06667	221
4.07500	208
4.08333	195
4.09167	183
4.10000	171
4.10833	160
4.11667	150
4.12500	140
4.13333	131
4.14167	122
4.15000	112
4.15833	104
4.16667	96
4.17500	89
4.18333	82
4.19167	75
4.20000	68
4.20833	61
4.21667	54
4.22500	48
4.23333	42
4.24167	35
4.25000	30
4.25833	24
4.26667	18
4.27500	13
4.28333	7
4.29167	2
4.30000	-3
4.30833	-7
4.31667	-12
4.32500	-16
4.33333	-21
4.34167	-25
4.35000	-29
4.35833	-32
4.36667	-36
4.37500	-40
4.38333	-44
4.39167	-47
4.40000	-51
4.40833	-54
4.41667	-56
4.42500	-59
4.43333	-62
4.44167	-64
4.45000	-67
4.45833	-69
4.46667	-71
4.47500	-73
4.48333	-75
4.49167	-77
4.50000	-78
4.50833	-79
4.51667	-81
4.52500	-82
4.53333	-83
4.54167	-84
4.55000	-85
4.55833	-86
4.56667	-86
4.57500	-86
4.58333	-87
4.59167	-87
4.60000	-87
4.60833	-87
4.61667	-88
4.62500	-88
4.63333	-88
4.64167	-88
4.65000	-89
4.65833	-88
4.66667	-87
4.67500	-86
4.68333	-86
4.69167	-85
4.70000	-85
4.70833	-84
4.71667	-83
4.72500	-83
4.73333	-82
4.74167	-81
4.75000	-80
4.75833	-80
4.76667	-79
4.77500	-78
4.78333	-77
4.79167	-76
4.80000	-75
4.80833	-74
4.81667	-74
4.82500	-73
4.83333	-73
4.84167	-72
4.85000	-72
4.85833	-71
4.86667	-70
4.87500	-69
4.88333	-68
4.89167	-67
4.90000	-67
4.90833	-66
4.91667	-65
4.92500	-65
4.93333	-64
4.94167	-64
4.95000	-64
4.95833	-64
4.96667	-63
4.97500	-63
4.98333	-63
4.99167	-62
5.00000	-62
5.00833	-62
5.01667	-62
5.02500	-62
5.03333	-61
5.04167	-61
5.05000	-61
5.05833	-61
5.06667	-61
5.07500	-61
5.08333	-61
5.09167	-61
5.10000	-61
5.10833	-62
5.11667	-62
5.12500	-63
5.13333	-63
5.14167	-63
5.15000	-64
5.15833	-64
5.16667	-65
5.17500	-65
5.18333	-65
5.19167	-65
5.20000	-66
5.20833	-67
5.21667	-67
5.22500	-68
5.23333	-69
5.24167	-70
5.25000	-70
5.25833	-71
5.26667	-71
5.27500	-71
5.28333	-71
5.29167	-71
5.30000	-72
5.30833	-73
5.31667	-73
5.32500	-74
5.33333	-74
5.34167	-75
5.35000	-76
5.35833	-77
5.36667	-78
5.37500	-79
5.38333	-79
5.39167	-80
5.40000	-81
5.40833	-82
5.41667	-82
5.42500	-83
5.43333	-83
5.44167	-84
5.45000	-85
5.45833	-86
5.46667	-87
5.47500	-88
5.48333	-88
5.49167	-89
5.50000	-89
5.50833	-90
5.51667	-91
5.52500	-91
5.53333	-92
5.54167	-93
5.55000	-93
5.55833	-94
5.56667	-95
5.57500	-95
5.58333	-96
5.59167	-97
5.60000	-97
5.60833	-98
5.61667	-99
5.62500	-99
5.63333	-99
5.64167	-100
5.65000	-100
5.65833	-101
5.66667	-102
5.67500	-102
5.68333	-103
5.69167	-104
5.70000	-104
5.70833	-104
5.71667	-105
5.72500	-105
5.73333	-106
5.74167	-106
5.75000	-107
5.75833	-108
5.76667	-109
5.77500	-110
5.78333	-111
5.79167	-111
5.80000	-111
5.80833	-111
5.81667	-112
5.82500	-112
5.83333	-112
5.84167	-112
5.85000	-113
5.85833	-113
5.86667	-114
5.87500	-114
5.88333	-114
5.89167	-115
5.90000	-115
5.90833	-115
5.91667	-115
5.92500	-116
5.93333	-116
5.94167	-116
5.95000	-117
5.95833	-117
5.96667	-117
5.97500	-117
5.98333	-117
5.99167	-117
6.00000	-117
6.00833	-117
6.01667	-117
6.02500	-117
6.03333	-117
6.04167	-117
6.05000	-117
6.05833	-117
6.06667	-117
6.07500	-117
6.08333	-117
6.09167	-117
6.10000	-117
6.10833	-117
6.11667	-117
6.12500	-118
6.13333	-118
6.14167	-118
6.15000	-118
6.15833	-118
6.16667	-118
6.17500	-118
6.18333	-118
6.19167	-117
6.20000	-117
6.20833	-117
6.21667	-117
6.22500	-117
6.23333	-117
6.24167	-117
6.25000	-117
6.25833	-117
6.26667	-117
6.27500	-117
6.28333	-117
6.29167	-117
6.30000	-117
6.30833	-117
6.31667	-117
6.32500	-117
6.33333	-117
6.34167	-117
6.35000	-116
6.35833	-117
6.36667	-117
6.37500	-117
6.38333	-117
6.39167	-116
6.40000	-116
6.40833	-116
6.41667	-116
6.42500	-116
6.43333	-116
6.44167	-115
6.45000	-115
6.45833	-115
6.46667	-115
6.47500	-115
6.48333	-116
6.49167	-116
6.50000	-116
6.50833	-116
6.51667	-116
6.52500	-117
6.53333	-116
6.54167	-116
6.55000	-116
6.55833	-116
6.56667	-116
6.57500	-116
6.58333	-116
6.59167	-116
6.60000	-116
6.60833	-116
6.61667	-116
6.62500	-116
6.63333	-117
6.64167	-117
6.65000	-117
6.65833	-117
6.66667	-117
6.67500	-117
6.68333	-117
6.69167	-118
6.70000	-118
6.70833	-118
6.71667	-118
6.72500	-118
6.73333	-118
6.74167	-118
6.75000	-118
6.75833	-118
6.76667	-118
6.77500	-119
6.78333	-119
6.79167	-119
6.80000	-119
6.80833	-118
6.81667	-118
6.82500	-119
6.83333	-119
6.84167	-119
6.85000	-120
6.85833	-120
6.86667	-120
6.87500	-120
6.88333	-120
6.89167	-120
6.90000	-119
6.90833	-119
6.91667	-119
6.92500	-119
6.93333	-119
6.94167	-119
6.95000	-118
6.95833	-118
6.96667	-119
6.97500	-119
6.98333	-119
6.99167	-119
7.00000	-119
7.00833	-118
7.01667	-118
7.02500	-118
7.03333	-118
7.04167	-117
7.05000	-116
7.05833	-116
7.06667	-115
7.07500	-113
7.08333	-112
7.09167	-109
7.10000	-107
7.10833	-103
7.11667	-99
7.12500	-93
7.13333	-86
7.14167	-77
7.15000	-66
7.15833	-54
7.16667	-39
7.17500	-23
7.18333	-4
7.19167	16
7.20000	39
7.20833	63
7.21667	91
7.22500	119
7.23333	150
7.24167	182
7.25000	214
7.25833	246
7.26667	277
7.27500	304
7.28333	326
7.29167	342
7.30000	351
7.30833	350
7.31667	339
7.32500	320
7.33333	294
7.34167	269
7.35000	250
7.35833	249
7.36667	281
7.37500	362
7.38333	509
7.39167	743
7.40000	1083
7.40833	1547
7.41667	2149
7.42500	2903
7.43333	3814
7.44167	4884
7.45000	6105
7.45833	7464
7.46667	8936
7.47500	10489
7.48333	12079
7.49167	13656
7.50000	15161
7.50833	16532
7.51667	17707
7.52500	18631
7.53333	19259
7.54167	19563
7.55000	19535
7.55833	19184
7.56667	18542
7.57500	17652
7.58333	16568
7.59167	15349
7.60000	14054
7.60833	12738
7.61667	11446
7.62500	10212
7.63333	9065
7.64167	8019
7.65000	7083
7.65833	6259
7.66667	5541
7.67500	4921
7.68333	4390
7.69167	3936
7.70000	3550
7.70833	3220
7.71667	2937
7.72500	2694
7.73333	2482
7.74167	2297
7.75000	2135
7.75833	1990
7.76667	1861
7.77500	1744
7.78333	1638
7.79167	1542
7.80000	1453
7.80833	1371
7.81667	1295
7.82500	1224
7.83333	1156
7.84167	1092
7.85000	1032
7.85833	975
7.86667	919
7.87500	866
7.88333	814
7.89167	765
7.90000	718
7.90833	673
7.91667	631
7.92500	592
7.93333	556
7.94167	522
7.95000	491
7.95833	463
7.96667	438
7.97500	415
7.98333	395
7.99167	377
8.00000	361
8.00833	348
8.01667	335
8.02500	325
8.03333	315
8.04167	306
8.05000	297
8.05833	289
8.06667	281
8.07500	273
8.08333	265
8.09167	256
8.10000	248
8.10833	239
8.11667	230
8.12500	221
8.13333	212
8.14167	203
8.15000	195
8.15833	187
8.16667	179
8.17500	171
8.18333	163
8.19167	157
8.20000	151
8.20833	145
8.21667	140
8.22500	136
8.23333	131
8.24167	128
8.25000	124
8.25833	121
8.26667	118
8.27500	116
8.28333	114
8.29167	113
8.30000	112
8.30833	111
8.31667	110
8.32500	109
8.33333	108
8.34167	107
8.35000	106
8.35833	106
8.36667	106
8.37500	105
8.38333	105
8.39167	104
8.40000	103
8.40833	102
8.41667	101
8.42500	100
8.43333	99
8.44167	98
8.45000	96
8.45833	95
8.46667	94
8.47500	92
8.48333	91
8.49167	89
8.50000	88
8.50833	86
8.51667	85
8.52500	83
8.53333	82
8.54167	81
8.55000	80
8.55833	79
8.56667	78
8.57500	78
8.58333	78
8.59167	78
8.60000	79
8.60833	80
8.61667	82
8.62500	84
8.63333	88
8.64167	92
8.65000	98
8.65833	104
8.66667	111
8.67500	119
8.68333	129
8.69167	140
8.70000	151
8.70833	164
8.71667	177
8.72500	191
8.73333	205
8.74167	218
8.75000	231
8.75833	244
8.76667	255
8.77500	266
8.78333	275
8.79167	283
8.80000	290
8.80833	296
8.81667	301
8.82500	305
8.83333	309
8.84167	314
8.85000	319
8.85833	325
8.86667	333
8.87500	344
8.88333	359
8.89167	378
8.90000	402
8.90833	432
8.91667	470
8.92500	515
8.93333	569
8.94167	632
8.95000	705
8.95833	788
8.96667	879
8.97500	980
8.98333	1089
8.99167	1204
9.00000	1323
9.00833	1446
9.01667	1569
9.02500	1690
9.03333	1806
9.04167	1916
9.05000	2016
9.05833	2105
9.06667	2180
9.07500	2240
9.08333	2284
9.09167	2311
9.10000	2321
9.10833	2314
9.11667	2291
9.12500	2253
9.13333	2200
9.14167	2135
9.15000	2060
9.15833	1976
9.16667	1885
9.17500	1790
9.18333	1692
9.19167	1593
9.20000	1494
9.20833	1397
9.21667	1303
9.22500	1213
9.23333	1127
9.24167	1046
9.25000	972
9.25833	903
9.26667	840
9.27500	782
9.28333	730
9.29167	683
9.30000	642
9.30833	605
9.31667	574
9.32500	546
9.33333	523
9.34167	504
9.35000	488
9.35833	476
9.36667	467
9.37500	462
9.38333	461
9.39167	463
9.40000	470
9.40833	481
9.41667	499
9.42500	523
9.43333	556
9.44167	599
9.45000	654
9.45833	723
9.46667	810
9.47500	919
9.48333	1053
9.49167	1217
9.50000	1415
9.50833	1653
9.51667	1935
9.52500	2268
9.53333	2656
9.54167	3103
9.55000	3614
9.55833	4190
9.56667	4833
9.57500	5542
9.58333	6314
9.59167	7144
9.60000	8027
9.60833	8953
9.61667	9912
9.62500	10891
9.63333	11878
9.64167	12857
9.65000	13814
9.65833	14734
9.66667	15600
9.67500	16400
9.68333	17122
9.69167	17756
9.70000	18292
9.70833	18727
9.71667	19057
9.72500	19283
9.73333	19407
9.74167	19435
9.75000	19373
9.75833	19232
9.76667	19022
9.77500	18754
9.78333	18443
9.79167	18099
9.80000	17736
9.80833	17366
9.81667	17000
9.82500	16648
9.83333	16320
9.84167	16023
9.85000	15764
9.85833	15549
9.86667	15381
9.87500	15263
9.88333	15198
9.89167	15185
9.90000	15225
9.90833	15316
9.91667	15458
9.92500	15648
9.93333	15884
9.94167	16163
9.95000	16482
9.95833	16838
9.96667	17229
9.97500	17650
9.98333	18098
9.99167	18570
10.00000	19062
10.00833	19572
10.01667	20096
10.02500	20628
10.03333	21163
10.04167	21693
10.05000	22208
10.05833	22691
10.06667	23118
10.07500	23460
10.08333	23681
10.09167	23741
10.10000	23604
10.10833	23237
10.11667	22623
10.12500	21759
10.13333	20663
10.14167	19369
10.15000	17924
10.15833	16382
10.16667	14800
10.17500	13232
10.18333	11720
10.19167	10300
10.20000	8994
10.20833	7817
10.21667	6773
10.22500	5858
10.23333	5067
10.24167	4388
10.25000	3810
10.25833	3321
10.26667	2908
10.27500	2560
10.28333	2267
10.29167	2020
10.30000	1811
10.30833	1634
10.31667	1483
10.32500	1353
10.33333	1241
10.34167	1143
10.35000	1057
10.35833	980
10.36667	912
10.37500	850
10.38333	795
10.39167	744
10.40000	697
10.40833	654
10.41667	614
10.42500	577
10.43333	544
10.44167	512
10.45000	484
10.45833	457
10.46667	434
10.47500	412
10.48333	393
10.49167	377
10.50000	362
10.50833	349
10.51667	338
10.52500	330
10.53333	323
10.54167	319
10.55000	315
10.55833	313
10.56667	312
10.57500	312
10.58333	313
10.59167	313
10.60000	314
10.60833	314
10.61667	314
10.62500	313
10.63333	311
10.64167	308
10.65000	304
10.65833	300
10.66667	293
10.67500	286
10.68333	277
10.69167	268
10.70000	257
10.70833	246
10.71667	234
10.72500	222
10.73333	209
10.74167	197
10.75000	185
10.75833	173
10.76667	161
10.77500	151
10.78333	141
10.79167	132
10.80000	124
10.80833	117
10.81667	110
10.82500	105
10.83333	100
10.84167	96
10.85000	93
10.85833	91
10.86667	89
10.87500	87
10.88333	85
10.89167	84
10.90000	83
10.90833	82
10.91667	81
10.92500	80
10.93333	79
10.94167	77
10.95000	75
10.95833	73
10.96667	71
10.97500	68
10.98333	65
10.99167	62
11.00000	58
11.00833	55
11.01667	51
11.02500	48
11.03333	45
11.04167	43
11.05000	40
11.05833	38
11.06667	36
11.07500	34
11.08333	33
11.09167	32
11.10000	31
11.10833	31
11.11667	31
11.12500	32
11.13333	33
11.14167	34
11.15000	36
11.15833	38
11.16667	41
11.17500	44
11.18333	47
11.19167	51
11.20000	55
11.20833	60
11.21667	64
11.22500	68
11.23333	73
11.24167	77
11.25000	81
11.25833	85
11.26667	89
11.27500	92
11.28333	96
11.29167	100
11.30000	103
11.30833	106
11.31667	109
11.32500	111
11.33333	112
11.34167	113
11.35000	114
11.35833	114
11.36667	114
11.37500	113
11.38333	112
11.39167	111
11.40000	109
11.40833	107
11.41667	104
11.42500	102
11.43333	100
11.44167	97
11.45000	95
11.45833	92
11.46667	90
11.47500	87
11.48333	85
11.49167	83
11.50000	81
11.50833	80
11.51667	78
11.52500	77
11.53333	77
11.54167	76
11.55000	75
11.55833	74
11.56667	73
11.57500	73
11.58333	72
11.59167	72
11.60000	71
11.60833	72
11.61667	72
11.62500	71
11.63333	71
11.64167	72
11.65000	73
11.65833	74
11.66667	75
11.67500	77
11.68333	79
11.69167	81
11.70000	83
11.70833	86
11.71667	89
11.72500	92
11.73333	95
11.74167	99
11.75000	102
11.75833	105
11.76667	108
11.77500	110
11.78333	112
11.79167	114
11.80000	114
11.80833	114
11.81667	114
11.82500	112
11.83333	110
11.84167	107
11.85000	103
11.85833	99
11.86667	94
11.87500	89
11.88333	84
11.89167	78
11.90000	72
11.90833	67
11.91667	60
11.92500	54
11.93333	48
11.94167	42
11.95000	37
11.95833	31
11.96667	26
11.97500	21
11.98333	17
11.99167	13
12.00000	9
12.00833	6
12.01667	3
12.02500	1
12.03333	-1
12.04167	-3
12.05000	-5
12.05833	-6
12.06667	-8
12.07500	-8
12.08333	-9
12.09167	-9
12.10000	-9
12.10833	-9
12.11667	-9
12.12500	-10
12.13333	-10
12.14167	-10
12.15000	-10
12.15833	-11
12.16667	-11
12.17500	-11
12.18333	-11
12.19167	-11
12.20000	-12
12.20833	-13
12.21667	-13
12.22500	-14
12.23333	-15
12.24167	-15
12.25000	-16
12.25833	-17
12.26667	-18
12.27500	-19
12.28333	-20
12.29167	-21
12.30000	-22
12.30833	-23
12.31667	-24
12.32500	-25
12.33333	-27
12.34167	-28
12.35000	-30
12.35833	-31
12.36667	-33
12.37500	-35
12.38333	-37
12.39167	-38
12.40000	-40
12.40833	-41
12.41667	-43
12.42500	-45
12.43333	-47
12.44167	-48
12.45000	-50
12.45833	-51
12.46667	-52
12.47500	-53
12.48333	-54
12.49167	-55
12.50000	-56
12.50833	-57
12.51667	-57
12.52500	-57
12.53333	-57
12.54167	-58
12.55000	-58
12.55833	-58
12.56667	-58
12.57500	-58
12.58333	-58
12.59167	-58
12.60000	-58
12.60833	-57
12.61667	-57
12.62500	-56
12.63333	-56
12.64167	-55
12.65000	-54
12.65833	-53
12.66667	-51
12.67500	-50
12.68333	-49
12.69167	-48
12.70000	-47
12.70833	-46
12.71667	-45
12.72500	-44
12.73333	-44
12.74167	-43
12.75000	-42
12.75833	-41
12.76667	-41
12.77500	-40
12.78333	-40
12.79167	-39
12.80000	-38
12.80833	-38
12.81667	-38
12.82500	-37
12.83333	-36
12.84167	-35
12.85000	-34
12.85833	-34
12.86667	-33
12.87500	-32
12.88333	-31
12.89167	-31
12.90000	-30
12.90833	-29
12.91667	-28
12.92500	-27
12.93333	-26
12.94167	-24
12.95000	-23
12.95833	-21
12.96667	-20
12.97500	-18
12.98333	-17
12.99167	-15
13.00000	-14
13.00833	-13
13.01667	-11
13.02500	-10
13.03333	-8
13.04167	-7
13.05000	-6
13.05833	-4
13.06667	-4
13.07500	-3
13.08333	-3
13.09167	-2
13.10000	-2
13.10833	-2
13.11667	-2
13.12500	-2
13.13333	-3
13.14167	-3
13.15000	-3
13.15833	-4
13.16667	-4
13.17500	-4
13.18333	-5
13.19167	-5
13.20000	-6
13.20833	-7
13.21667	-8
13.22500	-8
13.23333	-9
13.24167	-9
13.25000	-10
13.25833	-10
13.26667	-11
13.27500	-11
13.28333	-11
13.29167	-11
13.30000	-10
13.30833	-10
13.31667	-10
13.32500	-10
13.33333	-9
13.34167	-9
13.35000	-8
13.35833	-7
13.36667	-7
13.37500	-6
13.38333	-5
13.39167	-4
13.40000	-3
13.40833	-2
13.41667	-1
13.42500	-0
13.43333	1
13.44167	2
13.45000	3
13.45833	4
13.46667	5
13.47500	7
13.48333	8
13.49167	10
13.50000	11
13.50833	12
13.51667	13
13.52500	15
13.53333	17
13.54167	19
13.55000	22
13.55833	24
13.56667	28
13.57500	32
13.58333	36
13.59167	41
13.60000	47
13.60833	53
13.61667	59
13.62500	66
13.63333	73
13.64167	81
13.65000	89
13.65833	98
13.66667	106
13.67500	115
13.68333	124
13.69167	133
13.70000	142
13.70833	151
13.71667	160
13.72500	168
13.73333	175
13.74167	183
13.75000	190
13.75833	197
13.76667	203
13.77500	208
13.78333	214
13.79167	219
13.80000	224
13.80833	228
13.81667	233
13.82500	238
13.83333	243
13.84167	248
13.85000	253
13.85833	258
13.86667	264
13.87500	270
13.88333	277
13.89167	284
13.90000	290
13.90833	297
13.91667	304
13.92500	310
13.93333	316
13.94167	322
13.95000	327
13.95833	332
13.96667	336
13.97500	338
13.98333	340
13.99167	340
14.00000	339
14.00833	337
14.01667	334
14.02500	330
14.03333	325
14.04167	319
14.05000	312
14.05833	305
14.06667	297
14.07500	288
14.08333	280
14.09167	272
14.10000	263
14.10833	255
14.11667	246
14.12500	238
14.13333	229
14.14167	221
14.15000	213
14.15833	206
14.16667	199
14.17500	193
14.18333	187
14.19167	182
14.20000	177
14.20833	173
14.21667	169
14.22500	165
14.23333	162
14.24167	159
14.25000	157
14.25833	155
14.26667	154
14.27500	153
14.28333	152
14.29167	151
14.30000	151
14.30833	150
14.31667	150
14.32500	150
14.33333	150
14.34167	150
14.35000	151
14.35833	151
14.36667	152
14.37500	154
14.38333	155
14.39167	156
14.40000	157
14.40833	159
14.41667	160
14.42500	161
14.43333	162
14.44167	164
14.45000	165
14.45833	166
14.46667	167
14.47500	168
14.48333	169
14.49167	170
14.50000	170
14.50833	171
14.51667	171
14.52500	171
14.53333	171
14.54167	171
14.55000	171
14.55833	171
14.56667	171
14.57500	171
14.58333	171
14.59167	170
14.60000	170
14.60833	170
14.61667	169
14.62500	168
14.63333	168
14.64167	167
14.65000	166
14.65833	165
14.66667	164
14.67500	163
14.68333	162
14.69167	161
14.70000	160
14.70833	159
14.71667	158
14.72500	157
14.73333	156
14.74167	156
14.75000	155
14.75833	155
14.76667	153
14.77500	153
14.78333	152
14.79167	151
14.80000	150
14.80833	150
14.81667	149
14.82500	149
14.83333	148
14.84167	148
14.85000	147
14.85833	147
14.86667	148
14.87500	148
14.88333	148
14.89167	147
14.90000	147
14.90833	148
14.91667	147
14.92500	147
14.93333	148
14.94167	148
14.95000	148
14.95833	148
14.96667	149
14.97500	149
14.98333	150
14.99167	151
15.00000	152
15.00833	153
15.01667	155
15.02500	157
15.03333	160
15.04167	163
15.05000	167
15.05833	171
15.06667	176
15.07500	181
15.08333	188
15.09167	194
15.10000	202
15.10833	211
15.11667	220
15.12500	230
15.13333	241
15.14167	254
15.15000	267
15.15833	280
15.16667	294
15.17500	309
15.18333	324
15.19167	339
15.20000	354
15.20833	369
15.21667	384
15.22500	398
15.23333	411
15.24167	423
15.25000	434
15.25833	444
15.26667	452
15.27500	458
15.28333	463
15.29167	465
15.30000	465
15.30833	463
15.31667	459
15.32500	453
15.33333	446
15.34167	437
15.35000	426
15.35833	414
15.36667	401
15.37500	387
15.38333	371
15.39167	355
15.40000	339
15.40833	322
15.41667	305
15.42500	289
15.43333	272
15.44167	256
15.45000	239
15.45833	223
15.46667	208
15.47500	193
15.48333	179
15.49167	167
15.50000	154
15.50833	143
15.51667	133
15.52500	123
15.53333	113
15.54167	104
15.55000	95
15.55833	87
15.56667	80
15.57500	73
15.58333	66
15.59167	60
15.60000	55
15.60833	50
15.61667	46
15.62500	42
15.63333	38
15.64167	34
15.65000	30
15.65833	27
15.66667	25
15.67500	22
15.68333	21
15.69167	19
15.70000	18
15.70833	16
15.71667	15
15.72500	14
15.73333	13
15.74167	12
15.75000	11
15.75833	10
15.76667	10
15.77500	9
15.78333	8
15.79167	8
15.80000	7
15.80833	7
15.81667	7
15.82500	8
15.83333	7
15.84167	7
15.85000	7
15.85833	8
15.86667	8
15.87500	8
15.88333	9
15.89167	11
15.90000	12
15.90833	14
15.91667	17
15.92500	19
15.93333	22
15.94167	25
15.95000	30
15.95833	35
15.96667	40
15.97500	46
15.98333	53
15.99167	61
16.00000	69
16.00833	79
16.01667	89
16.02500	99
16.03333	110
16.04167	121
16.05000	132
16.05833	144
16.06667	156
16.07500	168
16.08333	179
16.09167	190
16.10000	201
16.10833	211
16.11667	220
16.12500	229
16.13333	236
16.14167	243
16.15000	248
16.15833	253
16.16667	256
16.17500	257
16.18333	257
16.19167	256
16.20000	254
16.20833	252
16.21667	248
16.22500	243
16.23333	238
16.24167	232
16.25000	226
16.25833	219
16.26667	213
16.27500	207
16.28333	201
16.29167	195
16.30000	190
16.30833	186
16.31667	182
16.32500	179
16.33333	176
16.34167	175
16.35000	175
16.35833	176
16.36667	178
16.37500	182
16.38333	187
16.39167	193
16.40000	201
16.40833	210
16.41667	221
16.42500	233
16.43333	247
16.44167	263
16.45000	281
16.45833	301
16.46667	322
16.47500	345
16.48333	369
16.49167	395
16.50000	424
16.50833	453
16.51667	483
16.52500	515
16.53333	548
16.54167	582
16.55000	616
16.55833	651
16.56667	686
16.57500	720
16.58333	754
16.59167	786
16.60000	816
16.60833	845
16.61667	872
16.62500	896
16.63333	916
16.64167	934
16.65000	948
16.65833	958
16.66667	965
16.67500	968
16.68333	967
16.69167	962
16.70000	954
16.70833	941
16.71667	925
16.72500	906
16.73333	883
16.74167	858
16.75000	830
16.75833	799
16.76667	768
16.77500	734
16.78333	700
16.79167	665
16.80000	631
16.80833	596
16.81667	561
16.82500	527
16.83333	493
16.84167	460
16.85000	428
16.85833	397
16.86667	367
16.87500	340
16.88333	313
16.89167	288
16.90000	265
16.90833	243
16.91667	222
16.92500	202
16.93333	183
16.94167	167
16.95000	151
16.95833	137
16.96667	123
16.97500	110
16.98333	98
16.99167	87
17.00000	77
17.00833	67
17.01667	59
17.02500	50
17.03333	42
17.04167	35
17.05000	28
17.05833	22
17.06667	16
17.07500	11
17.08333	6
17.09167	1
17.10000	-3
17.10833	-8
17.11667	-11
17.12500	-16
17.13333	-20
17.14167	-23
17.15000	-27
17.15833	-30
17.16667	-33
17.17500	-35
17.18333	-38
17.19167	-40
17.20000	-42
17.20833	-45
17.21667	-47
17.22500	-49
17.23333	-51
17.24167	-52
17.25000	-54
17.25833	-56
17.26667	-58
17.27500	-59
17.28333	-61
17.29167	-63
17.30000	-64
17.30833	-66
17.31667	-67
17.32500	-68
17.33333	-69
17.34167	-71
17.35000	-72
17.35833	-72
17.36667	-73
17.37500	-73
17.38333	-73
17.39167	-74
17.40000	-74
17.40833	-75
17.41667	-75
17.42500	-75
17.43333	-76
17.44167	-76
17.45000	-77
17.45833	-77
17.46667	-78
17.47500	-78
17.48333	-77
17.49167	-77
17.50000	-77
17.50833	-77
17.51667	-76
17.52500	-75
17.53333	-75
17.54167	-74
17.55000	-74
17.55833	-73
17.56667	-71
17.57500	-70
17.58333	-68
17.59167	-66
17.60000	-64
17.60833	-61
17.61667	-58
17.62500	-55
17.63333	-52
17.64167	-49
17.65000	-44
17.65833	-39
17.66667	-34
17.67500	-29
17.68333	-23
17.69167	-16
17.70000	-8
17.70833	-0
17.71667	9
17.72500	19
17.73333	31
17.74167	44
17.75000	58
17.75833	73
17.76667	89
17.77500	107
17.78333	127
17.79167	149
17.80000	174
17.80833	201
17.81667	231
17.82500	263
17.83333	300
17.84167	340
17.85000	384
17.85833	433
17.86667	486
17.87500	545
17.88333	610
17.89167	681
17.90000	758
17.90833	842
17.91667	933
17.92500	1031
17.93333	1137
17.94167	1250
17.95000	1371
17.95833	1500
17.96667	1636
17.97500	1779
17.98333	1928
17.99167	2083
18.00000	2243
18.00833	2406
18.01667	2572
18.02500	2741
18.03333	2909
18.04167	3077
18.05000	3241
18.05833	3401
18.06667	3555
18.07500	3701
18.08333	3838
18.09167	3964
18.10000	4078
18.10833	4178
18.11667	4264
18.12500	4333
18.13333	4386
18.14167	4422
18.15000	4441
18.15833	4442
18.16667	4426
18.17500	4393
18.18333	4343
18.19167	4278
18.20000	4199
18.20833	4107
18.21667	4002
18.22500	3886
18.23333	3761
18.24167	3627
18.25000	3487
18.25833	3341
18.26667	3192
18.27500	3040
18.28333	2887
18.29167	2733
18.30000	2581
18.30833	2431
18.31667	2285
18.32500	2142
18.33333	2003
18.34167	1870
18.35000	1741
18.35833	1619
18.36667	1502
18.37500	1391
18.38333	1287
18.39167	1188
18.40000	1096
18.40833	1010
18.41667	929
18.42500	854
18.43333	785
18.44167	720
18.45000	660
18.45833	605
18.46667	554
18.47500	507
18.48333	464
18.49167	424
18.50000	387
18.50833	354
18.51667	323
18.52500	295
18.53333	269
18.54167	245
18.55000	223
18.55833	204
18.56667	185
18.57500	169
18.58333	154
18.59167	140
18.60000	128
18.60833	117
18.61667	108
18.62500	99
18.63333	92
18.64167	86
18.65000	81
18.65833	77
18.66667	75
18.67500	73
18.68333	73
18.69167	73
18.70000	74
18.70833	76
18.71667	78
18.72500	81
18.73333	85
18.74167	90
18.75000	96
18.75833	102
18.76667	109
18.77500	116
18.78333	124
18.79167	132
18.80000	141
18.80833	150
18.81667	159
18.82500	168
18.83333	177
18.84167	186
18.85000	195
18.85833	203
18.86667	212
18.87500	219
18.88333	226
18.89167	232
18.90000	238
18.90833	242
18.91667	246
18.92500	248
18.93333	250
18.94167	250
18.95000	250
18.95833	248
18.96667	245
18.97500	242
18.98333	238
18.99167	233
19.00000	227
19.00833	220
19.01667	213
19.02500	205
19.03333	196
19.04167	187
19.05000	177
19.05833	167
19.06667	157
19.07500	147
19.08333	136
19.09167	126
19.10000	115
19.10833	105
19.11667	95
19.12500	85
19.13333	75
19.14167	65
19.15000	56
19.15833	47
19.16667	39
19.17500	31
19.18333	23
19.19167	15
19.20000	9
19.20833	2
19.21667	-3
19.22500	-9
19.23333	-14
19.24167	-19
19.25000	-24
19.25833	-28
19.26667	-32
19.27500	-36
19.28333	-40
19.29167	-43
19.30000	-46
19.30833	-48
19.31667	-50
19.32500	-52
19.33333	-54
19.34167	-55
19.35000	-57
19.35833	-58
19.36667	-59
19.37500	-60
19.38333	-61
19.39167	-61
19.40000	-62
19.40833	-63
19.41667	-63
19.42500	-64
19.43333	-64
19.44167	-64
19.45000	-64
19.45833	-64
19.46667	-64
19.47500	-64
19.48333	-63
19.49167	-63
19.50000	-63
19.50833	-64
19.51667	-64
19.52500	-64
19.53333	-64
19.54167	-64
19.55000	-63
19.55833	-63
19.56667	-63
19.57500	-62
19.58333	-62
19.59167	-62
19.60000	-62
19.60833	-62
19.61667	-62
19.62500	-62
19.63333	-62
19.64167	-62
19.65000	-62
19.65833	-62
19.66667	-63
19.67500	-63
19.68333	-64
19.69167	-64
19.70000	-64
19.70833	-64
19.71667	-64
19.72500	-65
19.73333	-65
19.74167	-66
19.75000	-66
19.75833	-67
19.76667	-68
19.77500	-68
19.78333	-68
19.79167	-69
19.80000	-69
19.80833	-70
19.81667	-71
19.82500	-71
19.83333	-72
19.84167	-73
19.85000	-73
19.85833	-74
19.86667	-74
19.87500	-75
19.88333	-75
19.89167	-76
19.90000	-76
19.90833	-77
19.91667	-77
19.92500	-78
19.93333	-78
19.94167	-79
19.95000	-78
19.95833	-78
19.96667	-78
19.97500	-78
19.98333	-78
19.99167	-78
20.00000	-79
20.00833	-79
20.01667	-79
20.02500	-79
20.03333	-79
20.04167	-79
20.05000	-79
20.05833	-79
20.06667	-79
20.07500	-79
20.08333	-79
20.09167	-79
20.10000	-79
20.10833	-79
20.11667	-80
20.12500	-81
20.13333	-81
20.14167	-81
20.15000	-81
20.15833	-81
20.16667	-81
20.17500	-81
20.18333	-81
20.19167	-81
20.20000	-81
20.20833	-81
20.21667	-81
20.22500	-81
20.23333	-81
20.24167	-80
20.25000	-80
20.25833	-80
20.26667	-79
20.27500	-78
20.28333	-78
20.29167	-77
20.30000	-76
20.30833	-75
20.31667	-74
20.32500	-74
20.33333	-73
20.34167	-72
20.35000	-71
20.35833	-70
20.36667	-68
20.37500	-67
20.38333	-65
20.39167	-63
20.40000	-60
20.40833	-58
20.41667	-56
20.42500	-53
20.43333	-50
20.44167	-48
20.45000	-45
20.45833	-41
20.46667	-38
20.47500	-35
20.48333	-32
20.49167	-28
20.50000	-23
20.50833	-18
20.51667	-13
20.52500	-7
20.53333	-1
20.54167	6
20.55000	13
20.55833	20
20.56667	28
20.57500	37
20.58333	47
20.59167	57
20.60000	68
20.60833	80
20.61667	94
20.62500	108
20.63333	123
20.64167	139
20.65000	157
20.65833	175
20.66667	195
20.67500	217
20.68333	240
20.69167	264
20.70000	289
20.70833	316
20.71667	344
20.72500	373
20.73333	404
20.74167	435
20.75000	468
20.75833	502
20.76667	536
20.77500	572
20.78333	608
20.79167	646
20.80000	684
20.80833	722
20.81667	760
20.82500	798
20.83333	836
20.84167	874
20.85000	912
20.85833	949
20.86667	986
20.87500	1021
20.88333	1056
20.89167	1091
20.90000	1124
20.90833	1156
20.91667	1188
20.92500	1218
20.93333	1247
20.94167	1276
20.95000	1304
20.95833	1331
20.96667	1358
20.97500	1384
20.98333	1410
20.99167	1436
21.00000	1463
21.00833	1489
21.01667	1516
21.02500	1544
21.03333	1573
21.04167	1603
21.05000	1635
21.05833	1669
21.06667	1705
21.07500	1745
21.08333	1787
21.09167	1833
21.10000	1883
21.10833	1938
21.11667	1998
21.12500	2063
21.13333	2135
21.14167	2213
21.15000	2299
21.15833	2392
21.16667	2495
21.17500	2606
21.18333	2728
21.19167	2860
21.20000	3003
21.20833	3158
21.21667	3325
21.22500	3505
21.23333	3699
21.24167	3906
21.25000	4127
21.25833	4362
21.26667	4613
21.27500	4878
21.28333	5158
21.29167	5451
21.30000	5757
21.30833	6077
21.31667	6409
21.32500	6752
21.33333	7106
21.34167	7468
21.35000	7838
21.35833	8213
21.36667	8592
21.37500	8973
21.38333	9353
21.39167	9730
21.40000	10103
21.40833	10468
21.41667	10823
21.42500	11166
21.43333	11495
21.44167	11807
21.45000	12100
21.45833	12373
21.46667	12622
21.47500	12847
21.48333	13045
21.49167	13216
21.50000	13358
21.50833	13469
21.51667	13551
21.52500	13601
21.53333	13620
21.54167	13608
21.55000	13565
21.55833	13491
21.56667	13387
21.57500	13256
21.58333	13097
21.59167	12912
21.60000	12703
21.60833	12471
21.61667	12218
21.62500	11946
21.63333	11657
21.64167	11353
21.65000	11035
21.65833	10706
21.66667	10367
21.67500	10022
21.68333	9670
21.69167	9315
21.70000	8958
21.70833	8601
21.71667	8245
21.72500	7892
21.73333	7543
21.74167	7199
21.75000	6861
21.75833	6531
21.76667	6209
21.77500	5896
21.78333	5591
21.79167	5297
21.80000	5013
21.80833	4740
21.81667	4478
21.82500	4227
21.83333	3986
21.84167	3755
21.85000	3536
21.85833	3327
21.86667	3128
21.87500	2939
21.88333	2760
21.89167	2590
21.90000	2430
21.90833	2278
21.91667	2135
21.92500	2000
21.93333	1872
21.94167	1752
21.95000	1639
21.95833	1533
21.96667	1433
21.97500	1338
21.98333	1250
21.99167	1167
22.00000	1089
22.00833	1016
22.01667	948
22.02500	884
22.03333	824
22.04167	768
22.05000	715
22.05833	665
22.06667	619
22.07500	576
22.08333	536
22.09167	498
22.10000	463
22.10833	431
22.11667	401
22.12500	373
22.13333	347
22.14167	322
22.15000	300
22.15833	279
22.16667	260
22.17500	243
22.18333	227
22.19167	213
22.20000	199
22.20833	187
22.21667	176
22.22500	166
22.23333	157
22.24167	149
22.25000	142
22.25833	135
22.26667	130
22.27500	125
22.28333	121
22.29167	117
22.30000	114
22.30833	110
22.31667	108
22.32500	105
22.33333	103
22.34167	101
22.35000	99
22.35833	97
22.36667	96
22.37500	94
22.38333	93
22.39167	91
22.40000	89
22.40833	87
22.41667	85
22.42500	83
22.43333	80
22.44167	78
22.45000	75
22.45833	73
22.46667	69
22.47500	66
22.48333	62
22.49167	58
22.50000	53
22.50833	48
22.51667	43
22.52500	38
22.53333	33
22.54167	27
22.55000	21
22.55833	15
22.56667	8
22.57500	2
22.58333	-5
22.59167	-12
22.60000	-19
22.60833	-27
22.61667	-34
22.62500	-41
22.63333	-48
22.64167	-55
22.65000	-62
22.65833	-69
22.66667	-76
22.67500	-83
22.68333	-90
22.69167	-96
22.70000	-102
22.70833	-108
22.71667	-114
22.72500	-120
22.73333	-126
22.74167	-131
22.75000	-136
22.75833	-141
22.76667	-146
22.77500	-151
22.78333	-155
22.79167	-159
22.80000	-162
22.80833	-165
22.81667	-167
22.82500	-170
22.83333	-172
22.84167	-173
22.85000	-174
22.85833	-174
22.86667	-175
22.87500	-175
22.88333	-175
22.89167	-175
22.90000	-174
22.90833	-173
22.91667	-173
22.92500	-171
22.93333	-170
22.94167	-168
22.95000	-166
22.95833	-164
22.96667	-161
22.97500	-159
22.98333	-156
22.99167	-154
23.00000	-151
23.00833	-149
23.01667	-147
23.02500	-145
23.03333	-141
23.04167	-138
23.05000	-135
23.05833	-133
23.06667	-130
23.07500	-127
23.08333	-125
23.09167	-123
23.10000	-120
23.10833	-117
23.11667	-115
23.12500	-113
23.13333	-112
23.14167	-110
23.15000	-108
23.15833	-106
23.16667	-104
23.17500	-102
23.18333	-101
23.19167	-100
23.20000	-99
23.20833	-98
23.21667	-97
23.22500	-97
23.23333	-96
23.24167	-95
23.25000	-94
23.25833	-94
23.26667	-94
23.27500	-94
23.28333	-94
23.29167	-94
23.30000	-94
23.30833	-95
23.31667	-95
23.32500	-96
23.33333	-97
23.34167	-97
23.35000	-98
23.35833	-98
23.36667	-99
23.37500	-100
23.38333	-100
23.39167	-101
23.40000	-102
23.40833	-102
23.41667	-102
23.42500	-103
23.43333	-103
23.44167	-103
23.45000	-103
23.45833	-104
23.46667	-104
23.47500	-104
23.48333	-105
23.49167	-105
23.50000	-106
23.50833	-106
23.51667	-107
23.52500	-107
23.53333	-107
23.54167	-108
23.55000	-108
23.55833	-108
23.56667	-108
23.57500	-108
23.58333	-107
23.59167	-107
23.60000	-107
23.60833	-107
23.61667	-107
23.62500	-106
23.63333	-107
23.64167	-107
23.65000	-107
23.65833	-106
23.66667	-105
23.67500	-105
23.68333	-104
23.69167	-104
23.70000	-104
23.70833	-104
23.71667	-103
23.72500	-102
23.73333	-102
23.74167	-101
23.75000	-101
23.75833	-100
23.76667	-100
23.77500	-99
23.78333	-99
23.79167	-98
23.80000	-97
23.80833	-97
23.81667	-97
23.82500	-97
23.83333	-96
23.84167	-96
23.85000	-95
23.85833	-95
23.86667	-95
23.87500	-95
23.88333	-95
23.89167	-95
23.90000	-95
23.90833	-94
23.91667	-94
23.92500	-94
23.93333	-94
23.94167	-93
23.95000	-93
23.95833	-93
23.96667	-93
23.97500	-93
23.98333	-92
23.99167	-92
24.00000	-92
24.00833	-91
24.01667	-91
24.02500	-90
24.03333	-90
24.04167	-89
24.05000	-89
24.05833	-89
24.06667	-89
24.07500	-89
24.08333	-89
24.09167	-89
24.10000	-89
24.10833	-89
24.11667	-90
24.12500	-90
24.13333	-90
24.14167	-90
24.15000	-90
24.15833	-91
24.16667	-91
24.17500	-92
24.18333	-92
24.19167	-93
24.20000	-94
24.20833	-95
24.21667	-96
24.22500	-97
24.23333	-98
24.24167	-99
24.25000	-100
24.25833	-100
24.26667	-101
24.27500	-102
24.28333	-103
24.29167	-104
24.30000	-105
24.30833	-107
24.31667	-108
24.32500	-110
24.33333	-111
24.34167	-113
24.35000	-114
24.35833	-115
24.36667	-117
24.37500	-119
24.38333	-120
24.39167	-121
24.40000	-122
24.40833	-124
24.41667	-125
24.42500	-126
24.43333	-128
24.44167	-129
24.45000	-130
24.45833	-131
24.46667	-132
24.47500	-133
24.48333	-134
24.49167	-135
24.50000	-136
24.50833	-137
24.51667	-137
24.52500	-138
24.53333	-139
24.54167	-139
24.55000	-140
24.55833	-140
24.56667	-140
24.57500	-140
24.58333	-140
24.59167	-140
24.60000	-140
24.60833	-140
24.61667	-139
24.62500	-139
24.63333	-139
24.64167	-138
24.65000	-138
24.65833	-137
24.66667	-137
24.67500	-136
24.68333	-135
24.69167	-134
24.70000	-133
24.70833	-133
24.71667	-132
24.72500	-132
24.73333	-131
24.74167	-130
24.75000	-129
24.75833	-128
24.76667	-127
24.77500	-127
24.78333	-126
24.79167	-125
24.80000	-124
24.80833	-124
24.81667	-123
24.82500	-122
24.83333	-121
24.84167	-121
24.85000	-120
24.85833	-119
24.86667	-118
24.87500	-118
24.88333	-117
24.89167	-116
24.90000	-115
24.90833	-115
24.91667	-114
24.92500	-113
24.93333	-112
24.94167	-112
24.95000	-111
24.95833	-111
24.96667	-110
24.97500	-110
24.98333	-109
24.99167	-109
25.00000	-109
25.00833	-109
25.01667	-108
25.02500	-108
25.03333	-108
25.04167	-107
25.05000	-107
25.05833	-106
25.06667	-106
25.07500	-106
25.08333	-105
25.09167	-105
25.10000	-105
25.10833	-105
25.11667	-105
25.12500	-105
25.13333	-105
25.14167	-105
25.15000	-104
25.15833	-104
25.16667	-103
25.17500	-103
25.18333	-103
25.19167	-102
25.20000	-102
25.20833	-102
25.21667	-102
25.22500	-102
25.23333	-102
25.24167	-102
25.25000	-102
25.25833	-101
25.26667	-100
25.27500	-100
25.28333	-99
25.29167	-99
25.30000	-98
25.30833	-98
25.31667	-97
25.32500	-97
25.33333	-97
25.34167	-96
25.35000	-96
25.35833	-95
25.36667	-95
25.37500	-95
25.38333	-94
25.39167	-93
25.40000	-93
25.40833	-92
25.41667	-91
25.42500	-90
25.43333	-90
25.44167	-89
25.45000	-88
25.45833	-87
25.46667	-86
25.47500	-85
25.48333	-85
25.49167	-84
25.50000	-84
25.50833	-82
25.51667	-81
25.52500	-80
25.53333	-79
25.54167	-78
25.55000	-77
25.55833	-77
25.56667	-76
25.57500	-75
25.58333	-74
25.59167	-73
25.60000	-71
25.60833	-70
25.61667	-68
25.62500	-67
25.63333	-65
25.64167	-64
25.65000	-63
25.65833	-62
25.66667	-61
25.67500	-60
25.68333	-58
25.69167	-57
25.70000	-55
25.70833	-54
25.71667	-53
25.72500	-53
25.73333	-51
25.74167	-50
25.75000	-49
25.75833	-48
25.76667	-47
25.77500	-45
25.78333	-44
25.79167	-43
25.80000	-42
25.80833	-41
25.81667	-40
25.82500	-38
25.83333	-37
25.84167	-35
25.85000	-33
25.85833	-32
25.86667	-30
25.87500	-28
25.88333	-26
25.89167	-24
25.90000	-22
25.90833	-20
25.91667	-18
25.92500	-16
25.93333	-13
25.94167	-10
25.95000	-7
25.95833	-4
25.96667	-0
25.97500	3
25.98333	6
25.99167	10
26.00000	14
26.00833	18
26.01667	22
26.02500	27
26.03333	32
26.04167	38
26.05000	44
26.05833	50
26.06667	57
26.07500	64
26.08333	71
26.09167	79
26.10000	87
26.10833	96
26.11667	105
26.12500	115
26.13333	126
26.14167	137
26.15000	149
26.15833	161
26.16667	174
26.17500	188
26.18333	202
26.19167	217
26.20000	233
26.20833	249
26.21667	266
26.22500	284
26.23333	304
26.24167	324
26.25000	345
26.25833	367
26.26667	390
26.27500	414
26.28333	438
26.29167	464
26.30000	490
26.30833	516
26.31667	544
26.32500	571
26.33333	600
26.34167	628
26.35000	658
26.35833	687
26.36667	717
26.37500	746
26.38333	775
26.39167	804
26.40000	833
26.40833	861
26.41667	889
26.42500	916
26.43333	942
26.44167	968
26.45000	991
26.45833	1014
26.46667	1035
26.47500	1055
26.48333	1073
26.49167	1089
26.50000	1104
26.50833	1117
26.51667	1128
26.52500	1136
26.53333	1143
26.54167	1146
26.55000	1148
26.55833	1148
26.56667	1145
26.57500	1141
26.58333	1134
26.59167	1125
26.60000	1115
26.60833	1102
26.61667	1088
26.62500	1072
26.63333	1054
26.64167	1034
26.65000	1013
26.65833	991
26.66667	968
26.67500	944
26.68333	918
26.69167	891
26.70000	864
26.70833	836
26.71667	808
26.72500	779
26.73333	751
26.74167	722
26.75000	693
26.75833	665
26.76667	637
26.77500	609
26.78333	582
26.79167	555
26.80000	528
26.80833	502
26.81667	476
26.82500	451
26.83333	428
26.84167	404
26.85000	381
26.85833	359
26.86667	338
26.87500	318
26.88333	299
26.89167	280
26.90000	263
26.90833	245
26.91667	229
26.92500	214
26.93333	199
26.94167	185
26.95000	173
26.95833	160
26.96667	148
26.97500	137
26.98333	127
26.99167	117
27.00000	107
27.00833	98
27.01667	90
27.02500	82
27.03333	74
27.04167	66
27.05000	60
27.05833	53
27.06667	48
27.07500	42
27.08333	37
27.09167	32
27.10000	27
27.10833	23
27.11667	18
27.12500	13
27.13333	9
27.14167	5
27.15000	2
27.15833	-1
27.16667	-4
27.17500	-7
27.18333	-10
27.19167	-13
27.20000	-16
27.20833	-18
27.21667	-21
27.22500	-22
27.23333	-24
27.24167	-26
27.25000	-28
27.25833	-30
27.26667	-32
27.27500	-34
27.28333	-36
27.29167	-38
27.30000	-39
27.30833	-40
27.31667	-42
27.32500	-43
27.33333	-44
27.34167	-45
27.35000	-46
27.35833	-47
27.36667	-48
27.37500	-49
27.38333	-50
27.39167	-50
27.40000	-51
27.40833	-51
27.41667	-52
27.42500	-52
27.43333	-53
27.44167	-54
27.45000	-54
27.45833	-54
27.46667	-55
27.47500	-55
27.48333	-55
27.49167	-56
27.50000	-56
27.50833	-56
27.51667	-57
27.52500	-57
27.53333	-58
27.54167	-58
27.55000	-59
27.55833	-59
27.56667	-60
27.57500	-60
27.58333	-61
27.59167	-61
27.60000	-61
27.60833	-61
27.61667	-61
27.62500	-62
27.63333	-62
27.64167	-63
27.65000	-62
27.65833	-62
27.66667	-63
27.67500	-63
27.68333	-62
27.69167	-62
27.70000	-62
27.70833	-62
27.71667	-61
27.72500	-61
27.73333	-61
27.74167	-62
27.75000	-62
27.75833	-62
27.76667	-62
27.77500	-62
27.78333	-62
27.79167	-63
27.80000	-63
27.80833	-63
27.81667	-63
27.82500	-64
27.83333	-64
27.84167	-64
27.85000	-64
27.85833	-63
27.86667	-63
27.87500	-63
27.88333	-63
27.89167	-63
27.90000	-63
27.90833	-64
27.91667	-64
27.92500	-65
27.93333	-65
27.94167	-65
27.95000	-65
27.95833	-65
27.96667	-65
27.97500	-65
27.98333	-65
27.99167	-65
28.00000	-65

