R.Time (min)	Intensity
0.00000	-22
0.00833	-22
0.01667	-0
0.02500	-1
0.03333	-1
0.04167	-1
0.05000	-2
0.05833	-2
0.06667	-3
0.07500	-4
0.08333	-4
0.09167	-4
0.10000	-5
0.10833	-5
0.11667	-5
0.12500	-6
0.13333	-6
0.14167	-6
0.15000	-6
0.15833	-6
0.16667	-7
0.17500	-7
0.18333	-8
0.19167	-8
0.20000	-8
0.20833	-8
0.21667	-9
0.22500	-9
0.23333	-9
0.24167	-10
0.25000	-10
0.25833	-11
0.26667	-11
0.27500	-12
0.28333	-12
0.29167	-13
0.30000	-13
0.30833	-14
0.31667	-15
0.32500	-15
0.33333	-15
0.34167	-16
0.35000	-16
0.35833	-17
0.36667	-18
0.37500	-18
0.38333	-19
0.39167	-20
0.40000	-20
0.40833	-21
0.41667	-21
0.42500	-22
0.43333	-22
0.44167	-23
0.45000	-23
0.45833	-24
0.46667	-25
0.47500	-26
0.48333	-27
0.49167	-28
0.50000	-28
0.50833	-29
0.51667	-30
0.52500	-31
0.53333	-32
0.54167	-32
0.55000	-33
0.55833	-33
0.56667	-33
0.57500	-33
0.58333	-34
0.59167	-34
0.60000	-35
0.60833	-35
0.61667	-36
0.62500	-36
0.63333	-37
0.64167	-38
0.65000	-39
0.65833	-39
0.66667	-40
0.67500	-40
0.68333	-40
0.69167	-41
0.70000	-41
0.70833	-41
0.71667	-41
0.72500	-42
0.73333	-42
0.74167	-43
0.75000	-43
0.75833	-44
0.76667	-44
0.77500	-44
0.78333	-44
0.79167	-45
0.80000	-45
0.80833	-45
0.81667	-46
0.82500	-47
0.83333	-48
0.84167	-48
0.85000	-49
0.85833	-49
0.86667	-50
0.87500	-51
0.88333	-51
0.89167	-52
0.90000	-52
0.90833	-52
0.91667	-52
0.92500	-53
0.93333	-54
0.94167	-54
0.95000	-55
0.95833	-55
0.96667	-56
0.97500	-56
0.98333	-56
0.99167	-56
1.00000	-56
1.00833	-57
1.01667	-57
1.02500	-58
1.03333	-58
1.04167	-59
1.05000	-59
1.05833	-60
1.06667	-60
1.07500	-61
1.08333	-61
1.09167	-62
1.10000	-63
1.10833	-63
1.11667	-64
1.12500	-64
1.13333	-65
1.14167	-65
1.15000	-65
1.15833	-66
1.16667	-67
1.17500	-68
1.18333	-68
1.19167	-69
1.20000	-69
1.20833	-70
1.21667	-70
1.22500	-71
1.23333	-72
1.24167	-73
1.25000	-73
1.25833	-74
1.26667	-74
1.27500	-74
1.28333	-75
1.29167	-75
1.30000	-75
1.30833	-75
1.31667	-76
1.32500	-77
1.33333	-77
1.34167	-77
1.35000	-78
1.35833	-78
1.36667	-78
1.37500	-79
1.38333	-79
1.39167	-80
1.40000	-80
1.40833	-80
1.41667	-80
1.42500	-81
1.43333	-81
1.44167	-82
1.45000	-82
1.45833	-83
1.46667	-83
1.47500	-84
1.48333	-84
1.49167	-84
1.50000	-84
1.50833	-85
1.51667	-85
1.52500	-85
1.53333	-86
1.54167	-86
1.55000	-87
1.55833	-87
1.56667	-88
1.57500	-88
1.58333	-89
1.59167	-89
1.60000	-89
1.60833	-89
1.61667	-89
1.62500	-89
1.63333	-89
1.64167	-89
1.65000	-89
1.65833	-89
1.66667	-88
1.67500	-89
1.68333	-89
1.69167	-89
1.70000	-90
1.70833	-90
1.71667	-90
1.72500	-90
1.73333	-90
1.74167	-90
1.75000	-91
1.75833	-91
1.76667	-91
1.77500	-91
1.78333	-91
1.79167	-92
1.80000	-92
1.80833	-92
1.81667	-92
1.82500	-92
1.83333	-91
1.84167	-92
1.85000	-92
1.85833	-93
1.86667	-93
1.87500	-94
1.88333	-94
1.89167	-95
1.90000	-95
1.90833	-95
1.91667	-95
1.92500	-95
1.93333	-95
1.94167	-96
1.95000	-96
1.95833	-96
1.96667	-97
1.97500	-97
1.98333	-98
1.99167	-98
2.00000	-98
2.00833	-99
2.01667	-99
2.02500	-99
2.03333	-99
2.04167	-99
2.05000	-99
2.05833	-100
2.06667	-100
2.07500	-100
2.08333	-100
2.09167	-100
2.10000	-101
2.10833	-101
2.11667	-101
2.12500	-102
2.13333	-102
2.14167	-102
2.15000	-102
2.15833	-102
2.16667	-102
2.17500	-102
2.18333	-102
2.19167	-102
2.20000	-102
2.20833	-101
2.21667	-101
2.22500	-100
2.23333	-100
2.24167	-100
2.25000	-100
2.25833	-100
2.26667	-99
2.27500	-99
2.28333	-98
2.29167	-97
2.30000	-96
2.30833	-96
2.31667	-95
2.32500	-94
2.33333	-93
2.34167	-92
2.35000	-91
2.35833	-90
2.36667	-89
2.37500	-87
2.38333	-86
2.39167	-84
2.40000	-83
2.40833	-81
2.41667	-80
2.42500	-78
2.43333	-76
2.44167	-74
2.45000	-72
2.45833	-69
2.46667	-67
2.47500	-64
2.48333	-61
2.49167	-58
2.50000	-54
2.50833	-51
2.51667	-46
2.52500	-41
2.53333	-37
2.54167	-32
2.55000	-27
2.55833	-23
2.56667	-17
2.57500	-12
2.58333	-6
2.59167	1
2.60000	7
2.60833	14
2.61667	21
2.62500	29
2.63333	38
2.64167	46
2.65000	55
2.65833	65
2.66667	75
2.67500	86
2.68333	98
2.69167	110
2.70000	122
2.70833	136
2.71667	149
2.72500	164
2.73333	179
2.74167	194
2.75000	211
2.75833	228
2.76667	247
2.77500	267
2.78333	287
2.79167	309
2.80000	332
2.80833	356
2.81667	382
2.82500	408
2.83333	436
2.84167	466
2.85000	497
2.85833	529
2.86667	563
2.87500	599
2.88333	637
2.89167	676
2.90000	718
2.90833	762
2.91667	808
2.92500	856
2.93333	906
2.94167	958
2.95000	1012
2.95833	1070
2.96667	1129
2.97500	1191
2.98333	1256
2.99167	1323
3.00000	1392
3.00833	1464
3.01667	1538
3.02500	1614
3.03333	1694
3.04167	1776
3.05000	1860
3.05833	1946
3.06667	2034
3.07500	2124
3.08333	2216
3.09167	2309
3.10000	2404
3.10833	2500
3.11667	2597
3.12500	2696
3.13333	2795
3.14167	2894
3.15000	2993
3.15833	3093
3.16667	3191
3.17500	3289
3.18333	3385
3.19167	3480
3.20000	3574
3.20833	3665
3.21667	3754
3.22500	3840
3.23333	3924
3.24167	4003
3.25000	4079
3.25833	4150
3.26667	4217
3.27500	4280
3.28333	4338
3.29167	4390
3.30000	4437
3.30833	4478
3.31667	4514
3.32500	4543
3.33333	4567
3.34167	4585
3.35000	4596
3.35833	4602
3.36667	4601
3.37500	4593
3.38333	4579
3.39167	4559
3.40000	4533
3.40833	4501
3.41667	4462
3.42500	4419
3.43333	4370
3.44167	4316
3.45000	4257
3.45833	4193
3.46667	4124
3.47500	4051
3.48333	3974
3.49167	3893
3.50000	3809
3.50833	3722
3.51667	3633
3.52500	3541
3.53333	3447
3.54167	3352
3.55000	3255
3.55833	3157
3.56667	3059
3.57500	2959
3.58333	2860
3.59167	2761
3.60000	2662
3.60833	2563
3.61667	2465
3.62500	2369
3.63333	2273
3.64167	2180
3.65000	2087
3.65833	1997
3.66667	1908
3.67500	1822
3.68333	1737
3.69167	1655
3.70000	1576
3.70833	1499
3.71667	1424
3.72500	1351
3.73333	1282
3.74167	1215
3.75000	1150
3.75833	1088
3.76667	1028
3.77500	971
3.78333	916
3.79167	864
3.80000	814
3.80833	766
3.81667	721
3.82500	679
3.83333	638
3.84167	600
3.85000	563
3.85833	528
3.86667	496
3.87500	466
3.88333	437
3.89167	410
3.90000	385
3.90833	361
3.91667	339
3.92500	318
3.93333	298
3.94167	280
3.95000	262
3.95833	246
3.96667	231
3.97500	216
3.98333	203
3.99167	190
4.00000	178
4.00833	166
4.01667	156
4.02500	146
4.03333	137
4.04167	128
4.05000	119
4.05833	111
4.06667	104
4.07500	97
4.08333	89
4.09167	83
4.10000	76
4.10833	69
4.11667	63
4.12500	57
4.13333	52
4.14167	46
4.15000	41
4.15833	36
4.16667	31
4.17500	26
4.18333	21
4.19167	16
4.20000	12
4.20833	6
4.21667	1
4.22500	-3
4.23333	-8
4.24167	-14
4.25000	-19
4.25833	-23
4.26667	-28
4.27500	-32
4.28333	-36
4.29167	-40
4.30000	-44
4.30833	-48
4.31667	-51
4.32500	-55
4.33333	-59
4.34167	-63
4.35000	-66
4.35833	-70
4.36667	-74
4.37500	-77
4.38333	-80
4.39167	-83
4.40000	-86
4.40833	-89
4.41667	-92
4.42500	-96
4.43333	-99
4.44167	-102
4.45000	-105
4.45833	-107
4.46667	-109
4.47500	-112
4.48333	-114
4.49167	-116
4.50000	-118
4.50833	-120
4.51667	-121
4.52500	-123
4.53333	-125
4.54167	-127
4.55000	-129
4.55833	-131
4.56667	-132
4.57500	-134
4.58333	-136
4.59167	-137
4.60000	-138
4.60833	-138
4.61667	-139
4.62500	-141
4.63333	-142
4.64167	-143
4.65000	-144
4.65833	-145
4.66667	-145
4.67500	-146
4.68333	-147
4.69167	-147
4.70000	-147
4.70833	-148
4.71667	-149
4.72500	-149
4.73333	-150
4.74167	-151
4.75000	-151
4.75833	-152
4.76667	-152
4.77500	-153
4.78333	-154
4.79167	-154
4.80000	-154
4.80833	-155
4.81667	-155
4.82500	-155
4.83333	-155
4.84167	-155
4.85000	-155
4.85833	-155
4.86667	-155
4.87500	-155
4.88333	-156
4.89167	-156
4.90000	-157
4.90833	-157
4.91667	-157
4.92500	-157
4.93333	-158
4.94167	-158
4.95000	-158
4.95833	-158
4.96667	-158
4.97500	-158
4.98333	-158
4.99167	-158
5.00000	-157
5.00833	-157
5.01667	-157
5.02500	-157
5.03333	-157
5.04167	-157
5.05000	-157
5.05833	-156
5.06667	-156
5.07500	-156
5.08333	-156
5.09167	-156
5.10000	-156
5.10833	-155
5.11667	-155
5.12500	-155
5.13333	-156
5.14167	-156
5.15000	-156
5.15833	-156
5.16667	-156
5.17500	-156
5.18333	-156
5.19167	-156
5.20000	-156
5.20833	-156
5.21667	-156
5.22500	-155
5.23333	-155
5.24167	-155
5.25000	-155
5.25833	-155
5.26667	-155
5.27500	-155
5.28333	-155
5.29167	-154
5.30000	-154
5.30833	-154
5.31667	-154
5.32500	-154
5.33333	-154
5.34167	-154
5.35000	-154
5.35833	-155
5.36667	-155
5.37500	-155
5.38333	-155
5.39167	-156
5.40000	-156
5.40833	-156
5.41667	-156
5.42500	-156
5.43333	-156
5.44167	-157
5.45000	-156
5.45833	-157
5.46667	-157
5.47500	-157
5.48333	-157
5.49167	-157
5.50000	-157
5.50833	-158
5.51667	-158
5.52500	-158
5.53333	-159
5.54167	-159
5.55000	-159
5.55833	-159
5.56667	-159
5.57500	-158
5.58333	-159
5.59167	-160
5.60000	-160
5.60833	-160
5.61667	-160
5.62500	-161
5.63333	-161
5.64167	-161
5.65000	-161
5.65833	-161
5.66667	-161
5.67500	-162
5.68333	-162
5.69167	-162
5.70000	-162
5.70833	-162
5.71667	-163
5.72500	-163
5.73333	-163
5.74167	-163
5.75000	-163
5.75833	-163
5.76667	-163
5.77500	-164
5.78333	-164
5.79167	-165
5.80000	-165
5.80833	-165
5.81667	-165
5.82500	-165
5.83333	-165
5.84167	-165
5.85000	-165
5.85833	-165
5.86667	-165
5.87500	-165
5.88333	-165
5.89167	-165
5.90000	-166
5.90833	-166
5.91667	-166
5.92500	-167
5.93333	-167
5.94167	-167
5.95000	-168
5.95833	-168
5.96667	-168
5.97500	-167
5.98333	-167
5.99167	-167
6.00000	-167
6.00833	-167
6.01667	-167
6.02500	-167
6.03333	-167
6.04167	-168
6.05000	-168
6.05833	-168
6.06667	-168
6.07500	-168
6.08333	-167
6.09167	-167
6.10000	-167
6.10833	-167
6.11667	-168
6.12500	-168
6.13333	-168
6.14167	-168
6.15000	-168
6.15833	-168
6.16667	-168
6.17500	-168
6.18333	-168
6.19167	-168
6.20000	-168
6.20833	-168
6.21667	-168
6.22500	-168
6.23333	-168
6.24167	-168
6.25000	-168
6.25833	-168
6.26667	-168
6.27500	-168
6.28333	-167
6.29167	-167
6.30000	-167
6.30833	-166
6.31667	-167
6.32500	-166
6.33333	-166
6.34167	-167
6.35000	-167
6.35833	-167
6.36667	-167
6.37500	-166
6.38333	-166
6.39167	-166
6.40000	-166
6.40833	-165
6.41667	-165
6.42500	-165
6.43333	-165
6.44167	-165
6.45000	-165
6.45833	-165
6.46667	-165
6.47500	-165
6.48333	-165
6.49167	-164
6.50000	-164
6.50833	-164
6.51667	-164
6.52500	-164
6.53333	-164
6.54167	-164
6.55000	-163
6.55833	-163
6.56667	-163
6.57500	-163
6.58333	-163
6.59167	-163
6.60000	-163
6.60833	-164
6.61667	-164
6.62500	-164
6.63333	-165
6.64167	-165
6.65000	-165
6.65833	-165
6.66667	-165
6.67500	-165
6.68333	-165
6.69167	-165
6.70000	-165
6.70833	-165
6.71667	-166
6.72500	-166
6.73333	-166
6.74167	-166
6.75000	-166
6.75833	-166
6.76667	-167
6.77500	-167
6.78333	-167
6.79167	-167
6.80000	-167
6.80833	-167
6.81667	-167
6.82500	-167
6.83333	-168
6.84167	-168
6.85000	-168
6.85833	-168
6.86667	-168
6.87500	-169
6.88333	-169
6.89167	-169
6.90000	-169
6.90833	-169
6.91667	-169
6.92500	-170
6.93333	-170
6.94167	-169
6.95000	-169
6.95833	-169
6.96667	-169
6.97500	-169
6.98333	-168
6.99167	-168
7.00000	-167
7.00833	-167
7.01667	-166
7.02500	-165
7.03333	-165
7.04167	-163
7.05000	-162
7.05833	-160
7.06667	-158
7.07500	-156
7.08333	-153
7.09167	-149
7.10000	-144
7.10833	-139
7.11667	-134
7.12500	-127
7.13333	-120
7.14167	-111
7.15000	-101
7.15833	-90
7.16667	-77
7.17500	-63
7.18333	-48
7.19167	-31
7.20000	-13
7.20833	7
7.21667	28
7.22500	50
7.23333	73
7.24167	97
7.25000	121
7.25833	145
7.26667	167
7.27500	187
7.28333	203
7.29167	213
7.30000	216
7.30833	211
7.31667	196
7.32500	173
7.33333	143
7.34167	109
7.35000	80
7.35833	64
7.36667	75
7.37500	127
7.38333	239
7.39167	431
7.40000	722
7.40833	1131
7.41667	1675
7.42500	2369
7.43333	3221
7.44167	4235
7.45000	5408
7.45833	6728
7.46667	8176
7.47500	9721
7.48333	11322
7.49167	12929
7.50000	14483
7.50833	15921
7.51667	17177
7.52500	18189
7.53333	18909
7.54167	19300
7.55000	19348
7.55833	19060
7.56667	18462
7.57500	17599
7.58333	16524
7.59167	15302
7.60000	13993
7.60833	12655
7.61667	11337
7.62500	10080
7.63333	8910
7.64167	7846
7.65000	6897
7.65833	6064
7.66667	5341
7.67500	4722
7.68333	4195
7.69167	3748
7.70000	3370
7.70833	3050
7.71667	2777
7.72500	2543
7.73333	2341
7.74167	2164
7.75000	2009
7.75833	1870
7.76667	1745
7.77500	1631
7.78333	1527
7.79167	1432
7.80000	1344
7.80833	1262
7.81667	1186
7.82500	1113
7.83333	1046
7.84167	982
7.85000	922
7.85833	865
7.86667	810
7.87500	758
7.88333	709
7.89167	662
7.90000	618
7.90833	576
7.91667	537
7.92500	500
7.93333	466
7.94167	435
7.95000	407
7.95833	382
7.96667	359
7.97500	339
7.98333	321
7.99167	306
8.00000	293
8.00833	282
8.01667	272
8.02500	264
8.03333	256
8.04167	249
8.05000	243
8.05833	236
8.06667	230
8.07500	223
8.08333	216
8.09167	209
8.10000	202
8.10833	194
8.11667	187
8.12500	179
8.13333	171
8.14167	163
8.15000	155
8.15833	147
8.16667	140
8.17500	133
8.18333	126
8.19167	119
8.20000	113
8.20833	108
8.21667	103
8.22500	98
8.23333	94
8.24167	90
8.25000	86
8.25833	83
8.26667	79
8.27500	77
8.28333	74
8.29167	72
8.30000	70
8.30833	68
8.31667	66
8.32500	65
8.33333	64
8.34167	63
8.35000	62
8.35833	61
8.36667	60
8.37500	59
8.38333	58
8.39167	57
8.40000	56
8.40833	55
8.41667	54
8.42500	53
8.43333	51
8.44167	50
8.45000	49
8.45833	48
8.46667	47
8.47500	45
8.48333	44
8.49167	42
8.50000	40
8.50833	39
8.51667	37
8.52500	36
8.53333	35
8.54167	33
8.55000	32
8.55833	30
8.56667	29
8.57500	27
8.58333	26
8.59167	25
8.60000	24
8.60833	23
8.61667	22
8.62500	22
8.63333	21
8.64167	21
8.65000	21
8.65833	21
8.66667	22
8.67500	23
8.68333	23
8.69167	25
8.70000	27
8.70833	28
8.71667	31
8.72500	33
8.73333	36
8.74167	39
8.75000	42
8.75833	45
8.76667	49
8.77500	53
8.78333	57
8.79167	61
8.80000	66
8.80833	71
8.81667	76
8.82500	82
8.83333	89
8.84167	97
8.85000	107
8.85833	119
8.86667	133
8.87500	149
8.88333	169
8.89167	193
8.90000	222
8.90833	257
8.91667	298
8.92500	347
8.93333	404
8.94167	469
8.95000	544
8.95833	628
8.96667	721
8.97500	822
8.98333	931
8.99167	1047
9.00000	1168
9.00833	1293
9.01667	1419
9.02500	1543
9.03333	1663
9.04167	1777
9.05000	1882
9.05833	1976
9.06667	2057
9.07500	2123
9.08333	2173
9.09167	2205
9.10000	2220
9.10833	2218
9.11667	2200
9.12500	2165
9.13333	2117
9.14167	2055
9.15000	1982
9.15833	1900
9.16667	1811
9.17500	1716
9.18333	1618
9.19167	1518
9.20000	1418
9.20833	1320
9.21667	1224
9.22500	1132
9.23333	1044
9.24167	962
9.25000	884
9.25833	812
9.26667	746
9.27500	685
9.28333	630
9.29167	581
9.30000	537
9.30833	498
9.31667	463
9.32500	433
9.33333	408
9.34167	386
9.35000	368
9.35833	353
9.36667	342
9.37500	335
9.38333	331
9.39167	332
9.40000	337
9.40833	347
9.41667	362
9.42500	384
9.43333	413
9.44167	453
9.45000	503
9.45833	566
9.46667	646
9.47500	744
9.48333	866
9.49167	1016
9.50000	1197
9.50833	1414
9.51667	1674
9.52500	1982
9.53333	2342
9.54167	2761
9.55000	3241
9.55833	3787
9.56667	4399
9.57500	5078
9.58333	5823
9.59167	6631
9.60000	7496
9.60833	8410
9.61667	9365
9.62500	10347
9.63333	11344
9.64167	12341
9.65000	13323
9.65833	14274
9.66667	15179
9.67500	16023
9.68333	16792
9.69167	17474
9.70000	18061
9.70833	18544
9.71667	18921
9.72500	19190
9.73333	19353
9.74167	19413
9.75000	19378
9.75833	19256
9.76667	19058
9.77500	18797
9.78333	18484
9.79167	18135
9.80000	17761
9.80833	17375
9.81667	16990
9.82500	16617
9.83333	16266
9.84167	15946
9.85000	15662
9.85833	15423
9.86667	15231
9.87500	15091
9.88333	15003
9.89167	14970
9.90000	14992
9.90833	15066
9.91667	15192
9.92500	15369
9.93333	15592
9.94167	15859
9.95000	16168
9.95833	16515
9.96667	16897
9.97500	17311
9.98333	17753
9.99167	18220
10.00000	18708
10.00833	19214
10.01667	19734
10.02500	20263
10.03333	20796
10.04167	21325
10.05000	21840
10.05833	22326
10.06667	22759
10.07500	23111
10.08333	23347
10.09167	23429
10.10000	23318
10.10833	22984
10.11667	22406
10.12500	21580
10.13333	20521
10.14167	19261
10.15000	17846
10.15833	16329
10.16667	14766
10.17500	13211
10.18333	11708
10.19167	10292
10.20000	8989
10.20833	7811
10.21667	6764
10.22500	5847
10.23333	5053
10.24167	4372
10.25000	3792
10.25833	3301
10.26667	2887
10.27500	2538
10.28333	2244
10.29167	1996
10.30000	1787
10.30833	1609
10.31667	1457
10.32500	1326
10.33333	1213
10.34167	1114
10.35000	1028
10.35833	951
10.36667	882
10.37500	819
10.38333	763
10.39167	710
10.40000	662
10.40833	618
10.41667	577
10.42500	540
10.43333	505
10.44167	474
10.45000	445
10.45833	418
10.46667	394
10.47500	372
10.48333	353
10.49167	336
10.50000	322
10.50833	310
10.51667	301
10.52500	294
10.53333	289
10.54167	287
10.55000	286
10.55833	287
10.56667	290
10.57500	295
10.58333	301
10.59167	308
10.60000	316
10.60833	325
10.61667	335
10.62500	345
10.63333	357
10.64167	369
10.65000	384
10.65833	400
10.66667	419
10.67500	441
10.68333	467
10.69167	499
10.70000	537
10.70833	584
10.71667	640
10.72500	709
10.73333	793
10.74167	893
10.75000	1011
10.75833	1151
10.76667	1314
10.77500	1503
10.78333	1719
10.79167	1962
10.80000	2233
10.80833	2531
10.81667	2854
10.82500	3200
10.83333	3566
10.84167	3947
10.85000	4338
10.85833	4731
10.86667	5121
10.87500	5500
10.88333	5861
10.89167	6196
10.90000	6498
10.90833	6762
10.91667	6982
10.92500	7154
10.93333	7274
10.94167	7341
10.95000	7354
10.95833	7314
10.96667	7223
10.97500	7086
10.98333	6906
10.99167	6688
11.00000	6437
11.00833	6160
11.01667	5861
11.02500	5548
11.03333	5226
11.04167	4899
11.05000	4572
11.05833	4250
11.06667	3935
11.07500	3632
11.08333	3343
11.09167	3069
11.10000	2812
11.10833	2572
11.11667	2350
11.12500	2145
11.13333	1958
11.14167	1788
11.15000	1633
11.15833	1494
11.16667	1369
11.17500	1256
11.18333	1156
11.19167	1067
11.20000	987
11.20833	916
11.21667	852
11.22500	796
11.23333	745
11.24167	699
11.25000	658
11.25833	620
11.26667	586
11.27500	554
11.28333	525
11.29167	497
11.30000	471
11.30833	446
11.31667	424
11.32500	401
11.33333	380
11.34167	360
11.35000	340
11.35833	321
11.36667	303
11.37500	286
11.38333	268
11.39167	252
11.40000	236
11.40833	220
11.41667	206
11.42500	192
11.43333	179
11.44167	166
11.45000	154
11.45833	142
11.46667	131
11.47500	122
11.48333	112
11.49167	103
11.50000	95
11.50833	88
11.51667	81
11.52500	74
11.53333	68
11.54167	62
11.55000	57
11.55833	52
11.56667	48
11.57500	44
11.58333	41
11.59167	38
11.60000	35
11.60833	32
11.61667	30
11.62500	28
11.63333	26
11.64167	25
11.65000	23
11.65833	23
11.66667	23
11.67500	24
11.68333	25
11.69167	26
11.70000	27
11.70833	29
11.71667	31
11.72500	34
11.73333	37
11.74167	40
11.75000	43
11.75833	46
11.76667	49
11.77500	52
11.78333	54
11.79167	56
11.80000	58
11.80833	59
11.81667	59
11.82500	60
11.83333	59
11.84167	58
11.85000	57
11.85833	55
11.86667	52
11.87500	48
11.88333	44
11.89167	40
11.90000	36
11.90833	32
11.91667	28
11.92500	23
11.93333	18
11.94167	13
11.95000	8
11.95833	4
11.96667	-0
11.97500	-4
11.98333	-7
11.99167	-10
12.00000	-13
12.00833	-15
12.01667	-18
12.02500	-19
12.03333	-21
12.04167	-22
12.05000	-23
12.05833	-24
12.06667	-24
12.07500	-24
12.08333	-25
12.09167	-25
12.10000	-25
12.10833	-25
12.11667	-25
12.12500	-25
12.13333	-25
12.14167	-25
12.15000	-26
12.15833	-26
12.16667	-27
12.17500	-27
12.18333	-28
12.19167	-29
12.20000	-30
12.20833	-31
12.21667	-31
12.22500	-32
12.23333	-33
12.24167	-34
12.25000	-35
12.25833	-36
12.26667	-37
12.27500	-39
12.28333	-40
12.29167	-42
12.30000	-43
12.30833	-45
12.31667	-47
12.32500	-49
12.33333	-51
12.34167	-53
12.35000	-54
12.35833	-56
12.36667	-58
12.37500	-59
12.38333	-61
12.39167	-63
12.40000	-65
12.40833	-67
12.41667	-69
12.42500	-70
12.43333	-72
12.44167	-73
12.45000	-74
12.45833	-75
12.46667	-76
12.47500	-77
12.48333	-77
12.49167	-78
12.50000	-78
12.50833	-78
12.51667	-79
12.52500	-79
12.53333	-80
12.54167	-80
12.55000	-79
12.55833	-79
12.56667	-79
12.57500	-78
12.58333	-78
12.59167	-77
12.60000	-77
12.60833	-76
12.61667	-74
12.62500	-73
12.63333	-72
12.64167	-71
12.65000	-70
12.65833	-69
12.66667	-67
12.67500	-66
12.68333	-65
12.69167	-63
12.70000	-61
12.70833	-60
12.71667	-59
12.72500	-58
12.73333	-57
12.74167	-56
12.75000	-55
12.75833	-54
12.76667	-54
12.77500	-53
12.78333	-53
12.79167	-53
12.80000	-52
12.80833	-52
12.81667	-52
12.82500	-52
12.83333	-52
12.84167	-52
12.85000	-52
12.85833	-52
12.86667	-52
12.87500	-52
12.88333	-52
12.89167	-51
12.90000	-51
12.90833	-50
12.91667	-49
12.92500	-48
12.93333	-47
12.94167	-47
12.95000	-46
12.95833	-45
12.96667	-43
12.97500	-42
12.98333	-41
12.99167	-39
13.00000	-38
13.00833	-37
13.01667	-36
13.02500	-35
13.03333	-33
13.04167	-32
13.05000	-31
13.05833	-30
13.06667	-29
13.07500	-27
13.08333	-27
13.09167	-26
13.10000	-26
13.10833	-26
13.11667	-26
13.12500	-26
13.13333	-26
13.14167	-26
13.15000	-27
13.15833	-27
13.16667	-27
13.17500	-27
13.18333	-27
13.19167	-27
13.20000	-28
13.20833	-28
13.21667	-28
13.22500	-29
13.23333	-29
13.24167	-30
13.25000	-30
13.25833	-30
13.26667	-30
13.27500	-30
13.28333	-31
13.29167	-31
13.30000	-31
13.30833	-31
13.31667	-31
13.32500	-30
13.33333	-29
13.34167	-29
13.35000	-28
13.35833	-27
13.36667	-27
13.37500	-26
13.38333	-25
13.39167	-24
13.40000	-23
13.40833	-22
13.41667	-21
13.42500	-20
13.43333	-19
13.44167	-17
13.45000	-16
13.45833	-14
13.46667	-12
13.47500	-10
13.48333	-9
13.49167	-7
13.50000	-5
13.50833	-3
13.51667	-1
13.52500	2
13.53333	5
13.54167	8
13.55000	11
13.55833	15
13.56667	19
13.57500	24
13.58333	29
13.59167	34
13.60000	40
13.60833	47
13.61667	54
13.62500	61
13.63333	69
13.64167	78
13.65000	87
13.65833	96
13.66667	106
13.67500	116
13.68333	126
13.69167	136
13.70000	147
13.70833	156
13.71667	166
13.72500	175
13.73333	183
13.74167	191
13.75000	199
13.75833	206
13.76667	213
13.77500	219
13.78333	225
13.79167	230
13.80000	234
13.80833	239
13.81667	243
13.82500	247
13.83333	251
13.84167	255
13.85000	259
13.85833	264
13.86667	268
13.87500	274
13.88333	279
13.89167	285
13.90000	291
13.90833	297
13.91667	303
13.92500	309
13.93333	315
13.94167	320
13.95000	324
13.95833	328
13.96667	332
13.97500	335
13.98333	337
13.99167	337
14.00000	337
14.00833	335
14.01667	332
14.02500	328
14.03333	324
14.04167	318
14.05000	311
14.05833	304
14.06667	296
14.07500	288
14.08333	279
14.09167	270
14.10000	261
14.10833	252
14.11667	243
14.12500	235
14.13333	226
14.14167	218
14.15000	210
14.15833	203
14.16667	196
14.17500	190
14.18333	184
14.19167	179
14.20000	174
14.20833	170
14.21667	166
14.22500	163
14.23333	160
14.24167	157
14.25000	155
14.25833	153
14.26667	152
14.27500	151
14.28333	150
14.29167	149
14.30000	149
14.30833	149
14.31667	149
14.32500	149
14.33333	150
14.34167	151
14.35000	152
14.35833	153
14.36667	153
14.37500	154
14.38333	155
14.39167	156
14.40000	157
14.40833	159
14.41667	160
14.42500	161
14.43333	162
14.44167	164
14.45000	165
14.45833	167
14.46667	168
14.47500	169
14.48333	170
14.49167	171
14.50000	172
14.50833	172
14.51667	173
14.52500	174
14.53333	174
14.54167	175
14.55000	175
14.55833	175
14.56667	176
14.57500	177
14.58333	177
14.59167	177
14.60000	177
14.60833	177
14.61667	177
14.62500	176
14.63333	176
14.64167	176
14.65000	175
14.65833	175
14.66667	175
14.67500	175
14.68333	175
14.69167	175
14.70000	175
14.70833	174
14.71667	174
14.72500	173
14.73333	173
14.74167	172
14.75000	171
14.75833	170
14.76667	169
14.77500	169
14.78333	168
14.79167	168
14.80000	168
14.80833	168
14.81667	169
14.82500	169
14.83333	169
14.84167	169
14.85000	169
14.85833	169
14.86667	169
14.87500	169
14.88333	169
14.89167	169
14.90000	169
14.90833	169
14.91667	169
14.92500	170
14.93333	170
14.94167	170
14.95000	170
14.95833	170
14.96667	170
14.97500	170
14.98333	170
14.99167	170
15.00000	171
15.00833	171
15.01667	172
15.02500	173
15.03333	174
15.04167	176
15.05000	178
15.05833	180
15.06667	182
15.07500	185
15.08333	189
15.09167	193
15.10000	198
15.10833	204
15.11667	210
15.12500	217
15.13333	225
15.14167	233
15.15000	242
15.15833	252
15.16667	262
15.17500	273
15.18333	284
15.19167	295
15.20000	307
15.20833	319
15.21667	330
15.22500	341
15.23333	351
15.24167	361
15.25000	369
15.25833	377
15.26667	383
15.27500	388
15.28333	391
15.29167	393
15.30000	393
15.30833	392
15.31667	389
15.32500	385
15.33333	379
15.34167	372
15.35000	362
15.35833	352
15.36667	341
15.37500	329
15.38333	316
15.39167	303
15.40000	289
15.40833	275
15.41667	260
15.42500	246
15.43333	231
15.44167	217
15.45000	202
15.45833	189
15.46667	175
15.47500	162
15.48333	150
15.49167	139
15.50000	128
15.50833	117
15.51667	107
15.52500	98
15.53333	89
15.54167	81
15.55000	74
15.55833	66
15.56667	59
15.57500	53
15.58333	47
15.59167	41
15.60000	36
15.60833	31
15.61667	27
15.62500	23
15.63333	19
15.64167	16
15.65000	13
15.65833	11
15.66667	8
15.67500	5
15.68333	3
15.69167	0
15.70000	-2
15.70833	-3
15.71667	-5
15.72500	-6
15.73333	-7
15.74167	-8
15.75000	-9
15.75833	-10
15.76667	-10
15.77500	-11
15.78333	-12
15.79167	-12
15.80000	-13
15.80833	-13
15.81667	-13
15.82500	-13
15.83333	-13
15.84167	-12
15.85000	-12
15.85833	-11
15.86667	-10
15.87500	-9
15.88333	-7
15.89167	-6
15.90000	-4
15.90833	-1
15.91667	2
15.92500	5
15.93333	9
15.94167	13
15.95000	18
15.95833	24
15.96667	31
15.97500	39
15.98333	47
15.99167	56
16.00000	66
16.00833	78
16.01667	90
16.02500	102
16.03333	116
16.04167	129
16.05000	143
16.05833	158
16.06667	172
16.07500	187
16.08333	202
16.09167	217
16.10000	230
16.10833	244
16.11667	256
16.12500	267
16.13333	277
16.14167	286
16.15000	293
16.15833	298
16.16667	302
16.17500	304
16.18333	304
16.19167	303
16.20000	300
16.20833	297
16.21667	292
16.22500	286
16.23333	279
16.24167	270
16.25000	262
16.25833	253
16.26667	243
16.27500	233
16.28333	224
16.29167	214
16.30000	205
16.30833	197
16.31667	189
16.32500	182
16.33333	176
16.34167	171
16.35000	167
16.35833	164
16.36667	162
16.37500	162
16.38333	162
16.39167	164
16.40000	167
16.40833	171
16.41667	177
16.42500	184
16.43333	193
16.44167	202
16.45000	213
16.45833	226
16.46667	239
16.47500	254
16.48333	270
16.49167	288
16.50000	307
16.50833	328
16.51667	349
16.52500	371
16.53333	395
16.54167	418
16.55000	443
16.55833	468
16.56667	493
16.57500	517
16.58333	542
16.59167	566
16.60000	588
16.60833	610
16.61667	630
16.62500	649
16.63333	665
16.64167	679
16.65000	690
16.65833	699
16.66667	704
16.67500	707
16.68333	707
16.69167	704
16.70000	698
16.70833	689
16.71667	677
16.72500	663
16.73333	646
16.74167	628
16.75000	607
16.75833	585
16.76667	560
16.77500	535
16.78333	509
16.79167	482
16.80000	454
16.80833	427
16.81667	400
16.82500	373
16.83333	346
16.84167	320
16.85000	294
16.85833	270
16.86667	247
16.87500	225
16.88333	204
16.89167	184
16.90000	165
16.90833	147
16.91667	130
16.92500	114
16.93333	100
16.94167	86
16.95000	73
16.95833	61
16.96667	50
16.97500	40
16.98333	31
16.99167	23
17.00000	15
17.00833	8
17.01667	1
17.02500	-5
17.03333	-12
17.04167	-17
17.05000	-23
17.05833	-27
17.06667	-32
17.07500	-36
17.08333	-40
17.09167	-44
17.10000	-48
17.10833	-51
17.11667	-54
17.12500	-57
17.13333	-60
17.14167	-62
17.15000	-65
17.15833	-67
17.16667	-69
17.17500	-70
17.18333	-72
17.19167	-74
17.20000	-75
17.20833	-77
17.21667	-78
17.22500	-80
17.23333	-81
17.24167	-82
17.25000	-83
17.25833	-83
17.26667	-84
17.27500	-85
17.28333	-85
17.29167	-86
17.30000	-87
17.30833	-88
17.31667	-88
17.32500	-88
17.33333	-89
17.34167	-89
17.35000	-90
17.35833	-91
17.36667	-91
17.37500	-92
17.38333	-92
17.39167	-92
17.40000	-92
17.40833	-92
17.41667	-93
17.42500	-93
17.43333	-93
17.44167	-93
17.45000	-93
17.45833	-93
17.46667	-92
17.47500	-92
17.48333	-92
17.49167	-92
17.50000	-91
17.50833	-91
17.51667	-90
17.52500	-90
17.53333	-89
17.54167	-89
17.55000	-88
17.55833	-87
17.56667	-86
17.57500	-85
17.58333	-83
17.59167	-81
17.60000	-80
17.60833	-78
17.61667	-76
17.62500	-73
17.63333	-71
17.64167	-69
17.65000	-66
17.65833	-62
17.66667	-59
17.67500	-54
17.68333	-49
17.69167	-44
17.70000	-38
17.70833	-32
17.71667	-25
17.72500	-17
17.73333	-9
17.74167	0
17.75000	11
17.75833	22
17.76667	35
17.77500	49
17.78333	65
17.79167	82
17.80000	101
17.80833	121
17.81667	144
17.82500	169
17.83333	197
17.84167	228
17.85000	262
17.85833	299
17.86667	340
17.87500	385
17.88333	435
17.89167	490
17.90000	549
17.90833	614
17.91667	685
17.92500	762
17.93333	845
17.94167	934
17.95000	1030
17.95833	1133
17.96667	1241
17.97500	1354
17.98333	1474
17.99167	1598
18.00000	1727
18.00833	1861
18.01667	1996
18.02500	2134
18.03333	2273
18.04167	2412
18.05000	2550
18.05833	2684
18.06667	2815
18.07500	2940
18.08333	3058
18.09167	3168
18.10000	3269
18.10833	3359
18.11667	3437
18.12500	3502
18.13333	3554
18.14167	3591
18.15000	3615
18.15833	3624
18.16667	3620
18.17500	3600
18.18333	3567
18.19167	3521
18.20000	3461
18.20833	3390
18.21667	3308
18.22500	3216
18.23333	3116
18.24167	3009
18.25000	2895
18.25833	2777
18.26667	2654
18.27500	2529
18.28333	2402
18.29167	2275
18.30000	2149
18.30833	2023
18.31667	1900
18.32500	1780
18.33333	1664
18.34167	1552
18.35000	1444
18.35833	1340
18.36667	1242
18.37500	1148
18.38333	1060
18.39167	977
18.40000	899
18.40833	826
18.41667	758
18.42500	694
18.43333	635
18.44167	581
18.45000	530
18.45833	483
18.46667	440
18.47500	400
18.48333	364
18.49167	330
18.50000	299
18.50833	270
18.51667	244
18.52500	221
18.53333	199
18.54167	179
18.55000	161
18.55833	145
18.56667	130
18.57500	117
18.58333	104
18.59167	93
18.60000	83
18.60833	74
18.61667	66
18.62500	59
18.63333	54
18.64167	50
18.65000	46
18.65833	44
18.66667	42
18.67500	40
18.68333	40
18.69167	41
18.70000	42
18.70833	44
18.71667	47
18.72500	50
18.73333	54
18.74167	59
18.75000	64
18.75833	70
18.76667	77
18.77500	85
18.78333	93
18.79167	102
18.80000	110
18.80833	119
18.81667	128
18.82500	137
18.83333	146
18.84167	155
18.85000	164
18.85833	172
18.86667	180
18.87500	188
18.88333	195
18.89167	201
18.90000	207
18.90833	212
18.91667	216
18.92500	220
18.93333	222
18.94167	223
18.95000	223
18.95833	222
18.96667	220
18.97500	217
18.98333	213
18.99167	209
19.00000	203
19.00833	197
19.01667	190
19.02500	182
19.03333	174
19.04167	165
19.05000	156
19.05833	146
19.06667	137
19.07500	127
19.08333	116
19.09167	106
19.10000	96
19.10833	85
19.11667	75
19.12500	65
19.13333	55
19.14167	45
19.15000	36
19.15833	27
19.16667	19
19.17500	11
19.18333	3
19.19167	-4
19.20000	-11
19.20833	-18
19.21667	-25
19.22500	-30
19.23333	-36
19.24167	-41
19.25000	-46
19.25833	-50
19.26667	-54
19.27500	-57
19.28333	-61
19.29167	-63
19.30000	-66
19.30833	-69
19.31667	-72
19.32500	-74
19.33333	-76
19.34167	-78
19.35000	-79
19.35833	-80
19.36667	-81
19.37500	-82
19.38333	-83
19.39167	-83
19.40000	-84
19.40833	-84
19.41667	-84
19.42500	-84
19.43333	-84
19.44167	-84
19.45000	-84
19.45833	-84
19.46667	-83
19.47500	-83
19.48333	-83
19.49167	-83
19.50000	-83
19.50833	-82
19.51667	-82
19.52500	-82
19.53333	-82
19.54167	-82
19.55000	-81
19.55833	-81
19.56667	-81
19.57500	-81
19.58333	-80
19.59167	-80
19.60000	-81
19.60833	-81
19.61667	-81
19.62500	-81
19.63333	-81
19.64167	-81
19.65000	-81
19.65833	-81
19.66667	-81
19.67500	-82
19.68333	-82
19.69167	-82
19.70000	-82
19.70833	-82
19.71667	-83
19.72500	-83
19.73333	-83
19.74167	-83
19.75000	-83
19.75833	-83
19.76667	-83
19.77500	-83
19.78333	-84
19.79167	-84
19.80000	-85
19.80833	-86
19.81667	-87
19.82500	-87
19.83333	-88
19.84167	-89
19.85000	-89
19.85833	-90
19.86667	-90
19.87500	-91
19.88333	-91
19.89167	-92
19.90000	-92
19.90833	-93
19.91667	-93
19.92500	-94
19.93333	-95
19.94167	-96
19.95000	-97
19.95833	-97
19.96667	-98
19.97500	-98
19.98333	-98
19.99167	-99
20.00000	-99
20.00833	-99
20.01667	-99
20.02500	-99
20.03333	-99
20.04167	-99
20.05000	-99
20.05833	-100
20.06667	-100
20.07500	-100
20.08333	-100
20.09167	-100
20.10000	-100
20.10833	-100
20.11667	-100
20.12500	-100
20.13333	-100
20.14167	-100
20.15000	-99
20.15833	-99
20.16667	-98
20.17500	-98
20.18333	-98
20.19167	-97
20.20000	-97
20.20833	-97
20.21667	-97
20.22500	-97
20.23333	-97
20.24167	-97
20.25000	-96
20.25833	-96
20.26667	-96
20.27500	-95
20.28333	-95
20.29167	-94
20.30000	-93
20.30833	-92
20.31667	-92
20.32500	-92
20.33333	-91
20.34167	-91
20.35000	-90
20.35833	-89
20.36667	-88
20.37500	-87
20.38333	-86
20.39167	-84
20.40000	-83
20.40833	-81
20.41667	-79
20.42500	-77
20.43333	-75
20.44167	-73
20.45000	-70
20.45833	-68
20.46667	-65
20.47500	-61
20.48333	-58
20.49167	-54
20.50000	-49
20.50833	-45
20.51667	-40
20.52500	-34
20.53333	-29
20.54167	-23
20.55000	-16
20.55833	-8
20.56667	-1
20.57500	8
20.58333	17
20.59167	28
20.60000	39
20.60833	50
20.61667	63
20.62500	76
20.63333	91
20.64167	106
20.65000	123
20.65833	140
20.66667	159
20.67500	178
20.68333	199
20.69167	222
20.70000	246
20.70833	271
20.71667	297
20.72500	325
20.73333	353
20.74167	384
20.75000	415
20.75833	447
20.76667	481
20.77500	515
20.78333	549
20.79167	585
20.80000	621
20.80833	658
20.81667	695
20.82500	732
20.83333	769
20.84167	806
20.85000	842
20.85833	879
20.86667	915
20.87500	950
20.88333	985
20.89167	1019
20.90000	1052
20.90833	1085
20.91667	1116
20.92500	1147
20.93333	1177
20.94167	1206
20.95000	1234
20.95833	1262
20.96667	1288
20.97500	1315
20.98333	1341
20.99167	1367
21.00000	1393
21.00833	1419
21.01667	1446
21.02500	1474
21.03333	1502
21.04167	1532
21.05000	1563
21.05833	1595
21.06667	1630
21.07500	1667
21.08333	1707
21.09167	1751
21.10000	1798
21.10833	1850
21.11667	1906
21.12500	1967
21.13333	2034
21.14167	2107
21.15000	2186
21.15833	2273
21.16667	2368
21.17500	2472
21.18333	2586
21.19167	2709
21.20000	2842
21.20833	2987
21.21667	3144
21.22500	3313
21.23333	3496
21.24167	3692
21.25000	3901
21.25833	4125
21.26667	4363
21.27500	4616
21.28333	4882
21.29167	5163
21.30000	5458
21.30833	5767
21.31667	6088
21.32500	6420
21.33333	6764
21.34167	7118
21.35000	7479
21.35833	7847
21.36667	8220
21.37500	8596
21.38333	8973
21.39167	9348
21.40000	9720
21.40833	10086
21.41667	10444
21.42500	10792
21.43333	11127
21.44167	11447
21.45000	11749
21.45833	12031
21.46667	12292
21.47500	12528
21.48333	12740
21.49167	12924
21.50000	13081
21.50833	13208
21.51667	13306
21.52500	13373
21.53333	13409
21.54167	13414
21.55000	13388
21.55833	13331
21.56667	13245
21.57500	13129
21.58333	12986
21.59167	12815
21.60000	12620
21.60833	12402
21.61667	12161
21.62500	11901
21.63333	11622
21.64167	11327
21.65000	11019
21.65833	10697
21.66667	10366
21.67500	10026
21.68333	9681
21.69167	9330
21.70000	8977
21.70833	8623
21.71667	8269
21.72500	7918
21.73333	7570
21.74167	7226
21.75000	6889
21.75833	6559
21.76667	6236
21.77500	5922
21.78333	5617
21.79167	5321
21.80000	5036
21.80833	4761
21.81667	4497
21.82500	4243
21.83333	4000
21.84167	3768
21.85000	3546
21.85833	3336
21.86667	3135
21.87500	2945
21.88333	2764
21.89167	2592
21.90000	2430
21.90833	2277
21.91667	2132
21.92500	1995
21.93333	1866
21.94167	1745
21.95000	1630
21.95833	1523
21.96667	1422
21.97500	1327
21.98333	1237
21.99167	1153
22.00000	1074
22.00833	1000
22.01667	930
22.02500	864
22.03333	803
22.04167	745
22.05000	691
22.05833	641
22.06667	593
22.07500	548
22.08333	506
22.09167	467
22.10000	431
22.10833	397
22.11667	366
22.12500	336
22.13333	308
22.14167	282
22.15000	258
22.15833	236
22.16667	216
22.17500	197
22.18333	180
22.19167	163
22.20000	149
22.20833	135
22.21667	123
22.22500	112
22.23333	102
22.24167	93
22.25000	85
22.25833	78
22.26667	71
22.27500	65
22.28333	59
22.29167	55
22.30000	51
22.30833	48
22.31667	45
22.32500	42
22.33333	39
22.34167	37
22.35000	35
22.35833	34
22.36667	33
22.37500	32
22.38333	32
22.39167	31
22.40000	30
22.40833	29
22.41667	28
22.42500	27
22.43333	26
22.44167	25
22.45000	23
22.45833	21
22.46667	19
22.47500	17
22.48333	15
22.49167	12
22.50000	9
22.50833	6
22.51667	2
22.52500	-1
22.53333	-5
22.54167	-10
22.55000	-14
22.55833	-20
22.56667	-25
22.57500	-31
22.58333	-37
22.59167	-43
22.60000	-50
22.60833	-56
22.61667	-63
22.62500	-69
22.63333	-76
22.64167	-83
22.65000	-89
22.65833	-96
22.66667	-102
22.67500	-108
22.68333	-115
22.69167	-121
22.70000	-128
22.70833	-133
22.71667	-139
22.72500	-145
22.73333	-150
22.74167	-154
22.75000	-159
22.75833	-164
22.76667	-168
22.77500	-173
22.78333	-176
22.79167	-180
22.80000	-183
22.80833	-186
22.81667	-188
22.82500	-190
22.83333	-192
22.84167	-194
22.85000	-195
22.85833	-196
22.86667	-196
22.87500	-196
22.88333	-196
22.89167	-196
22.90000	-195
22.90833	-194
22.91667	-193
22.92500	-192
22.93333	-190
22.94167	-188
22.95000	-186
22.95833	-184
22.96667	-182
22.97500	-180
22.98333	-177
22.99167	-175
23.00000	-172
23.00833	-170
23.01667	-167
23.02500	-164
23.03333	-161
23.04167	-159
23.05000	-156
23.05833	-153
23.06667	-150
23.07500	-147
23.08333	-145
23.09167	-143
23.10000	-141
23.10833	-138
23.11667	-137
23.12500	-135
23.13333	-133
23.14167	-131
23.15000	-129
23.15833	-128
23.16667	-127
23.17500	-126
23.18333	-124
23.19167	-123
23.20000	-123
23.20833	-122
23.21667	-122
23.22500	-121
23.23333	-121
23.24167	-121
23.25000	-121
23.25833	-121
23.26667	-121
23.27500	-121
23.28333	-121
23.29167	-122
23.30000	-122
23.30833	-122
23.31667	-122
23.32500	-123
23.33333	-123
23.34167	-123
23.35000	-124
23.35833	-125
23.36667	-125
23.37500	-126
23.38333	-126
23.39167	-126
23.40000	-127
23.40833	-127
23.41667	-128
23.42500	-128
23.43333	-129
23.44167	-129
23.45000	-130
23.45833	-130
23.46667	-130
23.47500	-130
23.48333	-131
23.49167	-131
23.50000	-131
23.50833	-132
23.51667	-132
23.52500	-133
23.53333	-133
23.54167	-134
23.55000	-134
23.55833	-134
23.56667	-135
23.57500	-135
23.58333	-135
23.59167	-135
23.60000	-135
23.60833	-135
23.61667	-135
23.62500	-135
23.63333	-134
23.64167	-134
23.65000	-134
23.65833	-134
23.66667	-133
23.67500	-133
23.68333	-133
23.69167	-132
23.70000	-131
23.70833	-131
23.71667	-131
23.72500	-131
23.73333	-130
23.74167	-130
23.75000	-129
23.75833	-129
23.76667	-128
23.77500	-128
23.78333	-128
23.79167	-128
23.80000	-128
23.80833	-127
23.81667	-127
23.82500	-126
23.83333	-126
23.84167	-126
23.85000	-125
23.85833	-124
23.86667	-124
23.87500	-123
23.88333	-123
23.89167	-123
23.90000	-123
23.90833	-122
23.91667	-122
23.92500	-122
23.93333	-122
23.94167	-121
23.95000	-121
23.95833	-121
23.96667	-120
23.97500	-120
23.98333	-120
23.99167	-119
24.00000	-118
24.00833	-118
24.01667	-118
24.02500	-118
24.03333	-118
24.04167	-118
24.05000	-117
24.05833	-117
24.06667	-117
24.07500	-117
24.08333	-116
24.09167	-116
24.10000	-116
24.10833	-115
24.11667	-114
24.12500	-114
24.13333	-114
24.14167	-114
24.15000	-115
24.15833	-116
24.16667	-116
24.17500	-117
24.18333	-117
24.19167	-118
24.20000	-119
24.20833	-119
24.21667	-120
24.22500	-121
24.23333	-122
24.24167	-123
24.25000	-124
24.25833	-125
24.26667	-126
24.27500	-128
24.28333	-129
24.29167	-131
24.30000	-132
24.30833	-134
24.31667	-136
24.32500	-138
24.33333	-140
24.34167	-141
24.35000	-143
24.35833	-144
24.36667	-146
24.37500	-147
24.38333	-148
24.39167	-150
24.40000	-151
24.40833	-153
24.41667	-154
24.42500	-155
24.43333	-157
24.44167	-158
24.45000	-159
24.45833	-160
24.46667	-161
24.47500	-162
24.48333	-163
24.49167	-164
24.50000	-165
24.50833	-165
24.51667	-166
24.52500	-166
24.53333	-167
24.54167	-168
24.55000	-169
24.55833	-169
24.56667	-169
24.57500	-169
24.58333	-169
24.59167	-169
24.60000	-169
24.60833	-168
24.61667	-168
24.62500	-167
24.63333	-167
24.64167	-166
24.65000	-166
24.65833	-165
24.66667	-164
24.67500	-163
24.68333	-163
24.69167	-162
24.70000	-162
24.70833	-161
24.71667	-160
24.72500	-160
24.73333	-159
24.74167	-157
24.75000	-156
24.75833	-156
24.76667	-155
24.77500	-154
24.78333	-154
24.79167	-153
24.80000	-153
24.80833	-152
24.81667	-151
24.82500	-150
24.83333	-149
24.84167	-148
24.85000	-147
24.85833	-146
24.86667	-145
24.87500	-144
24.88333	-144
24.89167	-143
24.90000	-142
24.90833	-142
24.91667	-141
24.92500	-140
24.93333	-140
24.94167	-140
24.95000	-140
24.95833	-140
24.96667	-139
24.97500	-139
24.98333	-138
24.99167	-138
25.00000	-137
25.00833	-137
25.01667	-138
25.02500	-138
25.03333	-137
25.04167	-137
25.05000	-137
25.05833	-136
25.06667	-136
25.07500	-135
25.08333	-135
25.09167	-135
25.10000	-135
25.10833	-135
25.11667	-134
25.12500	-134
25.13333	-133
25.14167	-133
25.15000	-133
25.15833	-133
25.16667	-132
25.17500	-132
25.18333	-132
25.19167	-131
25.20000	-131
25.20833	-131
25.21667	-131
25.22500	-131
25.23333	-131
25.24167	-131
25.25000	-131
25.25833	-130
25.26667	-130
25.27500	-129
25.28333	-129
25.29167	-128
25.30000	-128
25.30833	-127
25.31667	-126
25.32500	-126
25.33333	-125
25.34167	-125
25.35000	-125
25.35833	-124
25.36667	-124
25.37500	-123
25.38333	-122
25.39167	-121
25.40000	-121
25.40833	-119
25.41667	-118
25.42500	-117
25.43333	-117
25.44167	-117
25.45000	-116
25.45833	-115
25.46667	-114
25.47500	-113
25.48333	-112
25.49167	-111
25.50000	-110
25.50833	-110
25.51667	-109
25.52500	-108
25.53333	-107
25.54167	-107
25.55000	-106
25.55833	-106
25.56667	-105
25.57500	-104
25.58333	-103
25.59167	-102
25.60000	-100
25.60833	-99
25.61667	-99
25.62500	-98
25.63333	-97
25.64167	-96
25.65000	-95
25.65833	-94
25.66667	-94
25.67500	-93
25.68333	-92
25.69167	-91
25.70000	-90
25.70833	-89
25.71667	-88
25.72500	-87
25.73333	-86
25.74167	-84
25.75000	-83
25.75833	-82
25.76667	-81
25.77500	-80
25.78333	-78
25.79167	-77
25.80000	-75
25.80833	-74
25.81667	-73
25.82500	-72
25.83333	-71
25.84167	-70
25.85000	-68
25.85833	-67
25.86667	-65
25.87500	-64
25.88333	-62
25.89167	-61
25.90000	-59
25.90833	-58
25.91667	-56
25.92500	-54
25.93333	-52
25.94167	-50
25.95000	-48
25.95833	-46
25.96667	-44
25.97500	-41
25.98333	-38
25.99167	-36
26.00000	-33
26.00833	-30
26.01667	-27
26.02500	-24
26.03333	-20
26.04167	-17
26.05000	-13
26.05833	-9
26.06667	-4
26.07500	1
26.08333	6
26.09167	11
26.10000	17
26.10833	24
26.11667	30
26.12500	37
26.13333	44
26.14167	52
26.15000	60
26.15833	69
26.16667	78
26.17500	87
26.18333	98
26.19167	108
26.20000	119
26.20833	131
26.21667	143
26.22500	156
26.23333	170
26.24167	184
26.25000	199
26.25833	214
26.26667	230
26.27500	246
26.28333	263
26.29167	281
26.30000	299
26.30833	318
26.31667	338
26.32500	358
26.33333	378
26.34167	399
26.35000	420
26.35833	441
26.36667	462
26.37500	483
26.38333	505
26.39167	526
26.40000	548
26.40833	569
26.41667	590
26.42500	610
26.43333	630
26.44167	649
26.45000	667
26.45833	684
26.46667	701
26.47500	716
26.48333	730
26.49167	743
26.50000	755
26.50833	766
26.51667	776
26.52500	784
26.53333	791
26.54167	797
26.55000	801
26.55833	803
26.56667	804
26.57500	803
26.58333	801
26.59167	797
26.60000	791
26.60833	785
26.61667	777
26.62500	768
26.63333	757
26.64167	745
26.65000	732
26.65833	718
26.66667	704
26.67500	688
26.68333	672
26.69167	655
26.70000	637
26.70833	619
26.71667	601
26.72500	582
26.73333	563
26.74167	544
26.75000	525
26.75833	505
26.76667	486
26.77500	467
26.78333	448
26.79167	430
26.80000	411
26.80833	393
26.81667	376
26.82500	359
26.83333	342
26.84167	326
26.85000	310
26.85833	295
26.86667	280
26.87500	265
26.88333	251
26.89167	237
26.90000	224
26.90833	212
26.91667	200
26.92500	188
26.93333	177
26.94167	167
26.95000	158
26.95833	148
26.96667	139
26.97500	130
26.98333	121
26.99167	113
27.00000	105
27.00833	98
27.01667	91
27.02500	84
27.03333	77
27.04167	71
27.05000	65
27.05833	59
27.06667	53
27.07500	48
27.08333	43
27.09167	38
27.10000	33
27.10833	29
27.11667	25
27.12500	20
27.13333	16
27.14167	11
27.15000	7
27.15833	3
27.16667	-1
27.17500	-5
27.18333	-9
27.19167	-12
27.20000	-15
27.20833	-19
27.21667	-22
27.22500	-26
27.23333	-29
27.24167	-32
27.25000	-34
27.25833	-37
27.26667	-40
27.27500	-42
27.28333	-45
27.29167	-48
27.30000	-50
27.30833	-53
27.31667	-55
27.32500	-57
27.33333	-59
27.34167	-62
27.35000	-64
27.35833	-67
27.36667	-69
27.37500	-71
27.38333	-73
27.39167	-75
27.40000	-77
27.40833	-78
27.41667	-79
27.42500	-81
27.43333	-83
27.44167	-84
27.45000	-85
27.45833	-87
27.46667	-88
27.47500	-89
27.48333	-90
27.49167	-91
27.50000	-92
27.50833	-93
27.51667	-95
27.52500	-96
27.53333	-97
27.54167	-97
27.55000	-98
27.55833	-99
27.56667	-100
27.57500	-100
27.58333	-101
27.59167	-102
27.60000	-102
27.60833	-103
27.61667	-103
27.62500	-103
27.63333	-103
27.64167	-103
27.65000	-103
27.65833	-104
27.66667	-104
27.67500	-104
27.68333	-104
27.69167	-105
27.70000	-105
27.70833	-105
27.71667	-105
27.72500	-106
27.73333	-106
27.74167	-106
27.75000	-106
27.75833	-107
27.76667	-107
27.77500	-108
27.78333	-108
27.79167	-109
27.80000	-109
27.80833	-110
27.81667	-110
27.82500	-110
27.83333	-110
27.84167	-110
27.85000	-110
27.85833	-110
27.86667	-110
27.87500	-111
27.88333	-111
27.89167	-110
27.90000	-110
27.90833	-111
27.91667	-111
27.92500	-111
27.93333	-111
27.94167	-112
27.95000	-112
27.95833	-112
27.96667	-112
27.97500	-112
27.98333	-113
27.99167	-113
28.00000	-114

