R.Time (min)	Intensity
0.00000	-27
0.00833	-27
0.01667	-0
0.02500	-1
0.03333	-2
0.04167	-2
0.05000	-2
0.05833	-3
0.06667	-3
0.07500	-4
0.08333	-5
0.09167	-5
0.10000	-5
0.10833	-5
0.11667	-5
0.12500	-5
0.13333	-5
0.14167	-6
0.15000	-6
0.15833	-6
0.16667	-6
0.17500	-6
0.18333	-7
0.19167	-7
0.20000	-8
0.20833	-8
0.21667	-8
0.22500	-9
0.23333	-9
0.24167	-9
0.25000	-9
0.25833	-10
0.26667	-10
0.27500	-11
0.28333	-11
0.29167	-12
0.30000	-12
0.30833	-13
0.31667	-13
0.32500	-13
0.33333	-13
0.34167	-14
0.35000	-14
0.35833	-14
0.36667	-14
0.37500	-15
0.38333	-16
0.39167	-16
0.40000	-17
0.40833	-18
0.41667	-18
0.42500	-19
0.43333	-19
0.44167	-20
0.45000	-20
0.45833	-21
0.46667	-21
0.47500	-21
0.48333	-22
0.49167	-22
0.50000	-23
0.50833	-24
0.51667	-24
0.52500	-25
0.53333	-26
0.54167	-26
0.55000	-27
0.55833	-28
0.56667	-28
0.57500	-29
0.58333	-30
0.59167	-31
0.60000	-32
0.60833	-33
0.61667	-33
0.62500	-34
0.63333	-35
0.64167	-35
0.65000	-36
0.65833	-36
0.66667	-37
0.67500	-37
0.68333	-38
0.69167	-39
0.70000	-40
0.70833	-40
0.71667	-40
0.72500	-40
0.73333	-41
0.74167	-41
0.75000	-41
0.75833	-42
0.76667	-42
0.77500	-43
0.78333	-43
0.79167	-44
0.80000	-44
0.80833	-45
0.81667	-46
0.82500	-47
0.83333	-47
0.84167	-47
0.85000	-47
0.85833	-48
0.86667	-49
0.87500	-49
0.88333	-49
0.89167	-49
0.90000	-50
0.90833	-50
0.91667	-51
0.92500	-51
0.93333	-52
0.94167	-52
0.95000	-52
0.95833	-52
0.96667	-53
0.97500	-54
0.98333	-54
0.99167	-55
1.00000	-56
1.00833	-56
1.01667	-56
1.02500	-57
1.03333	-58
1.04167	-58
1.05000	-59
1.05833	-59
1.06667	-59
1.07500	-59
1.08333	-60
1.09167	-60
1.10000	-61
1.10833	-61
1.11667	-62
1.12500	-62
1.13333	-62
1.14167	-63
1.15000	-63
1.15833	-64
1.16667	-64
1.17500	-64
1.18333	-65
1.19167	-65
1.20000	-65
1.20833	-66
1.21667	-66
1.22500	-67
1.23333	-68
1.24167	-68
1.25000	-68
1.25833	-68
1.26667	-69
1.27500	-69
1.28333	-70
1.29167	-70
1.30000	-70
1.30833	-70
1.31667	-70
1.32500	-71
1.33333	-71
1.34167	-72
1.35000	-73
1.35833	-73
1.36667	-73
1.37500	-73
1.38333	-73
1.39167	-74
1.40000	-74
1.40833	-74
1.41667	-74
1.42500	-74
1.43333	-75
1.44167	-76
1.45000	-76
1.45833	-77
1.46667	-77
1.47500	-77
1.48333	-77
1.49167	-77
1.50000	-78
1.50833	-79
1.51667	-79
1.52500	-80
1.53333	-80
1.54167	-80
1.55000	-80
1.55833	-80
1.56667	-80
1.57500	-81
1.58333	-81
1.59167	-82
1.60000	-82
1.60833	-82
1.61667	-82
1.62500	-83
1.63333	-83
1.64167	-83
1.65000	-83
1.65833	-83
1.66667	-83
1.67500	-84
1.68333	-84
1.69167	-84
1.70000	-85
1.70833	-85
1.71667	-85
1.72500	-86
1.73333	-86
1.74167	-87
1.75000	-87
1.75833	-88
1.76667	-88
1.77500	-88
1.78333	-88
1.79167	-88
1.80000	-89
1.80833	-89
1.81667	-89
1.82500	-90
1.83333	-90
1.84167	-90
1.85000	-90
1.85833	-91
1.86667	-91
1.87500	-91
1.88333	-91
1.89167	-91
1.90000	-91
1.90833	-91
1.91667	-91
1.92500	-91
1.93333	-91
1.94167	-92
1.95000	-92
1.95833	-92
1.96667	-92
1.97500	-92
1.98333	-92
1.99167	-92
2.00000	-92
2.00833	-93
2.01667	-93
2.02500	-93
2.03333	-94
2.04167	-94
2.05000	-94
2.05833	-93
2.06667	-93
2.07500	-93
2.08333	-93
2.09167	-94
2.10000	-93
2.10833	-93
2.11667	-93
2.12500	-93
2.13333	-93
2.14167	-93
2.15000	-93
2.15833	-94
2.16667	-94
2.17500	-94
2.18333	-93
2.19167	-93
2.20000	-94
2.20833	-94
2.21667	-93
2.22500	-94
2.23333	-93
2.24167	-93
2.25000	-93
2.25833	-93
2.26667	-92
2.27500	-92
2.28333	-91
2.29167	-91
2.30000	-90
2.30833	-90
2.31667	-89
2.32500	-87
2.33333	-86
2.34167	-85
2.35000	-84
2.35833	-83
2.36667	-81
2.37500	-80
2.38333	-79
2.39167	-77
2.40000	-76
2.40833	-74
2.41667	-72
2.42500	-69
2.43333	-67
2.44167	-65
2.45000	-62
2.45833	-60
2.46667	-58
2.47500	-55
2.48333	-52
2.49167	-49
2.50000	-45
2.50833	-41
2.51667	-37
2.52500	-33
2.53333	-28
2.54167	-23
2.55000	-18
2.55833	-13
2.56667	-8
2.57500	-2
2.58333	4
2.59167	10
2.60000	17
2.60833	24
2.61667	31
2.62500	39
2.63333	47
2.64167	56
2.65000	65
2.65833	75
2.66667	85
2.67500	96
2.68333	107
2.69167	119
2.70000	132
2.70833	145
2.71667	159
2.72500	174
2.73333	190
2.74167	206
2.75000	224
2.75833	242
2.76667	261
2.77500	281
2.78333	302
2.79167	324
2.80000	348
2.80833	373
2.81667	400
2.82500	427
2.83333	456
2.84167	486
2.85000	518
2.85833	552
2.86667	588
2.87500	625
2.88333	664
2.89167	705
2.90000	748
2.90833	793
2.91667	840
2.92500	889
2.93333	941
2.94167	995
2.95000	1051
2.95833	1110
2.96667	1171
2.97500	1235
2.98333	1300
2.99167	1369
3.00000	1440
3.00833	1515
3.01667	1591
3.02500	1670
3.03333	1751
3.04167	1834
3.05000	1920
3.05833	2008
3.06667	2097
3.07500	2189
3.08333	2282
3.09167	2377
3.10000	2474
3.10833	2572
3.11667	2671
3.12500	2770
3.13333	2870
3.14167	2970
3.15000	3069
3.15833	3169
3.16667	3267
3.17500	3364
3.18333	3460
3.19167	3555
3.20000	3648
3.20833	3739
3.21667	3827
3.22500	3911
3.23333	3993
3.24167	4070
3.25000	4144
3.25833	4213
3.26667	4278
3.27500	4338
3.28333	4393
3.29167	4443
3.30000	4486
3.30833	4524
3.31667	4556
3.32500	4582
3.33333	4602
3.34167	4616
3.35000	4623
3.35833	4624
3.36667	4619
3.37500	4607
3.38333	4590
3.39167	4566
3.40000	4536
3.40833	4500
3.41667	4459
3.42500	4412
3.43333	4359
3.44167	4301
3.45000	4238
3.45833	4171
3.46667	4099
3.47500	4023
3.48333	3944
3.49167	3861
3.50000	3776
3.50833	3687
3.51667	3596
3.52500	3502
3.53333	3407
3.54167	3310
3.55000	3213
3.55833	3114
3.56667	3015
3.57500	2915
3.58333	2815
3.59167	2715
3.60000	2616
3.60833	2517
3.61667	2419
3.62500	2323
3.63333	2228
3.64167	2135
3.65000	2044
3.65833	1954
3.66667	1866
3.67500	1781
3.68333	1697
3.69167	1616
3.70000	1537
3.70833	1461
3.71667	1388
3.72500	1317
3.73333	1249
3.74167	1183
3.75000	1120
3.75833	1059
3.76667	1001
3.77500	946
3.78333	893
3.79167	842
3.80000	794
3.80833	748
3.81667	704
3.82500	663
3.83333	624
3.84167	587
3.85000	552
3.85833	519
3.86667	488
3.87500	458
3.88333	430
3.89167	404
3.90000	379
3.90833	356
3.91667	334
3.92500	314
3.93333	295
3.94167	277
3.95000	260
3.95833	244
3.96667	229
3.97500	215
3.98333	202
3.99167	189
4.00000	178
4.00833	167
4.01667	157
4.02500	147
4.03333	138
4.04167	130
4.05000	122
4.05833	114
4.06667	107
4.07500	100
4.08333	93
4.09167	86
4.10000	80
4.10833	74
4.11667	68
4.12500	63
4.13333	57
4.14167	52
4.15000	47
4.15833	41
4.16667	36
4.17500	32
4.18333	27
4.19167	22
4.20000	17
4.20833	13
4.21667	8
4.22500	4
4.23333	-1
4.24167	-5
4.25000	-9
4.25833	-14
4.26667	-18
4.27500	-22
4.28333	-26
4.29167	-30
4.30000	-34
4.30833	-38
4.31667	-42
4.32500	-45
4.33333	-49
4.34167	-53
4.35000	-57
4.35833	-60
4.36667	-63
4.37500	-66
4.38333	-69
4.39167	-72
4.40000	-75
4.40833	-78
4.41667	-81
4.42500	-84
4.43333	-86
4.44167	-89
4.45000	-92
4.45833	-94
4.46667	-97
4.47500	-99
4.48333	-102
4.49167	-104
4.50000	-105
4.50833	-107
4.51667	-109
4.52500	-111
4.53333	-113
4.54167	-115
4.55000	-117
4.55833	-119
4.56667	-120
4.57500	-122
4.58333	-123
4.59167	-125
4.60000	-126
4.60833	-128
4.61667	-129
4.62500	-130
4.63333	-131
4.64167	-132
4.65000	-133
4.65833	-134
4.66667	-135
4.67500	-136
4.68333	-136
4.69167	-137
4.70000	-138
4.70833	-139
4.71667	-139
4.72500	-140
4.73333	-140
4.74167	-141
4.75000	-142
4.75833	-143
4.76667	-144
4.77500	-144
4.78333	-144
4.79167	-144
4.80000	-145
4.80833	-145
4.81667	-146
4.82500	-146
4.83333	-145
4.84167	-145
4.85000	-145
4.85833	-145
4.86667	-145
4.87500	-145
4.88333	-145
4.89167	-145
4.90000	-145
4.90833	-145
4.91667	-145
4.92500	-145
4.93333	-145
4.94167	-145
4.95000	-144
4.95833	-144
4.96667	-144
4.97500	-144
4.98333	-143
4.99167	-143
5.00000	-142
5.00833	-142
5.01667	-141
5.02500	-140
5.03333	-140
5.04167	-140
5.05000	-140
5.05833	-139
5.06667	-139
5.07500	-138
5.08333	-138
5.09167	-137
5.10000	-137
5.10833	-137
5.11667	-136
5.12500	-136
5.13333	-135
5.14167	-135
5.15000	-135
5.15833	-135
5.16667	-135
5.17500	-135
5.18333	-135
5.19167	-135
5.20000	-135
5.20833	-135
5.21667	-135
5.22500	-135
5.23333	-135
5.24167	-135
5.25000	-135
5.25833	-135
5.26667	-135
5.27500	-135
5.28333	-136
5.29167	-136
5.30000	-136
5.30833	-136
5.31667	-136
5.32500	-136
5.33333	-136
5.34167	-136
5.35000	-137
5.35833	-137
5.36667	-138
5.37500	-138
5.38333	-138
5.39167	-138
5.40000	-139
5.40833	-139
5.41667	-140
5.42500	-140
5.43333	-141
5.44167	-141
5.45000	-142
5.45833	-142
5.46667	-141
5.47500	-141
5.48333	-142
5.49167	-142
5.50000	-142
5.50833	-142
5.51667	-143
5.52500	-143
5.53333	-143
5.54167	-142
5.55000	-142
5.55833	-142
5.56667	-142
5.57500	-142
5.58333	-143
5.59167	-143
5.60000	-143
5.60833	-143
5.61667	-143
5.62500	-143
5.63333	-143
5.64167	-143
5.65000	-143
5.65833	-143
5.66667	-143
5.67500	-144
5.68333	-144
5.69167	-144
5.70000	-144
5.70833	-143
5.71667	-143
5.72500	-143
5.73333	-143
5.74167	-143
5.75000	-143
5.75833	-143
5.76667	-143
5.77500	-143
5.78333	-142
5.79167	-142
5.80000	-142
5.80833	-143
5.81667	-143
5.82500	-143
5.83333	-143
5.84167	-143
5.85000	-144
5.85833	-143
5.86667	-143
5.87500	-143
5.88333	-143
5.89167	-143
5.90000	-143
5.90833	-143
5.91667	-142
5.92500	-142
5.93333	-142
5.94167	-141
5.95000	-141
5.95833	-141
5.96667	-142
5.97500	-142
5.98333	-142
5.99167	-142
6.00000	-142
6.00833	-142
6.01667	-142
6.02500	-142
6.03333	-141
6.04167	-141
6.05000	-141
6.05833	-141
6.06667	-141
6.07500	-141
6.08333	-141
6.09167	-141
6.10000	-142
6.10833	-142
6.11667	-142
6.12500	-141
6.13333	-141
6.14167	-141
6.15000	-141
6.15833	-141
6.16667	-141
6.17500	-141
6.18333	-141
6.19167	-141
6.20000	-140
6.20833	-140
6.21667	-140
6.22500	-140
6.23333	-140
6.24167	-140
6.25000	-141
6.25833	-141
6.26667	-141
6.27500	-140
6.28333	-140
6.29167	-140
6.30000	-140
6.30833	-140
6.31667	-140
6.32500	-140
6.33333	-139
6.34167	-139
6.35000	-139
6.35833	-138
6.36667	-138
6.37500	-138
6.38333	-138
6.39167	-138
6.40000	-138
6.40833	-138
6.41667	-138
6.42500	-138
6.43333	-138
6.44167	-138
6.45000	-138
6.45833	-138
6.46667	-138
6.47500	-138
6.48333	-138
6.49167	-138
6.50000	-137
6.50833	-137
6.51667	-137
6.52500	-138
6.53333	-138
6.54167	-138
6.55000	-138
6.55833	-137
6.56667	-137
6.57500	-137
6.58333	-137
6.59167	-137
6.60000	-137
6.60833	-137
6.61667	-137
6.62500	-137
6.63333	-137
6.64167	-137
6.65000	-137
6.65833	-137
6.66667	-137
6.67500	-137
6.68333	-137
6.69167	-137
6.70000	-137
6.70833	-137
6.71667	-137
6.72500	-137
6.73333	-137
6.74167	-137
6.75000	-137
6.75833	-138
6.76667	-138
6.77500	-138
6.78333	-138
6.79167	-138
6.80000	-138
6.80833	-138
6.81667	-138
6.82500	-139
6.83333	-139
6.84167	-139
6.85000	-139
6.85833	-139
6.86667	-139
6.87500	-139
6.88333	-139
6.89167	-138
6.90000	-138
6.90833	-138
6.91667	-137
6.92500	-137
6.93333	-136
6.94167	-136
6.95000	-136
6.95833	-136
6.96667	-135
6.97500	-135
6.98333	-134
6.99167	-133
7.00000	-132
7.00833	-132
7.01667	-131
7.02500	-130
7.03333	-129
7.04167	-128
7.05000	-126
7.05833	-123
7.06667	-121
7.07500	-117
7.08333	-113
7.09167	-108
7.10000	-103
7.10833	-97
7.11667	-90
7.12500	-83
7.13333	-74
7.14167	-65
7.15000	-54
7.15833	-43
7.16667	-30
7.17500	-16
7.18333	-0
7.19167	17
7.20000	35
7.20833	55
7.21667	76
7.22500	97
7.23333	120
7.24167	144
7.25000	168
7.25833	192
7.26667	216
7.27500	238
7.28333	257
7.29167	271
7.30000	278
7.30833	278
7.31667	270
7.32500	253
7.33333	231
7.34167	206
7.35000	186
7.35833	181
7.36667	204
7.37500	270
7.38333	397
7.39167	606
7.40000	915
7.40833	1345
7.41667	1912
7.42500	2631
7.43333	3511
7.44167	4554
7.45000	5759
7.45833	7112
7.46667	8592
7.47500	10167
7.48333	11794
7.49167	13423
7.50000	14992
7.50833	16433
7.51667	17678
7.52500	18666
7.53333	19344
7.54167	19678
7.55000	19655
7.55833	19284
7.56667	18595
7.57500	17636
7.58333	16469
7.59167	15158
7.60000	13770
7.60833	12366
7.61667	10995
7.62500	9697
7.63333	8501
7.64167	7422
7.65000	6468
7.65833	5638
7.66667	4926
7.67500	4320
7.68333	3810
7.69167	3382
7.70000	3023
7.70833	2721
7.71667	2467
7.72500	2252
7.73333	2068
7.74167	1908
7.75000	1769
7.75833	1646
7.76667	1536
7.77500	1438
7.78333	1348
7.79167	1266
7.80000	1190
7.80833	1120
7.81667	1055
7.82500	993
7.83333	936
7.84167	882
7.85000	831
7.85833	783
7.86667	737
7.87500	694
7.88333	652
7.89167	613
7.90000	576
7.90833	541
7.91667	508
7.92500	478
7.93333	450
7.94167	424
7.95000	399
7.95833	377
7.96667	357
7.97500	339
7.98333	323
7.99167	309
8.00000	296
8.00833	285
8.01667	275
8.02500	266
8.03333	258
8.04167	251
8.05000	244
8.05833	237
8.06667	231
8.07500	225
8.08333	218
8.09167	212
8.10000	207
8.10833	202
8.11667	197
8.12500	191
8.13333	186
8.14167	181
8.15000	176
8.15833	171
8.16667	167
8.17500	163
8.18333	160
8.19167	156
8.20000	152
8.20833	149
8.21667	146
8.22500	143
8.23333	141
8.24167	139
8.25000	137
8.25833	135
8.26667	134
8.27500	133
8.28333	132
8.29167	131
8.30000	131
8.30833	130
8.31667	130
8.32500	129
8.33333	129
8.34167	129
8.35000	129
8.35833	128
8.36667	128
8.37500	127
8.38333	127
8.39167	127
8.40000	127
8.40833	128
8.41667	128
8.42500	129
8.43333	129
8.44167	130
8.45000	130
8.45833	131
8.46667	131
8.47500	131
8.48333	131
8.49167	130
8.50000	130
8.50833	129
8.51667	128
8.52500	126
8.53333	124
8.54167	122
8.55000	120
8.55833	118
8.56667	116
8.57500	114
8.58333	111
8.59167	109
8.60000	107
8.60833	105
8.61667	103
8.62500	102
8.63333	101
8.64167	99
8.65000	98
8.65833	97
8.66667	95
8.67500	94
8.68333	93
8.69167	92
8.70000	92
8.70833	92
8.71667	91
8.72500	92
8.73333	92
8.74167	94
8.75000	95
8.75833	97
8.76667	100
8.77500	102
8.78333	105
8.79167	108
8.80000	112
8.80833	117
8.81667	123
8.82500	129
8.83333	137
8.84167	146
8.85000	157
8.85833	170
8.86667	186
8.87500	205
8.88333	227
8.89167	255
8.90000	287
8.90833	325
8.91667	371
8.92500	424
8.93333	485
8.94167	555
8.95000	635
8.95833	724
8.96667	822
8.97500	929
8.98333	1043
8.99167	1165
9.00000	1291
9.00833	1419
9.01667	1549
9.02500	1677
9.03333	1801
9.04167	1917
9.05000	2024
9.05833	2119
9.06667	2201
9.07500	2266
9.08333	2315
9.09167	2345
9.10000	2359
9.10833	2355
9.11667	2334
9.12500	2296
9.13333	2244
9.14167	2179
9.15000	2102
9.15833	2017
9.16667	1925
9.17500	1827
9.18333	1727
9.19167	1624
9.20000	1522
9.20833	1421
9.21667	1323
9.22500	1228
9.23333	1138
9.24167	1053
9.25000	973
9.25833	899
9.26667	830
9.27500	767
9.28333	710
9.29167	659
9.30000	612
9.30833	570
9.31667	533
9.32500	500
9.33333	472
9.34167	448
9.35000	427
9.35833	411
9.36667	398
9.37500	389
9.38333	384
9.39167	384
9.40000	387
9.40833	396
9.41667	411
9.42500	432
9.43333	461
9.44167	500
9.45000	550
9.45833	613
9.46667	693
9.47500	793
9.48333	915
9.49167	1065
9.50000	1247
9.50833	1466
9.51667	1728
9.52500	2037
9.53333	2399
9.54167	2819
9.55000	3301
9.55833	3848
9.56667	4462
9.57500	5142
9.58333	5889
9.59167	6698
9.60000	7565
9.60833	8480
9.61667	9435
9.62500	10418
9.63333	11415
9.64167	12411
9.65000	13392
9.65833	14342
9.66667	15245
9.67500	16086
9.68333	16852
9.69167	17532
9.70000	18114
9.70833	18594
9.71667	18966
9.72500	19230
9.73333	19387
9.74167	19442
9.75000	19402
9.75833	19275
9.76667	19074
9.77500	18810
9.78333	18497
9.79167	18146
9.80000	17772
9.80833	17387
9.81667	17005
9.82500	16635
9.83333	16288
9.84167	15973
9.85000	15696
9.85833	15463
9.86667	15279
9.87500	15146
9.88333	15068
9.89167	15043
9.90000	15073
9.90833	15156
9.91667	15291
9.92500	15476
9.93333	15708
9.94167	15984
9.95000	16302
9.95833	16657
9.96667	17047
9.97500	17468
9.98333	17917
9.99167	18390
10.00000	18884
10.00833	19396
10.01667	19922
10.02500	20457
10.03333	20997
10.04167	21533
10.05000	22057
10.05833	22553
10.06667	22998
10.07500	23366
10.08333	23621
10.09167	23725
10.10000	23640
10.10833	23331
10.11667	22778
10.12500	21973
10.13333	20931
10.14167	19680
10.15000	18267
10.15833	16744
10.16667	15167
10.17500	13592
10.18333	12065
10.19167	10622
10.20000	9290
10.20833	8085
10.21667	7012
10.22500	6070
10.23333	5254
10.24167	4552
10.25000	3954
10.25833	3447
10.26667	3020
10.27500	2660
10.28333	2357
10.29167	2101
10.30000	1885
10.30833	1701
10.31667	1545
10.32500	1410
10.33333	1294
10.34167	1192
10.35000	1103
10.35833	1024
10.36667	953
10.37500	889
10.38333	831
10.39167	778
10.40000	730
10.40833	685
10.41667	645
10.42500	607
10.43333	573
10.44167	542
10.45000	513
10.45833	488
10.46667	465
10.47500	445
10.48333	429
10.49167	415
10.50000	405
10.50833	399
10.51667	396
10.52500	396
10.53333	401
10.54167	409
10.55000	422
10.55833	439
10.56667	461
10.57500	488
10.58333	521
10.59167	561
10.60000	607
10.60833	660
10.61667	723
10.62500	795
10.63333	880
10.64167	980
10.65000	1097
10.65833	1234
10.66667	1397
10.67500	1589
10.68333	1818
10.69167	2090
10.70000	2415
10.70833	2801
10.71667	3262
10.72500	3808
10.73333	4453
10.74167	5212
10.75000	6101
10.75833	7132
10.76667	8319
10.77500	9676
10.78333	11210
10.79167	12928
10.80000	14831
10.80833	16914
10.81667	19169
10.82500	21578
10.83333	24118
10.84167	26758
10.85000	29463
10.85833	32191
10.86667	34896
10.87500	37528
10.88333	40038
10.89167	42375
10.90000	44492
10.90833	46345
10.91667	47895
10.92500	49113
10.93333	49977
10.94167	50472
10.95000	50596
10.95833	50355
10.96667	49761
10.97500	48838
10.98333	47614
10.99167	46123
11.00000	44404
11.00833	42497
11.01667	40442
11.02500	38280
11.03333	36052
11.04167	33793
11.05000	31536
11.05833	29310
11.06667	27139
11.07500	25045
11.08333	23044
11.09167	21147
11.10000	19363
11.10833	17697
11.11667	16151
11.12500	14725
11.13333	13414
11.14167	12217
11.15000	11127
11.15833	10137
11.16667	9242
11.17500	8432
11.18333	7703
11.19167	7046
11.20000	6454
11.20833	5922
11.21667	5443
11.22500	5010
11.23333	4619
11.24167	4264
11.25000	3943
11.25833	3650
11.26667	3383
11.27500	3139
11.28333	2916
11.29167	2710
11.30000	2521
11.30833	2345
11.31667	2183
11.32500	2032
11.33333	1891
11.34167	1760
11.35000	1638
11.35833	1525
11.36667	1419
11.37500	1321
11.38333	1229
11.39167	1144
11.40000	1064
11.40833	990
11.41667	921
11.42500	858
11.43333	799
11.44167	746
11.45000	697
11.45833	652
11.46667	611
11.47500	575
11.48333	541
11.49167	511
11.50000	484
11.50833	459
11.51667	437
11.52500	417
11.53333	400
11.54167	384
11.55000	371
11.55833	358
11.56667	346
11.57500	335
11.58333	325
11.59167	315
11.60000	306
11.60833	297
11.61667	289
11.62500	281
11.63333	274
11.64167	267
11.65000	260
11.65833	254
11.66667	248
11.67500	243
11.68333	239
11.69167	235
11.70000	232
11.70833	229
11.71667	228
11.72500	227
11.73333	226
11.74167	226
11.75000	226
11.75833	226
11.76667	226
11.77500	226
11.78333	226
11.79167	225
11.80000	223
11.80833	221
11.81667	218
11.82500	215
11.83333	210
11.84167	205
11.85000	200
11.85833	193
11.86667	186
11.87500	179
11.88333	170
11.89167	161
11.90000	152
11.90833	144
11.91667	135
11.92500	126
11.93333	117
11.94167	108
11.95000	100
11.95833	92
11.96667	85
11.97500	78
11.98333	72
11.99167	66
12.00000	60
12.00833	55
12.01667	50
12.02500	46
12.03333	42
12.04167	39
12.05000	36
12.05833	33
12.06667	31
12.07500	29
12.08333	27
12.09167	25
12.10000	24
12.10833	22
12.11667	20
12.12500	18
12.13333	17
12.14167	15
12.15000	13
12.15833	11
12.16667	9
12.17500	8
12.18333	6
12.19167	3
12.20000	1
12.20833	-2
12.21667	-4
12.22500	-6
12.23333	-8
12.24167	-10
12.25000	-12
12.25833	-14
12.26667	-17
12.27500	-19
12.28333	-22
12.29167	-24
12.30000	-26
12.30833	-27
12.31667	-29
12.32500	-31
12.33333	-32
12.34167	-34
12.35000	-36
12.35833	-37
12.36667	-38
12.37500	-40
12.38333	-41
12.39167	-42
12.40000	-43
12.40833	-44
12.41667	-45
12.42500	-46
12.43333	-47
12.44167	-48
12.45000	-49
12.45833	-49
12.46667	-50
12.47500	-50
12.48333	-49
12.49167	-49
12.50000	-49
12.50833	-49
12.51667	-50
12.52500	-49
12.53333	-49
12.54167	-49
12.55000	-48
12.55833	-48
12.56667	-48
12.57500	-47
12.58333	-46
12.59167	-45
12.60000	-44
12.60833	-43
12.61667	-42
12.62500	-40
12.63333	-39
12.64167	-37
12.65000	-36
12.65833	-35
12.66667	-34
12.67500	-33
12.68333	-31
12.69167	-29
12.70000	-28
12.70833	-27
12.71667	-26
12.72500	-25
12.73333	-24
12.74167	-23
12.75000	-22
12.75833	-21
12.76667	-20
12.77500	-20
12.78333	-19
12.79167	-18
12.80000	-18
12.80833	-18
12.81667	-18
12.82500	-17
12.83333	-16
12.84167	-16
12.85000	-15
12.85833	-14
12.86667	-12
12.87500	-11
12.88333	-10
12.89167	-8
12.90000	-6
12.90833	-5
12.91667	-3
12.92500	-1
12.93333	1
12.94167	4
12.95000	7
12.95833	10
12.96667	12
12.97500	14
12.98333	16
12.99167	18
13.00000	20
13.00833	22
13.01667	24
13.02500	26
13.03333	28
13.04167	29
13.05000	30
13.05833	31
13.06667	32
13.07500	32
13.08333	31
13.09167	31
13.10000	30
13.10833	28
13.11667	27
13.12500	26
13.13333	25
13.14167	24
13.15000	22
13.15833	20
13.16667	18
13.17500	16
13.18333	14
13.19167	12
13.20000	10
13.20833	9
13.21667	8
13.22500	7
13.23333	6
13.24167	5
13.25000	4
13.25833	3
13.26667	3
13.27500	3
13.28333	3
13.29167	3
13.30000	3
13.30833	4
13.31667	5
13.32500	7
13.33333	8
13.34167	10
13.35000	12
13.35833	14
13.36667	17
13.37500	20
13.38333	23
13.39167	27
13.40000	32
13.40833	36
13.41667	41
13.42500	46
13.43333	52
13.44167	57
13.45000	63
13.45833	69
13.46667	75
13.47500	82
13.48333	88
13.49167	94
13.50000	100
13.50833	106
13.51667	113
13.52500	119
13.53333	125
13.54167	130
13.55000	136
13.55833	141
13.56667	146
13.57500	152
13.58333	157
13.59167	161
13.60000	165
13.60833	169
13.61667	173
13.62500	176
13.63333	180
13.64167	184
13.65000	187
13.65833	190
13.66667	194
13.67500	198
13.68333	202
13.69167	205
13.70000	209
13.70833	212
13.71667	215
13.72500	217
13.73333	220
13.74167	222
13.75000	224
13.75833	226
13.76667	227
13.77500	229
13.78333	231
13.79167	234
13.80000	236
13.80833	238
13.81667	241
13.82500	244
13.83333	247
13.84167	251
13.85000	256
13.85833	262
13.86667	268
13.87500	274
13.88333	280
13.89167	287
13.90000	294
13.90833	302
13.91667	309
13.92500	316
13.93333	323
13.94167	329
13.95000	335
13.95833	340
13.96667	345
13.97500	348
13.98333	350
13.99167	351
14.00000	351
14.00833	350
14.01667	347
14.02500	343
14.03333	339
14.04167	333
14.05000	327
14.05833	320
14.06667	312
14.07500	304
14.08333	295
14.09167	287
14.10000	278
14.10833	269
14.11667	260
14.12500	251
14.13333	243
14.14167	235
14.15000	227
14.15833	220
14.16667	213
14.17500	207
14.18333	201
14.19167	196
14.20000	192
14.20833	188
14.21667	185
14.22500	182
14.23333	180
14.24167	178
14.25000	177
14.25833	176
14.26667	175
14.27500	175
14.28333	175
14.29167	175
14.30000	175
14.30833	176
14.31667	177
14.32500	178
14.33333	179
14.34167	181
14.35000	182
14.35833	183
14.36667	185
14.37500	187
14.38333	189
14.39167	191
14.40000	193
14.40833	195
14.41667	196
14.42500	198
14.43333	199
14.44167	201
14.45000	202
14.45833	203
14.46667	204
14.47500	205
14.48333	206
14.49167	206
14.50000	206
14.50833	207
14.51667	207
14.52500	207
14.53333	207
14.54167	208
14.55000	207
14.55833	207
14.56667	207
14.57500	206
14.58333	206
14.59167	205
14.60000	205
14.60833	205
14.61667	204
14.62500	203
14.63333	202
14.64167	202
14.65000	202
14.65833	201
14.66667	201
14.67500	201
14.68333	200
14.69167	199
14.70000	198
14.70833	198
14.71667	198
14.72500	198
14.73333	197
14.74167	196
14.75000	196
14.75833	196
14.76667	196
14.77500	196
14.78333	195
14.79167	195
14.80000	195
14.80833	195
14.81667	194
14.82500	194
14.83333	194
14.84167	194
14.85000	193
14.85833	193
14.86667	192
14.87500	192
14.88333	191
14.89167	191
14.90000	190
14.90833	189
14.91667	188
14.92500	187
14.93333	186
14.94167	185
14.95000	184
14.95833	183
14.96667	182
14.97500	181
14.98333	180
14.99167	178
15.00000	176
15.00833	175
15.01667	173
15.02500	171
15.03333	169
15.04167	168
15.05000	167
15.05833	165
15.06667	163
15.07500	162
15.08333	161
15.09167	160
15.10000	159
15.10833	158
15.11667	157
15.12500	157
15.13333	156
15.14167	156
15.15000	156
15.15833	157
15.16667	157
15.17500	158
15.18333	159
15.19167	160
15.20000	161
15.20833	161
15.21667	162
15.22500	163
15.23333	163
15.24167	163
15.25000	163
15.25833	163
15.26667	162
15.27500	162
15.28333	161
15.29167	160
15.30000	158
15.30833	156
15.31667	154
15.32500	151
15.33333	148
15.34167	145
15.35000	141
15.35833	137
15.36667	133
15.37500	129
15.38333	124
15.39167	120
15.40000	115
15.40833	110
15.41667	105
15.42500	100
15.43333	95
15.44167	91
15.45000	86
15.45833	81
15.46667	76
15.47500	71
15.48333	67
15.49167	63
15.50000	59
15.50833	55
15.51667	51
15.52500	48
15.53333	44
15.54167	41
15.55000	38
15.55833	35
15.56667	33
15.57500	30
15.58333	27
15.59167	25
15.60000	22
15.60833	20
15.61667	18
15.62500	16
15.63333	14
15.64167	13
15.65000	11
15.65833	10
15.66667	8
15.67500	7
15.68333	6
15.69167	5
15.70000	4
15.70833	3
15.71667	2
15.72500	1
15.73333	0
15.74167	-0
15.75000	-0
15.75833	-1
15.76667	-1
15.77500	-1
15.78333	-2
15.79167	-2
15.80000	-3
15.80833	-3
15.81667	-3
15.82500	-3
15.83333	-4
15.84167	-4
15.85000	-4
15.85833	-4
15.86667	-4
15.87500	-3
15.88333	-3
15.89167	-2
15.90000	-1
15.90833	1
15.91667	2
15.92500	4
15.93333	7
15.94167	10
15.95000	13
15.95833	17
15.96667	22
15.97500	27
15.98333	33
15.99167	39
16.00000	46
16.00833	54
16.01667	63
16.02500	72
16.03333	82
16.04167	92
16.05000	102
16.05833	113
16.06667	123
16.07500	134
16.08333	144
16.09167	154
16.10000	164
16.10833	173
16.11667	181
16.12500	189
16.13333	196
16.14167	202
16.15000	206
16.15833	210
16.16667	212
16.17500	213
16.18333	213
16.19167	212
16.20000	209
16.20833	206
16.21667	201
16.22500	195
16.23333	189
16.24167	182
16.25000	175
16.25833	168
16.26667	160
16.27500	152
16.28333	144
16.29167	136
16.30000	129
16.30833	121
16.31667	115
16.32500	108
16.33333	102
16.34167	95
16.35000	90
16.35833	85
16.36667	81
16.37500	77
16.38333	74
16.39167	71
16.40000	68
16.40833	65
16.41667	63
16.42500	61
16.43333	59
16.44167	58
16.45000	57
16.45833	56
16.46667	55
16.47500	53
16.48333	52
16.49167	51
16.50000	49
16.50833	48
16.51667	46
16.52500	45
16.53333	43
16.54167	42
16.55000	40
16.55833	38
16.56667	36
16.57500	35
16.58333	33
16.59167	31
16.60000	29
16.60833	27
16.61667	25
16.62500	22
16.63333	20
16.64167	18
16.65000	16
16.65833	14
16.66667	13
16.67500	11
16.68333	9
16.69167	8
16.70000	6
16.70833	4
16.71667	3
16.72500	1
16.73333	-0
16.74167	-2
16.75000	-4
16.75833	-6
16.76667	-8
16.77500	-10
16.78333	-12
16.79167	-14
16.80000	-16
16.80833	-18
16.81667	-19
16.82500	-21
16.83333	-23
16.84167	-25
16.85000	-27
16.85833	-29
16.86667	-31
16.87500	-33
16.88333	-35
16.89167	-36
16.90000	-38
16.90833	-40
16.91667	-42
16.92500	-43
16.93333	-44
16.94167	-45
16.95000	-46
16.95833	-47
16.96667	-48
16.97500	-50
16.98333	-51
16.99167	-51
17.00000	-52
17.00833	-53
17.01667	-54
17.02500	-55
17.03333	-55
17.04167	-56
17.05000	-57
17.05833	-58
17.06667	-58
17.07500	-59
17.08333	-60
17.09167	-60
17.10000	-61
17.10833	-62
17.11667	-63
17.12500	-64
17.13333	-65
17.14167	-66
17.15000	-66
17.15833	-67
17.16667	-67
17.17500	-68
17.18333	-68
17.19167	-69
17.20000	-70
17.20833	-71
17.21667	-71
17.22500	-72
17.23333	-72
17.24167	-73
17.25000	-73
17.25833	-73
17.26667	-73
17.27500	-74
17.28333	-74
17.29167	-75
17.30000	-75
17.30833	-76
17.31667	-76
17.32500	-76
17.33333	-77
17.34167	-78
17.35000	-79
17.35833	-79
17.36667	-80
17.37500	-80
17.38333	-80
17.39167	-81
17.40000	-81
17.40833	-81
17.41667	-81
17.42500	-82
17.43333	-83
17.44167	-83
17.45000	-83
17.45833	-83
17.46667	-83
17.47500	-83
17.48333	-83
17.49167	-83
17.50000	-83
17.50833	-82
17.51667	-82
17.52500	-82
17.53333	-82
17.54167	-82
17.55000	-82
17.55833	-82
17.56667	-82
17.57500	-82
17.58333	-82
17.59167	-82
17.60000	-82
17.60833	-82
17.61667	-81
17.62500	-81
17.63333	-81
17.64167	-81
17.65000	-81
17.65833	-81
17.66667	-81
17.67500	-80
17.68333	-80
17.69167	-80
17.70000	-80
17.70833	-79
17.71667	-79
17.72500	-78
17.73333	-77
17.74167	-76
17.75000	-76
17.75833	-75
17.76667	-74
17.77500	-73
17.78333	-71
17.79167	-70
17.80000	-69
17.80833	-67
17.81667	-65
17.82500	-64
17.83333	-62
17.84167	-59
17.85000	-57
17.85833	-55
17.86667	-52
17.87500	-49
17.88333	-46
17.89167	-43
17.90000	-40
17.90833	-36
17.91667	-31
17.92500	-27
17.93333	-21
17.94167	-16
17.95000	-10
17.95833	-4
17.96667	2
17.97500	8
17.98333	15
17.99167	22
18.00000	30
18.00833	37
18.01667	45
18.02500	52
18.03333	60
18.04167	68
18.05000	76
18.05833	83
18.06667	91
18.07500	98
18.08333	105
18.09167	111
18.10000	116
18.10833	121
18.11667	125
18.12500	129
18.13333	132
18.14167	134
18.15000	135
18.15833	135
18.16667	134
18.17500	133
18.18333	130
18.19167	128
18.20000	124
18.20833	120
18.21667	115
18.22500	109
18.23333	103
18.24167	96
18.25000	89
18.25833	82
18.26667	75
18.27500	68
18.28333	61
18.29167	54
18.30000	47
18.30833	40
18.31667	32
18.32500	25
18.33333	19
18.34167	13
18.35000	7
18.35833	2
18.36667	-4
18.37500	-8
18.38333	-13
18.39167	-17
18.40000	-21
18.40833	-24
18.41667	-27
18.42500	-30
18.43333	-33
18.44167	-35
18.45000	-38
18.45833	-40
18.46667	-41
18.47500	-43
18.48333	-44
18.49167	-45
18.50000	-46
18.50833	-47
18.51667	-47
18.52500	-47
18.53333	-47
18.54167	-47
18.55000	-47
18.55833	-47
18.56667	-46
18.57500	-46
18.58333	-45
18.59167	-44
18.60000	-42
18.60833	-40
18.61667	-38
18.62500	-36
18.63333	-33
18.64167	-30
18.65000	-27
18.65833	-24
18.66667	-20
18.67500	-15
18.68333	-11
18.69167	-6
18.70000	-1
18.70833	5
18.71667	12
18.72500	19
18.73333	26
18.74167	34
18.75000	42
18.75833	51
18.76667	60
18.77500	70
18.78333	80
18.79167	90
18.80000	100
18.80833	110
18.81667	120
18.82500	130
18.83333	140
18.84167	150
18.85000	160
18.85833	170
18.86667	179
18.87500	187
18.88333	195
18.89167	202
18.90000	208
18.90833	213
18.91667	218
18.92500	221
18.93333	224
18.94167	226
18.95000	226
18.95833	226
18.96667	225
18.97500	222
18.98333	219
18.99167	214
19.00000	209
19.00833	204
19.01667	197
19.02500	189
19.03333	180
19.04167	172
19.05000	163
19.05833	154
19.06667	144
19.07500	135
19.08333	125
19.09167	114
19.10000	104
19.10833	93
19.11667	83
19.12500	73
19.13333	63
19.14167	54
19.15000	45
19.15833	36
19.16667	27
19.17500	19
19.18333	11
19.19167	4
19.20000	-4
19.20833	-10
19.21667	-17
19.22500	-23
19.23333	-29
19.24167	-34
19.25000	-39
19.25833	-43
19.26667	-47
19.27500	-51
19.28333	-55
19.29167	-58
19.30000	-61
19.30833	-64
19.31667	-67
19.32500	-70
19.33333	-72
19.34167	-75
19.35000	-77
19.35833	-79
19.36667	-81
19.37500	-82
19.38333	-84
19.39167	-85
19.40000	-86
19.40833	-87
19.41667	-88
19.42500	-89
19.43333	-90
19.44167	-90
19.45000	-91
19.45833	-91
19.46667	-92
19.47500	-92
19.48333	-92
19.49167	-92
19.50000	-92
19.50833	-93
19.51667	-93
19.52500	-93
19.53333	-93
19.54167	-94
19.55000	-94
19.55833	-94
19.56667	-94
19.57500	-95
19.58333	-95
19.59167	-95
19.60000	-95
19.60833	-95
19.61667	-96
19.62500	-96
19.63333	-97
19.64167	-97
19.65000	-98
19.65833	-98
19.66667	-98
19.67500	-98
19.68333	-98
19.69167	-98
19.70000	-99
19.70833	-99
19.71667	-99
19.72500	-99
19.73333	-99
19.74167	-99
19.75000	-99
19.75833	-99
19.76667	-98
19.77500	-98
19.78333	-98
19.79167	-98
19.80000	-99
19.80833	-99
19.81667	-99
19.82500	-99
19.83333	-99
19.84167	-100
19.85000	-100
19.85833	-99
19.86667	-100
19.87500	-100
19.88333	-99
19.89167	-99
19.90000	-99
19.90833	-98
19.91667	-98
19.92500	-98
19.93333	-98
19.94167	-98
19.95000	-98
19.95833	-98
19.96667	-98
19.97500	-98
19.98333	-98
19.99167	-98
20.00000	-98
20.00833	-99
20.01667	-99
20.02500	-98
20.03333	-98
20.04167	-98
20.05000	-98
20.05833	-98
20.06667	-98
20.07500	-98
20.08333	-97
20.09167	-97
20.10000	-97
20.10833	-97
20.11667	-97
20.12500	-96
20.13333	-96
20.14167	-96
20.15000	-96
20.15833	-95
20.16667	-95
20.17500	-94
20.18333	-94
20.19167	-94
20.20000	-94
20.20833	-93
20.21667	-93
20.22500	-93
20.23333	-92
20.24167	-92
20.25000	-92
20.25833	-92
20.26667	-91
20.27500	-91
20.28333	-91
20.29167	-91
20.30000	-90
20.30833	-89
20.31667	-89
20.32500	-88
20.33333	-88
20.34167	-87
20.35000	-86
20.35833	-85
20.36667	-83
20.37500	-82
20.38333	-81
20.39167	-79
20.40000	-77
20.40833	-75
20.41667	-72
20.42500	-70
20.43333	-68
20.44167	-66
20.45000	-63
20.45833	-61
20.46667	-58
20.47500	-54
20.48333	-51
20.49167	-47
20.50000	-43
20.50833	-38
20.51667	-33
20.52500	-28
20.53333	-23
20.54167	-16
20.55000	-10
20.55833	-3
20.56667	5
20.57500	13
20.58333	22
20.59167	32
20.60000	42
20.60833	54
20.61667	66
20.62500	79
20.63333	92
20.64167	107
20.65000	123
20.65833	140
20.66667	159
20.67500	178
20.68333	200
20.69167	222
20.70000	245
20.70833	270
20.71667	296
20.72500	323
20.73333	351
20.74167	380
20.75000	411
20.75833	443
20.76667	476
20.77500	509
20.78333	543
20.79167	578
20.80000	613
20.80833	650
20.81667	686
20.82500	723
20.83333	759
20.84167	795
20.85000	831
20.85833	868
20.86667	903
20.87500	938
20.88333	972
20.89167	1005
20.90000	1038
20.90833	1070
20.91667	1101
20.92500	1132
20.93333	1161
20.94167	1190
20.95000	1218
20.95833	1245
20.96667	1272
20.97500	1298
20.98333	1325
20.99167	1351
21.00000	1377
21.00833	1404
21.01667	1431
21.02500	1459
21.03333	1488
21.04167	1518
21.05000	1550
21.05833	1583
21.06667	1619
21.07500	1657
21.08333	1698
21.09167	1742
21.10000	1790
21.10833	1843
21.11667	1900
21.12500	1963
21.13333	2031
21.14167	2106
21.15000	2187
21.15833	2276
21.16667	2373
21.17500	2479
21.18333	2594
21.19167	2719
21.20000	2854
21.20833	3001
21.21667	3160
21.22500	3331
21.23333	3515
21.24167	3713
21.25000	3925
21.25833	4151
21.26667	4392
21.27500	4647
21.28333	4916
21.29167	5199
21.30000	5496
21.30833	5806
21.31667	6129
21.32500	6463
21.33333	6808
21.34167	7162
21.35000	7523
21.35833	7891
21.36667	8264
21.37500	8639
21.38333	9014
21.39167	9387
21.40000	9757
21.40833	10120
21.41667	10475
21.42500	10818
21.43333	11148
21.44167	11462
21.45000	11758
21.45833	12034
21.46667	12288
21.47500	12518
21.48333	12723
21.49167	12900
21.50000	13049
21.50833	13168
21.51667	13258
21.52500	13317
21.53333	13344
21.54167	13341
21.55000	13308
21.55833	13243
21.56667	13150
21.57500	13028
21.58333	12879
21.59167	12703
21.60000	12503
21.60833	12279
21.61667	12035
21.62500	11770
21.63333	11489
21.64167	11192
21.65000	10881
21.65833	10558
21.66667	10226
21.67500	9886
21.68333	9540
21.69167	9190
21.70000	8838
21.70833	8486
21.71667	8135
21.72500	7786
21.73333	7441
21.74167	7101
21.75000	6768
21.75833	6441
21.76667	6121
21.77500	5811
21.78333	5509
21.79167	5218
21.80000	4936
21.80833	4665
21.81667	4405
21.82500	4156
21.83333	3917
21.84167	3689
21.85000	3472
21.85833	3265
21.86667	3068
21.87500	2881
21.88333	2704
21.89167	2537
21.90000	2378
21.90833	2229
21.91667	2087
21.92500	1954
21.93333	1828
21.94167	1710
21.95000	1599
21.95833	1494
21.96667	1395
21.97500	1302
21.98333	1215
21.99167	1134
22.00000	1057
22.00833	985
22.01667	917
22.02500	854
22.03333	795
22.04167	739
22.05000	687
22.05833	638
22.06667	592
22.07500	550
22.08333	510
22.09167	473
22.10000	439
22.10833	407
22.11667	377
22.12500	350
22.13333	325
22.14167	301
22.15000	279
22.15833	259
22.16667	240
22.17500	223
22.18333	208
22.19167	194
22.20000	182
22.20833	170
22.21667	160
22.22500	151
22.23333	142
22.24167	134
22.25000	127
22.25833	121
22.26667	116
22.27500	111
22.28333	106
22.29167	102
22.30000	99
22.30833	96
22.31667	94
22.32500	91
22.33333	89
22.34167	88
22.35000	86
22.35833	85
22.36667	83
22.37500	81
22.38333	80
22.39167	78
22.40000	76
22.40833	74
22.41667	72
22.42500	70
22.43333	67
22.44167	65
22.45000	62
22.45833	60
22.46667	56
22.47500	53
22.48333	49
22.49167	44
22.50000	40
22.50833	35
22.51667	30
22.52500	26
22.53333	20
22.54167	14
22.55000	8
22.55833	2
22.56667	-5
22.57500	-11
22.58333	-18
22.59167	-25
22.60000	-32
22.60833	-40
22.61667	-47
22.62500	-54
22.63333	-61
22.64167	-69
22.65000	-76
22.65833	-83
22.66667	-90
22.67500	-98
22.68333	-105
22.69167	-112
22.70000	-119
22.70833	-126
22.71667	-133
22.72500	-139
22.73333	-145
22.74167	-151
22.75000	-156
22.75833	-161
22.76667	-165
22.77500	-170
22.78333	-174
22.79167	-177
22.80000	-180
22.80833	-183
22.81667	-186
22.82500	-188
22.83333	-190
22.84167	-191
22.85000	-193
22.85833	-194
22.86667	-194
22.87500	-195
22.88333	-195
22.89167	-195
22.90000	-194
22.90833	-193
22.91667	-192
22.92500	-190
22.93333	-188
22.94167	-186
22.95000	-184
22.95833	-182
22.96667	-180
22.97500	-178
22.98333	-175
22.99167	-173
23.00000	-170
23.00833	-168
23.01667	-165
23.02500	-162
23.03333	-160
23.04167	-157
23.05000	-154
23.05833	-152
23.06667	-149
23.07500	-147
23.08333	-144
23.09167	-141
23.10000	-139
23.10833	-136
23.11667	-134
23.12500	-132
23.13333	-131
23.14167	-129
23.15000	-128
23.15833	-126
23.16667	-125
23.17500	-123
23.18333	-122
23.19167	-121
23.20000	-120
23.20833	-120
23.21667	-119
23.22500	-119
23.23333	-118
23.24167	-118
23.25000	-118
23.25833	-118
23.26667	-118
23.27500	-118
23.28333	-118
23.29167	-118
23.30000	-118
23.30833	-118
23.31667	-118
23.32500	-119
23.33333	-119
23.34167	-120
23.35000	-120
23.35833	-120
23.36667	-121
23.37500	-121
23.38333	-121
23.39167	-122
23.40000	-122
23.40833	-123
23.41667	-123
23.42500	-123
23.43333	-124
23.44167	-124
23.45000	-124
23.45833	-124
23.46667	-124
23.47500	-124
23.48333	-124
23.49167	-125
23.50000	-125
23.50833	-125
23.51667	-125
23.52500	-125
23.53333	-126
23.54167	-126
23.55000	-126
23.55833	-126
23.56667	-126
23.57500	-126
23.58333	-126
23.59167	-126
23.60000	-126
23.60833	-126
23.61667	-126
23.62500	-127
23.63333	-127
23.64167	-127
23.65000	-127
23.65833	-126
23.66667	-126
23.67500	-126
23.68333	-125
23.69167	-125
23.70000	-125
23.70833	-125
23.71667	-124
23.72500	-124
23.73333	-124
23.74167	-124
23.75000	-124
23.75833	-123
23.76667	-123
23.77500	-122
23.78333	-122
23.79167	-121
23.80000	-121
23.80833	-121
23.81667	-121
23.82500	-120
23.83333	-120
23.84167	-120
23.85000	-120
23.85833	-120
23.86667	-119
23.87500	-119
23.88333	-119
23.89167	-118
23.90000	-118
23.90833	-117
23.91667	-117
23.92500	-117
23.93333	-116
23.94167	-115
23.95000	-115
23.95833	-115
23.96667	-114
23.97500	-114
23.98333	-114
23.99167	-114
24.00000	-114
24.00833	-113
24.01667	-113
24.02500	-113
24.03333	-113
24.04167	-113
24.05000	-113
24.05833	-113
24.06667	-112
24.07500	-112
24.08333	-112
24.09167	-113
24.10000	-113
24.10833	-113
24.11667	-113
24.12500	-113
24.13333	-113
24.14167	-114
24.15000	-114
24.15833	-115
24.16667	-116
24.17500	-116
24.18333	-117
24.19167	-118
24.20000	-119
24.20833	-120
24.21667	-121
24.22500	-122
24.23333	-124
24.24167	-125
24.25000	-126
24.25833	-128
24.26667	-130
24.27500	-131
24.28333	-132
24.29167	-134
24.30000	-135
24.30833	-136
24.31667	-138
24.32500	-140
24.33333	-142
24.34167	-143
24.35000	-144
24.35833	-146
24.36667	-147
24.37500	-149
24.38333	-151
24.39167	-152
24.40000	-153
24.40833	-155
24.41667	-156
24.42500	-157
24.43333	-158
24.44167	-159
24.45000	-160
24.45833	-160
24.46667	-161
24.47500	-161
24.48333	-162
24.49167	-163
24.50000	-164
24.50833	-165
24.51667	-165
24.52500	-165
24.53333	-166
24.54167	-166
24.55000	-166
24.55833	-166
24.56667	-166
24.57500	-166
24.58333	-166
24.59167	-166
24.60000	-165
24.60833	-165
24.61667	-164
24.62500	-163
24.63333	-163
24.64167	-162
24.65000	-161
24.65833	-160
24.66667	-159
24.67500	-159
24.68333	-157
24.69167	-156
24.70000	-155
24.70833	-154
24.71667	-153
24.72500	-152
24.73333	-151
24.74167	-150
24.75000	-149
24.75833	-149
24.76667	-148
24.77500	-147
24.78333	-146
24.79167	-145
24.80000	-144
24.80833	-143
24.81667	-142
24.82500	-141
24.83333	-141
24.84167	-140
24.85000	-139
24.85833	-139
24.86667	-138
24.87500	-137
24.88333	-137
24.89167	-136
24.90000	-135
24.90833	-134
24.91667	-134
24.92500	-133
24.93333	-132
24.94167	-132
24.95000	-131
24.95833	-131
24.96667	-131
24.97500	-131
24.98333	-130
24.99167	-130
25.00000	-129
25.00833	-129
25.01667	-129
25.02500	-129
25.03333	-129
25.04167	-129
25.05000	-128
25.05833	-128
25.06667	-127
25.07500	-127
25.08333	-126
25.09167	-126
25.10000	-125
25.10833	-125
25.11667	-124
25.12500	-124
25.13333	-124
25.14167	-124
25.15000	-124
25.15833	-124
25.16667	-124
25.17500	-123
25.18333	-123
25.19167	-122
25.20000	-122
25.20833	-122
25.21667	-122
25.22500	-121
25.23333	-121
25.24167	-120
25.25000	-120
25.25833	-120
25.26667	-120
25.27500	-120
25.28333	-120
25.29167	-119
25.30000	-118
25.30833	-117
25.31667	-117
25.32500	-117
25.33333	-116
25.34167	-116
25.35000	-116
25.35833	-115
25.36667	-115
25.37500	-115
25.38333	-115
25.39167	-114
25.40000	-114
25.40833	-113
25.41667	-112
25.42500	-112
25.43333	-111
25.44167	-110
25.45000	-109
25.45833	-109
25.46667	-108
25.47500	-108
25.48333	-107
25.49167	-107
25.50000	-106
25.50833	-105
25.51667	-105
25.52500	-104
25.53333	-103
25.54167	-103
25.55000	-102
25.55833	-101
25.56667	-100
25.57500	-99
25.58333	-98
25.59167	-97
25.60000	-96
25.60833	-94
25.61667	-93
25.62500	-92
25.63333	-92
25.64167	-91
25.65000	-90
25.65833	-89
25.66667	-89
25.67500	-88
25.68333	-86
25.69167	-85
25.70000	-84
25.70833	-83
25.71667	-82
25.72500	-81
25.73333	-80
25.74167	-79
25.75000	-78
25.75833	-77
25.76667	-76
25.77500	-75
25.78333	-74
25.79167	-73
25.80000	-72
25.80833	-71
25.81667	-70
25.82500	-69
25.83333	-68
25.84167	-66
25.85000	-65
25.85833	-64
25.86667	-63
25.87500	-62
25.88333	-61
25.89167	-59
25.90000	-58
25.90833	-56
25.91667	-55
25.92500	-54
25.93333	-52
25.94167	-51
25.95000	-49
25.95833	-48
25.96667	-46
25.97500	-45
25.98333	-42
25.99167	-40
26.00000	-38
26.00833	-36
26.01667	-33
26.02500	-30
26.03333	-28
26.04167	-25
26.05000	-22
26.05833	-19
26.06667	-16
26.07500	-13
26.08333	-9
26.09167	-6
26.10000	-2
26.10833	2
26.11667	7
26.12500	11
26.13333	16
26.14167	21
26.15000	26
26.15833	32
26.16667	37
26.17500	43
26.18333	49
26.19167	56
26.20000	63
26.20833	71
26.21667	79
26.22500	87
26.23333	96
26.24167	105
26.25000	113
26.25833	123
26.26667	133
26.27500	143
26.28333	154
26.29167	165
26.30000	177
26.30833	188
26.31667	200
26.32500	212
26.33333	224
26.34167	237
26.35000	250
26.35833	262
26.36667	275
26.37500	288
26.38333	301
26.39167	314
26.40000	326
26.40833	339
26.41667	351
26.42500	363
26.43333	375
26.44167	386
26.45000	397
26.45833	407
26.46667	417
26.47500	427
26.48333	436
26.49167	444
26.50000	451
26.50833	458
26.51667	464
26.52500	469
26.53333	474
26.54167	477
26.55000	479
26.55833	480
26.56667	481
26.57500	481
26.58333	479
26.59167	477
26.60000	474
26.60833	470
26.61667	465
26.62500	460
26.63333	454
26.64167	448
26.65000	440
26.65833	432
26.66667	424
26.67500	415
26.68333	406
26.69167	396
26.70000	386
26.70833	376
26.71667	366
26.72500	355
26.73333	344
26.74167	333
26.75000	322
26.75833	311
26.76667	300
26.77500	289
26.78333	278
26.79167	267
26.80000	256
26.80833	246
26.81667	236
26.82500	226
26.83333	217
26.84167	208
26.85000	199
26.85833	190
26.86667	182
26.87500	174
26.88333	166
26.89167	158
26.90000	150
26.90833	143
26.91667	135
26.92500	128
26.93333	122
26.94167	116
26.95000	110
26.95833	104
26.96667	98
26.97500	93
26.98333	88
26.99167	83
27.00000	78
27.00833	73
27.01667	68
27.02500	64
27.03333	59
27.04167	55
27.05000	51
27.05833	47
27.06667	43
27.07500	39
27.08333	35
27.09167	32
27.10000	27
27.10833	24
27.11667	20
27.12500	17
27.13333	13
27.14167	10
27.15000	7
27.15833	4
27.16667	1
27.17500	-3
27.18333	-6
27.19167	-9
27.20000	-13
27.20833	-15
27.21667	-19
27.22500	-21
27.23333	-24
27.24167	-26
27.25000	-29
27.25833	-32
27.26667	-35
27.27500	-38
27.28333	-40
27.29167	-43
27.30000	-46
27.30833	-48
27.31667	-51
27.32500	-53
27.33333	-56
27.34167	-59
27.35000	-61
27.35833	-63
27.36667	-65
27.37500	-67
27.38333	-69
27.39167	-71
27.40000	-73
27.40833	-75
27.41667	-76
27.42500	-78
27.43333	-80
27.44167	-82
27.45000	-84
27.45833	-85
27.46667	-87
27.47500	-88
27.48333	-89
27.49167	-91
27.50000	-92
27.50833	-93
27.51667	-94
27.52500	-96
27.53333	-97
27.54167	-98
27.55000	-99
27.55833	-100
27.56667	-101
27.57500	-102
27.58333	-102
27.59167	-103
27.60000	-103
27.60833	-103
27.61667	-104
27.62500	-104
27.63333	-104
27.64167	-105
27.65000	-105
27.65833	-106
27.66667	-107
27.67500	-107
27.68333	-107
27.69167	-107
27.70000	-107
27.70833	-107
27.71667	-107
27.72500	-108
27.73333	-108
27.74167	-109
27.75000	-109
27.75833	-109
27.76667	-109
27.77500	-109
27.78333	-109
27.79167	-109
27.80000	-109
27.80833	-109
27.81667	-109
27.82500	-109
27.83333	-110
27.84167	-110
27.85000	-110
27.85833	-110
27.86667	-110
27.87500	-111
27.88333	-111
27.89167	-111
27.90000	-111
27.90833	-111
27.91667	-111
27.92500	-111
27.93333	-111
27.94167	-111
27.95000	-112
27.95833	-112
27.96667	-111
27.97500	-112
27.98333	-112
27.99167	-113
28.00000	-113

