R.Time (min)	Intensity
0.00000	-36
0.00833	-36
0.01667	-3
0.02500	-1
0.03333	-2
0.04167	-3
0.05000	-3
0.05833	-4
0.06667	-4
0.07500	-5
0.08333	-5
0.09167	-6
0.10000	-6
0.10833	-7
0.11667	-8
0.12500	-8
0.13333	-9
0.14167	-10
0.15000	-11
0.15833	-12
0.16667	-13
0.17500	-13
0.18333	-14
0.19167	-14
0.20000	-15
0.20833	-15
0.21667	-16
0.22500	-17
0.23333	-17
0.24167	-18
0.25000	-18
0.25833	-19
0.26667	-20
0.27500	-20
0.28333	-21
0.29167	-22
0.30000	-23
0.30833	-23
0.31667	-24
0.32500	-24
0.33333	-24
0.34167	-25
0.35000	-25
0.35833	-26
0.36667	-26
0.37500	-27
0.38333	-27
0.39167	-28
0.40000	-28
0.40833	-29
0.41667	-30
0.42500	-30
0.43333	-30
0.44167	-30
0.45000	-30
0.45833	-31
0.46667	-31
0.47500	-31
0.48333	-31
0.49167	-32
0.50000	-32
0.50833	-32
0.51667	-33
0.52500	-33
0.53333	-34
0.54167	-34
0.55000	-35
0.55833	-35
0.56667	-36
0.57500	-36
0.58333	-36
0.59167	-36
0.60000	-37
0.60833	-37
0.61667	-38
0.62500	-38
0.63333	-39
0.64167	-39
0.65000	-40
0.65833	-40
0.66667	-41
0.67500	-42
0.68333	-42
0.69167	-43
0.70000	-44
0.70833	-44
0.71667	-44
0.72500	-44
0.73333	-45
0.74167	-45
0.75000	-46
0.75833	-47
0.76667	-48
0.77500	-48
0.78333	-49
0.79167	-49
0.80000	-49
0.80833	-50
0.81667	-50
0.82500	-51
0.83333	-51
0.84167	-52
0.85000	-53
0.85833	-53
0.86667	-54
0.87500	-54
0.88333	-55
0.89167	-55
0.90000	-56
0.90833	-56
0.91667	-56
0.92500	-57
0.93333	-57
0.94167	-57
0.95000	-58
0.95833	-59
0.96667	-59
0.97500	-60
0.98333	-60
0.99167	-61
1.00000	-61
1.00833	-61
1.01667	-62
1.02500	-62
1.03333	-62
1.04167	-63
1.05000	-63
1.05833	-63
1.06667	-63
1.07500	-64
1.08333	-64
1.09167	-65
1.10000	-65
1.10833	-65
1.11667	-66
1.12500	-66
1.13333	-66
1.14167	-67
1.15000	-68
1.15833	-68
1.16667	-69
1.17500	-69
1.18333	-70
1.19167	-70
1.20000	-70
1.20833	-70
1.21667	-71
1.22500	-71
1.23333	-72
1.24167	-72
1.25000	-73
1.25833	-73
1.26667	-74
1.27500	-74
1.28333	-74
1.29167	-75
1.30000	-75
1.30833	-75
1.31667	-76
1.32500	-76
1.33333	-76
1.34167	-77
1.35000	-77
1.35833	-77
1.36667	-77
1.37500	-78
1.38333	-78
1.39167	-78
1.40000	-79
1.40833	-79
1.41667	-79
1.42500	-79
1.43333	-79
1.44167	-80
1.45000	-80
1.45833	-80
1.46667	-80
1.47500	-81
1.48333	-81
1.49167	-82
1.50000	-82
1.50833	-82
1.51667	-82
1.52500	-82
1.53333	-83
1.54167	-84
1.55000	-84
1.55833	-84
1.56667	-84
1.57500	-84
1.58333	-84
1.59167	-84
1.60000	-85
1.60833	-85
1.61667	-85
1.62500	-86
1.63333	-86
1.64167	-87
1.65000	-87
1.65833	-87
1.66667	-87
1.67500	-87
1.68333	-88
1.69167	-88
1.70000	-88
1.70833	-88
1.71667	-89
1.72500	-89
1.73333	-89
1.74167	-90
1.75000	-89
1.75833	-90
1.76667	-90
1.77500	-90
1.78333	-91
1.79167	-91
1.80000	-92
1.80833	-92
1.81667	-92
1.82500	-92
1.83333	-93
1.84167	-93
1.85000	-94
1.85833	-94
1.86667	-94
1.87500	-94
1.88333	-94
1.89167	-95
1.90000	-95
1.90833	-95
1.91667	-96
1.92500	-96
1.93333	-96
1.94167	-96
1.95000	-97
1.95833	-97
1.96667	-98
1.97500	-98
1.98333	-99
1.99167	-99
2.00000	-99
2.00833	-99
2.01667	-99
2.02500	-100
2.03333	-100
2.04167	-100
2.05000	-101
2.05833	-101
2.06667	-101
2.07500	-102
2.08333	-102
2.09167	-102
2.10000	-102
2.10833	-102
2.11667	-103
2.12500	-103
2.13333	-104
2.14167	-104
2.15000	-104
2.15833	-104
2.16667	-104
2.17500	-104
2.18333	-104
2.19167	-105
2.20000	-105
2.20833	-106
2.21667	-107
2.22500	-107
2.23333	-108
2.24167	-108
2.25000	-108
2.25833	-108
2.26667	-107
2.27500	-107
2.28333	-107
2.29167	-108
2.30000	-108
2.30833	-108
2.31667	-108
2.32500	-108
2.33333	-108
2.34167	-108
2.35000	-108
2.35833	-108
2.36667	-108
2.37500	-108
2.38333	-108
2.39167	-108
2.40000	-108
2.40833	-108
2.41667	-108
2.42500	-108
2.43333	-108
2.44167	-108
2.45000	-108
2.45833	-109
2.46667	-109
2.47500	-109
2.48333	-110
2.49167	-111
2.50000	-111
2.50833	-111
2.51667	-111
2.52500	-111
2.53333	-111
2.54167	-111
2.55000	-111
2.55833	-111
2.56667	-111
2.57500	-110
2.58333	-110
2.59167	-110
2.60000	-111
2.60833	-111
2.61667	-111
2.62500	-111
2.63333	-111
2.64167	-111
2.65000	-111
2.65833	-111
2.66667	-112
2.67500	-112
2.68333	-113
2.69167	-113
2.70000	-113
2.70833	-112
2.71667	-112
2.72500	-112
2.73333	-112
2.74167	-113
2.75000	-113
2.75833	-114
2.76667	-114
2.77500	-114
2.78333	-115
2.79167	-115
2.80000	-115
2.80833	-115
2.81667	-115
2.82500	-115
2.83333	-116
2.84167	-116
2.85000	-116
2.85833	-116
2.86667	-116
2.87500	-116
2.88333	-117
2.89167	-117
2.90000	-117
2.90833	-118
2.91667	-118
2.92500	-118
2.93333	-119
2.94167	-119
2.95000	-119
2.95833	-119
2.96667	-119
2.97500	-119
2.98333	-119
2.99167	-119
3.00000	-118
3.00833	-118
3.01667	-119
3.02500	-119
3.03333	-119
3.04167	-120
3.05000	-119
3.05833	-120
3.06667	-120
3.07500	-120
3.08333	-120
3.09167	-120
3.10000	-120
3.10833	-120
3.11667	-120
3.12500	-120
3.13333	-119
3.14167	-120
3.15000	-120
3.15833	-120
3.16667	-121
3.17500	-120
3.18333	-120
3.19167	-120
3.20000	-120
3.20833	-120
3.21667	-120
3.22500	-120
3.23333	-121
3.24167	-121
3.25000	-122
3.25833	-122
3.26667	-122
3.27500	-122
3.28333	-122
3.29167	-122
3.30000	-122
3.30833	-122
3.31667	-121
3.32500	-121
3.33333	-121
3.34167	-121
3.35000	-121
3.35833	-121
3.36667	-122
3.37500	-122
3.38333	-122
3.39167	-122
3.40000	-122
3.40833	-122
3.41667	-123
3.42500	-123
3.43333	-123
3.44167	-124
3.45000	-123
3.45833	-123
3.46667	-123
3.47500	-123
3.48333	-123
3.49167	-123
3.50000	-123
3.50833	-123
3.51667	-123
3.52500	-123
3.53333	-123
3.54167	-123
3.55000	-123
3.55833	-124
3.56667	-124
3.57500	-124
3.58333	-125
3.59167	-125
3.60000	-125
3.60833	-125
3.61667	-125
3.62500	-125
3.63333	-125
3.64167	-126
3.65000	-126
3.65833	-126
3.66667	-126
3.67500	-126
3.68333	-126
3.69167	-126
3.70000	-126
3.70833	-126
3.71667	-126
3.72500	-126
3.73333	-126
3.74167	-126
3.75000	-127
3.75833	-127
3.76667	-127
3.77500	-127
3.78333	-127
3.79167	-127
3.80000	-128
3.80833	-127
3.81667	-127
3.82500	-127
3.83333	-127
3.84167	-127
3.85000	-127
3.85833	-127
3.86667	-127
3.87500	-127
3.88333	-127
3.89167	-127
3.90000	-127
3.90833	-127
3.91667	-127
3.92500	-127
3.93333	-127
3.94167	-128
3.95000	-128
3.95833	-127
3.96667	-127
3.97500	-127
3.98333	-127
3.99167	-127
4.00000	-127
4.00833	-128
4.01667	-128
4.02500	-128
4.03333	-128
4.04167	-128
4.05000	-129
4.05833	-129
4.06667	-129
4.07500	-129
4.08333	-128
4.09167	-128
4.10000	-128
4.10833	-128
4.11667	-128
4.12500	-128
4.13333	-128
4.14167	-128
4.15000	-128
4.15833	-128
4.16667	-128
4.17500	-129
4.18333	-129
4.19167	-130
4.20000	-130
4.20833	-130
4.21667	-130
4.22500	-130
4.23333	-130
4.24167	-130
4.25000	-130
4.25833	-130
4.26667	-130
4.27500	-130
4.28333	-130
4.29167	-130
4.30000	-130
4.30833	-130
4.31667	-130
4.32500	-130
4.33333	-131
4.34167	-131
4.35000	-131
4.35833	-131
4.36667	-131
4.37500	-131
4.38333	-131
4.39167	-131
4.40000	-130
4.40833	-130
4.41667	-130
4.42500	-130
4.43333	-130
4.44167	-130
4.45000	-130
4.45833	-130
4.46667	-130
4.47500	-130
4.48333	-131
4.49167	-130
4.50000	-130
4.50833	-130
4.51667	-129
4.52500	-129
4.53333	-128
4.54167	-129
4.55000	-129
4.55833	-129
4.56667	-129
4.57500	-129
4.58333	-129
4.59167	-129
4.60000	-129
4.60833	-129
4.61667	-129
4.62500	-129
4.63333	-129
4.64167	-130
4.65000	-130
4.65833	-130
4.66667	-130
4.67500	-130
4.68333	-130
4.69167	-129
4.70000	-129
4.70833	-129
4.71667	-129
4.72500	-130
4.73333	-130
4.74167	-130
4.75000	-130
4.75833	-130
4.76667	-130
4.77500	-130
4.78333	-130
4.79167	-130
4.80000	-130
4.80833	-130
4.81667	-130
4.82500	-130
4.83333	-130
4.84167	-130
4.85000	-130
4.85833	-131
4.86667	-131
4.87500	-130
4.88333	-130
4.89167	-130
4.90000	-130
4.90833	-130
4.91667	-130
4.92500	-130
4.93333	-131
4.94167	-131
4.95000	-131
4.95833	-131
4.96667	-132
4.97500	-132
4.98333	-131
4.99167	-131
5.00000	-131
5.00833	-131
5.01667	-131
5.02500	-130
5.03333	-130
5.04167	-131
5.05000	-131
5.05833	-131
5.06667	-130
5.07500	-130
5.08333	-130
5.09167	-131
5.10000	-131
5.10833	-131
5.11667	-132
5.12500	-132
5.13333	-132
5.14167	-132
5.15000	-132
5.15833	-132
5.16667	-132
5.17500	-131
5.18333	-131
5.19167	-131
5.20000	-132
5.20833	-132
5.21667	-131
5.22500	-132
5.23333	-132
5.24167	-132
5.25000	-132
5.25833	-132
5.26667	-132
5.27500	-132
5.28333	-132
5.29167	-132
5.30000	-132
5.30833	-132
5.31667	-132
5.32500	-132
5.33333	-132
5.34167	-132
5.35000	-132
5.35833	-132
5.36667	-132
5.37500	-132
5.38333	-132
5.39167	-132
5.40000	-133
5.40833	-133
5.41667	-133
5.42500	-133
5.43333	-133
5.44167	-133
5.45000	-133
5.45833	-133
5.46667	-132
5.47500	-132
5.48333	-132
5.49167	-132
5.50000	-133
5.50833	-133
5.51667	-133
5.52500	-134
5.53333	-134
5.54167	-134
5.55000	-134
5.55833	-134
5.56667	-134
5.57500	-134
5.58333	-134
5.59167	-134
5.60000	-134
5.60833	-134
5.61667	-134
5.62500	-134
5.63333	-135
5.64167	-135
5.65000	-135
5.65833	-134
5.66667	-134
5.67500	-135
5.68333	-135
5.69167	-135
5.70000	-135
5.70833	-135
5.71667	-135
5.72500	-135
5.73333	-135
5.74167	-135
5.75000	-135
5.75833	-136
5.76667	-136
5.77500	-135
5.78333	-135
5.79167	-135
5.80000	-134
5.80833	-134
5.81667	-134
5.82500	-133
5.83333	-133
5.84167	-133
5.85000	-133
5.85833	-133
5.86667	-132
5.87500	-133
5.88333	-133
5.89167	-133
5.90000	-133
5.90833	-133
5.91667	-133
5.92500	-133
5.93333	-133
5.94167	-133
5.95000	-133
5.95833	-133
5.96667	-133
5.97500	-133
5.98333	-132
5.99167	-132
6.00000	-132
6.00833	-132
6.01667	-132
6.02500	-133
6.03333	-133
6.04167	-133
6.05000	-133
6.05833	-133
6.06667	-133
6.07500	-133
6.08333	-133
6.09167	-133
6.10000	-133
6.10833	-133
6.11667	-133
6.12500	-133
6.13333	-133
6.14167	-133
6.15000	-134
6.15833	-133
6.16667	-133
6.17500	-133
6.18333	-133
6.19167	-133
6.20000	-133
6.20833	-134
6.21667	-134
6.22500	-133
6.23333	-133
6.24167	-134
6.25000	-134
6.25833	-134
6.26667	-133
6.27500	-133
6.28333	-133
6.29167	-133
6.30000	-133
6.30833	-133
6.31667	-133
6.32500	-133
6.33333	-133
6.34167	-133
6.35000	-134
6.35833	-134
6.36667	-134
6.37500	-134
6.38333	-134
6.39167	-134
6.40000	-135
6.40833	-135
6.41667	-135
6.42500	-135
6.43333	-135
6.44167	-135
6.45000	-135
6.45833	-135
6.46667	-134
6.47500	-134
6.48333	-134
6.49167	-135
6.50000	-135
6.50833	-135
6.51667	-135
6.52500	-134
6.53333	-134
6.54167	-134
6.55000	-134
6.55833	-134
6.56667	-135
6.57500	-135
6.58333	-135
6.59167	-136
6.60000	-135
6.60833	-135
6.61667	-135
6.62500	-135
6.63333	-135
6.64167	-135
6.65000	-135
6.65833	-135
6.66667	-134
6.67500	-134
6.68333	-134
6.69167	-134
6.70000	-134
6.70833	-134
6.71667	-134
6.72500	-135
6.73333	-135
6.74167	-136
6.75000	-136
6.75833	-136
6.76667	-136
6.77500	-135
6.78333	-135
6.79167	-135
6.80000	-135
6.80833	-135
6.81667	-135
6.82500	-135
6.83333	-135
6.84167	-135
6.85000	-135
6.85833	-135
6.86667	-135
6.87500	-135
6.88333	-135
6.89167	-135
6.90000	-134
6.90833	-134
6.91667	-134
6.92500	-133
6.93333	-133
6.94167	-133
6.95000	-133
6.95833	-134
6.96667	-134
6.97500	-134
6.98333	-134
6.99167	-134
7.00000	-135
7.00833	-135
7.01667	-135
7.02500	-134
7.03333	-135
7.04167	-135
7.05000	-135
7.05833	-135
7.06667	-135
7.07500	-135
7.08333	-135
7.09167	-135
7.10000	-135
7.10833	-135
7.11667	-135
7.12500	-135
7.13333	-135
7.14167	-135
7.15000	-135
7.15833	-135
7.16667	-135
7.17500	-135
7.18333	-136
7.19167	-136
7.20000	-136
7.20833	-136
7.21667	-135
7.22500	-135
7.23333	-135
7.24167	-135
7.25000	-134
7.25833	-134
7.26667	-133
7.27500	-133
7.28333	-132
7.29167	-132
7.30000	-131
7.30833	-130
7.31667	-129
7.32500	-127
7.33333	-125
7.34167	-123
7.35000	-120
7.35833	-115
7.36667	-109
7.37500	-102
7.38333	-92
7.39167	-80
7.40000	-66
7.40833	-50
7.41667	-32
7.42500	-12
7.43333	10
7.44167	33
7.45000	57
7.45833	81
7.46667	104
7.47500	125
7.48333	143
7.49167	159
7.50000	171
7.50833	179
7.51667	183
7.52500	183
7.53333	180
7.54167	173
7.55000	163
7.55833	151
7.56667	137
7.57500	121
7.58333	105
7.59167	87
7.60000	70
7.60833	53
7.61667	36
7.62500	20
7.63333	5
7.64167	-9
7.65000	-21
7.65833	-33
7.66667	-44
7.67500	-53
7.68333	-61
7.69167	-68
7.70000	-75
7.70833	-81
7.71667	-86
7.72500	-90
7.73333	-95
7.74167	-98
7.75000	-101
7.75833	-104
7.76667	-107
7.77500	-110
7.78333	-112
7.79167	-113
7.80000	-115
7.80833	-117
7.81667	-118
7.82500	-119
7.83333	-121
7.84167	-122
7.85000	-123
7.85833	-123
7.86667	-124
7.87500	-125
7.88333	-126
7.89167	-127
7.90000	-127
7.90833	-128
7.91667	-128
7.92500	-128
7.93333	-127
7.94167	-128
7.95000	-128
7.95833	-129
7.96667	-129
7.97500	-129
7.98333	-130
7.99167	-130
8.00000	-130
8.00833	-129
8.01667	-130
8.02500	-130
8.03333	-131
8.04167	-131
8.05000	-131
8.05833	-131
8.06667	-132
8.07500	-132
8.08333	-132
8.09167	-132
8.10000	-133
8.10833	-133
8.11667	-133
8.12500	-134
8.13333	-134
8.14167	-134
8.15000	-135
8.15833	-135
8.16667	-135
8.17500	-135
8.18333	-135
8.19167	-135
8.20000	-135
8.20833	-135
8.21667	-135
8.22500	-135
8.23333	-135
8.24167	-136
8.25000	-136
8.25833	-136
8.26667	-136
8.27500	-136
8.28333	-136
8.29167	-136
8.30000	-137
8.30833	-137
8.31667	-136
8.32500	-136
8.33333	-136
8.34167	-136
8.35000	-136
8.35833	-136
8.36667	-136
8.37500	-136
8.38333	-135
8.39167	-135
8.40000	-134
8.40833	-134
8.41667	-134
8.42500	-133
8.43333	-133
8.44167	-133
8.45000	-132
8.45833	-132
8.46667	-132
8.47500	-133
8.48333	-133
8.49167	-133
8.50000	-133
8.50833	-133
8.51667	-133
8.52500	-134
8.53333	-133
8.54167	-133
8.55000	-133
8.55833	-132
8.56667	-132
8.57500	-132
8.58333	-132
8.59167	-132
8.60000	-131
8.60833	-131
8.61667	-131
8.62500	-131
8.63333	-131
8.64167	-131
8.65000	-131
8.65833	-132
8.66667	-132
8.67500	-132
8.68333	-132
8.69167	-132
8.70000	-131
8.70833	-131
8.71667	-131
8.72500	-131
8.73333	-131
8.74167	-131
8.75000	-131
8.75833	-131
8.76667	-131
8.77500	-131
8.78333	-131
8.79167	-131
8.80000	-131
8.80833	-132
8.81667	-132
8.82500	-131
8.83333	-131
8.84167	-131
8.85000	-131
8.85833	-131
8.86667	-131
8.87500	-131
8.88333	-131
8.89167	-132
8.90000	-132
8.90833	-132
8.91667	-132
8.92500	-132
8.93333	-132
8.94167	-132
8.95000	-132
8.95833	-133
8.96667	-133
8.97500	-133
8.98333	-133
8.99167	-133
9.00000	-133
9.00833	-133
9.01667	-133
9.02500	-133
9.03333	-133
9.04167	-132
9.05000	-132
9.05833	-132
9.06667	-132
9.07500	-132
9.08333	-133
9.09167	-133
9.10000	-133
9.10833	-132
9.11667	-132
9.12500	-132
9.13333	-132
9.14167	-132
9.15000	-132
9.15833	-132
9.16667	-132
9.17500	-132
9.18333	-132
9.19167	-132
9.20000	-132
9.20833	-132
9.21667	-132
9.22500	-132
9.23333	-132
9.24167	-132
9.25000	-132
9.25833	-132
9.26667	-132
9.27500	-132
9.28333	-131
9.29167	-131
9.30000	-131
9.30833	-130
9.31667	-130
9.32500	-130
9.33333	-129
9.34167	-129
9.35000	-129
9.35833	-129
9.36667	-130
9.37500	-130
9.38333	-131
9.39167	-131
9.40000	-131
9.40833	-131
9.41667	-131
9.42500	-131
9.43333	-131
9.44167	-131
9.45000	-131
9.45833	-131
9.46667	-131
9.47500	-131
9.48333	-132
9.49167	-132
9.50000	-132
9.50833	-132
9.51667	-131
9.52500	-131
9.53333	-131
9.54167	-131
9.55000	-131
9.55833	-131
9.56667	-131
9.57500	-131
9.58333	-131
9.59167	-132
9.60000	-132
9.60833	-132
9.61667	-132
9.62500	-132
9.63333	-133
9.64167	-133
9.65000	-133
9.65833	-133
9.66667	-133
9.67500	-134
9.68333	-134
9.69167	-134
9.70000	-134
9.70833	-134
9.71667	-134
9.72500	-134
9.73333	-134
9.74167	-134
9.75000	-133
9.75833	-133
9.76667	-134
9.77500	-134
9.78333	-134
9.79167	-134
9.80000	-134
9.80833	-134
9.81667	-134
9.82500	-134
9.83333	-134
9.84167	-134
9.85000	-134
9.85833	-133
9.86667	-134
9.87500	-134
9.88333	-134
9.89167	-134
9.90000	-134
9.90833	-133
9.91667	-133
9.92500	-133
9.93333	-133
9.94167	-132
9.95000	-132
9.95833	-132
9.96667	-132
9.97500	-132
9.98333	-133
9.99167	-133
10.00000	-132
10.00833	-132
10.01667	-132
10.02500	-132
10.03333	-132
10.04167	-132
10.05000	-132
10.05833	-132
10.06667	-132
10.07500	-132
10.08333	-132
10.09167	-132
10.10000	-132
10.10833	-132
10.11667	-132
10.12500	-132
10.13333	-132
10.14167	-132
10.15000	-132
10.15833	-132
10.16667	-132
10.17500	-132
10.18333	-132
10.19167	-132
10.20000	-133
10.20833	-133
10.21667	-132
10.22500	-132
10.23333	-132
10.24167	-132
10.25000	-132
10.25833	-133
10.26667	-133
10.27500	-133
10.28333	-133
10.29167	-133
10.30000	-133
10.30833	-133
10.31667	-133
10.32500	-133
10.33333	-133
10.34167	-133
10.35000	-133
10.35833	-133
10.36667	-133
10.37500	-134
10.38333	-134
10.39167	-134
10.40000	-134
10.40833	-133
10.41667	-133
10.42500	-132
10.43333	-132
10.44167	-132
10.45000	-132
10.45833	-131
10.46667	-130
10.47500	-129
10.48333	-128
10.49167	-127
10.50000	-125
10.50833	-124
10.51667	-122
10.52500	-120
10.53333	-119
10.54167	-117
10.55000	-115
10.55833	-113
10.56667	-110
10.57500	-108
10.58333	-106
10.59167	-103
10.60000	-101
10.60833	-99
10.61667	-97
10.62500	-95
10.63333	-94
10.64167	-93
10.65000	-92
10.65833	-91
10.66667	-91
10.67500	-91
10.68333	-91
10.69167	-93
10.70000	-94
10.70833	-96
10.71667	-97
10.72500	-99
10.73333	-100
10.74167	-102
10.75000	-104
10.75833	-105
10.76667	-107
10.77500	-109
10.78333	-111
10.79167	-113
10.80000	-114
10.80833	-116
10.81667	-117
10.82500	-119
10.83333	-120
10.84167	-122
10.85000	-123
10.85833	-124
10.86667	-125
10.87500	-126
10.88333	-127
10.89167	-127
10.90000	-127
10.90833	-127
10.91667	-128
10.92500	-128
10.93333	-128
10.94167	-128
10.95000	-129
10.95833	-129
10.96667	-130
10.97500	-130
10.98333	-130
10.99167	-131
11.00000	-131
11.00833	-131
11.01667	-131
11.02500	-131
11.03333	-132
11.04167	-132
11.05000	-132
11.05833	-132
11.06667	-132
11.07500	-132
11.08333	-132
11.09167	-132
11.10000	-132
11.10833	-132
11.11667	-132
11.12500	-132
11.13333	-133
11.14167	-133
11.15000	-133
11.15833	-132
11.16667	-132
11.17500	-132
11.18333	-133
11.19167	-133
11.20000	-133
11.20833	-133
11.21667	-133
11.22500	-133
11.23333	-133
11.24167	-132
11.25000	-132
11.25833	-132
11.26667	-132
11.27500	-132
11.28333	-132
11.29167	-132
11.30000	-132
11.30833	-132
11.31667	-132
11.32500	-133
11.33333	-133
11.34167	-133
11.35000	-133
11.35833	-133
11.36667	-133
11.37500	-133
11.38333	-133
11.39167	-133
11.40000	-133
11.40833	-133
11.41667	-133
11.42500	-133
11.43333	-133
11.44167	-133
11.45000	-133
11.45833	-133
11.46667	-134
11.47500	-134
11.48333	-134
11.49167	-134
11.50000	-134
11.50833	-134
11.51667	-133
11.52500	-134
11.53333	-134
11.54167	-134
11.55000	-133
11.55833	-134
11.56667	-134
11.57500	-135
11.58333	-135
11.59167	-134
11.60000	-134
11.60833	-134
11.61667	-134
11.62500	-134
11.63333	-134
11.64167	-134
11.65000	-134
11.65833	-135
11.66667	-135
11.67500	-135
11.68333	-136
11.69167	-136
11.70000	-136
11.70833	-136
11.71667	-136
11.72500	-136
11.73333	-136
11.74167	-136
11.75000	-136
11.75833	-137
11.76667	-137
11.77500	-137
11.78333	-136
11.79167	-136
11.80000	-136
11.80833	-136
11.81667	-136
11.82500	-136
11.83333	-136
11.84167	-137
11.85000	-137
11.85833	-137
11.86667	-136
11.87500	-137
11.88333	-137
11.89167	-136
11.90000	-136
11.90833	-136
11.91667	-136
11.92500	-137
11.93333	-137
11.94167	-137
11.95000	-137
11.95833	-136
11.96667	-136
11.97500	-136
11.98333	-136
11.99167	-136
12.00000	-136
12.00833	-136
12.01667	-136
12.02500	-136
12.03333	-136
12.04167	-136
12.05000	-137
12.05833	-137
12.06667	-137
12.07500	-137
12.08333	-136
12.09167	-136
12.10000	-136
12.10833	-137
12.11667	-137
12.12500	-137
12.13333	-137
12.14167	-137
12.15000	-137
12.15833	-137
12.16667	-137
12.17500	-137
12.18333	-137
12.19167	-137
12.20000	-137
12.20833	-137
12.21667	-137
12.22500	-137
12.23333	-136
12.24167	-136
12.25000	-136
12.25833	-135
12.26667	-135
12.27500	-135
12.28333	-135
12.29167	-135
12.30000	-135
12.30833	-135
12.31667	-136
12.32500	-136
12.33333	-136
12.34167	-136
12.35000	-135
12.35833	-135
12.36667	-135
12.37500	-136
12.38333	-136
12.39167	-136
12.40000	-136
12.40833	-136
12.41667	-136
12.42500	-136
12.43333	-136
12.44167	-136
12.45000	-136
12.45833	-136
12.46667	-136
12.47500	-136
12.48333	-136
12.49167	-136
12.50000	-136
12.50833	-136
12.51667	-136
12.52500	-136
12.53333	-136
12.54167	-136
12.55000	-136
12.55833	-136
12.56667	-136
12.57500	-136
12.58333	-136
12.59167	-136
12.60000	-135
12.60833	-135
12.61667	-136
12.62500	-136
12.63333	-136
12.64167	-136
12.65000	-136
12.65833	-136
12.66667	-136
12.67500	-136
12.68333	-136
12.69167	-136
12.70000	-135
12.70833	-135
12.71667	-135
12.72500	-135
12.73333	-135
12.74167	-135
12.75000	-135
12.75833	-135
12.76667	-136
12.77500	-136
12.78333	-136
12.79167	-136
12.80000	-136
12.80833	-136
12.81667	-136
12.82500	-136
12.83333	-136
12.84167	-136
12.85000	-136
12.85833	-136
12.86667	-136
12.87500	-136
12.88333	-136
12.89167	-137
12.90000	-137
12.90833	-137
12.91667	-137
12.92500	-137
12.93333	-138
12.94167	-138
12.95000	-138
12.95833	-138
12.96667	-138
12.97500	-138
12.98333	-138
12.99167	-139
13.00000	-139
13.00833	-139
13.01667	-139
13.02500	-140
13.03333	-140
13.04167	-140
13.05000	-140
13.05833	-140
13.06667	-140
13.07500	-140
13.08333	-140
13.09167	-140
13.10000	-141
13.10833	-141
13.11667	-141
13.12500	-141
13.13333	-141
13.14167	-141
13.15000	-141
13.15833	-141
13.16667	-141
13.17500	-141
13.18333	-141
13.19167	-141
13.20000	-141
13.20833	-141
13.21667	-141
13.22500	-140
13.23333	-140
13.24167	-140
13.25000	-139
13.25833	-139
13.26667	-138
13.27500	-138
13.28333	-138
13.29167	-137
13.30000	-137
13.30833	-136
13.31667	-135
13.32500	-134
13.33333	-133
13.34167	-132
13.35000	-131
13.35833	-130
13.36667	-128
13.37500	-127
13.38333	-125
13.39167	-123
13.40000	-121
13.40833	-119
13.41667	-117
13.42500	-115
13.43333	-112
13.44167	-110
13.45000	-107
13.45833	-104
13.46667	-102
13.47500	-99
13.48333	-96
13.49167	-94
13.50000	-92
13.50833	-89
13.51667	-88
13.52500	-86
13.53333	-85
13.54167	-83
13.55000	-82
13.55833	-82
13.56667	-83
13.57500	-83
13.58333	-84
13.59167	-85
13.60000	-86
13.60833	-88
13.61667	-90
13.62500	-92
13.63333	-94
13.64167	-96
13.65000	-98
13.65833	-101
13.66667	-104
13.67500	-106
13.68333	-108
13.69167	-110
13.70000	-112
13.70833	-115
13.71667	-117
13.72500	-119
13.73333	-121
13.74167	-123
13.75000	-125
13.75833	-126
13.76667	-128
13.77500	-129
13.78333	-130
13.79167	-131
13.80000	-132
13.80833	-133
13.81667	-134
13.82500	-135
13.83333	-135
13.84167	-136
13.85000	-136
13.85833	-136
13.86667	-136
13.87500	-136
13.88333	-137
13.89167	-137
13.90000	-138
13.90833	-138
13.91667	-139
13.92500	-139
13.93333	-139
13.94167	-139
13.95000	-139
13.95833	-139
13.96667	-139
13.97500	-138
13.98333	-138
13.99167	-138
14.00000	-139
14.00833	-139
14.01667	-139
14.02500	-139
14.03333	-139
14.04167	-138
14.05000	-138
14.05833	-138
14.06667	-138
14.07500	-138
14.08333	-138
14.09167	-138
14.10000	-138
14.10833	-138
14.11667	-138
14.12500	-138
14.13333	-138
14.14167	-138
14.15000	-138
14.15833	-138
14.16667	-138
14.17500	-138
14.18333	-138
14.19167	-137
14.20000	-137
14.20833	-137
14.21667	-137
14.22500	-137
14.23333	-136
14.24167	-136
14.25000	-136
14.25833	-136
14.26667	-137
14.27500	-137
14.28333	-137
14.29167	-136
14.30000	-136
14.30833	-136
14.31667	-135
14.32500	-135
14.33333	-136
14.34167	-136
14.35000	-136
14.35833	-136
14.36667	-137
14.37500	-137
14.38333	-137
14.39167	-137
14.40000	-137
14.40833	-137
14.41667	-137
14.42500	-137
14.43333	-138
14.44167	-137
14.45000	-137
14.45833	-137
14.46667	-137
14.47500	-137
14.48333	-137
14.49167	-136
14.50000	-136
14.50833	-136
14.51667	-136
14.52500	-135
14.53333	-135
14.54167	-135
14.55000	-135
14.55833	-134
14.56667	-134
14.57500	-134
14.58333	-134
14.59167	-134
14.60000	-134
14.60833	-134
14.61667	-134
14.62500	-134
14.63333	-134
14.64167	-134
14.65000	-134
14.65833	-133
14.66667	-133
14.67500	-133
14.68333	-132
14.69167	-132
14.70000	-132
14.70833	-132
14.71667	-132
14.72500	-132
14.73333	-131
14.74167	-131
14.75000	-130
14.75833	-130
14.76667	-130
14.77500	-130
14.78333	-130
14.79167	-130
14.80000	-130
14.80833	-129
14.81667	-129
14.82500	-129
14.83333	-128
14.84167	-128
14.85000	-127
14.85833	-127
14.86667	-128
14.87500	-128
14.88333	-129
14.89167	-129
14.90000	-128
14.90833	-128
14.91667	-128
14.92500	-128
14.93333	-128
14.94167	-127
14.95000	-127
14.95833	-127
14.96667	-127
14.97500	-126
14.98333	-126
14.99167	-126
15.00000	-127
15.00833	-127
15.01667	-127
15.02500	-127
15.03333	-127
15.04167	-127
15.05000	-127
15.05833	-127
15.06667	-127
15.07500	-127
15.08333	-127
15.09167	-127
15.10000	-127
15.10833	-127
15.11667	-127
15.12500	-127
15.13333	-126
15.14167	-126
15.15000	-127
15.15833	-126
15.16667	-126
15.17500	-125
15.18333	-125
15.19167	-125
15.20000	-125
15.20833	-125
15.21667	-125
15.22500	-124
15.23333	-124
15.24167	-123
15.25000	-123
15.25833	-123
15.26667	-123
15.27500	-123
15.28333	-123
15.29167	-123
15.30000	-122
15.30833	-122
15.31667	-122
15.32500	-122
15.33333	-122
15.34167	-122
15.35000	-122
15.35833	-121
15.36667	-121
15.37500	-121
15.38333	-120
15.39167	-120
15.40000	-120
15.40833	-119
15.41667	-119
15.42500	-118
15.43333	-117
15.44167	-117
15.45000	-117
15.45833	-117
15.46667	-117
15.47500	-116
15.48333	-116
15.49167	-116
15.50000	-115
15.50833	-114
15.51667	-114
15.52500	-114
15.53333	-114
15.54167	-113
15.55000	-113
15.55833	-113
15.56667	-113
15.57500	-113
15.58333	-113
15.59167	-113
15.60000	-113
15.60833	-113
15.61667	-113
15.62500	-113
15.63333	-113
15.64167	-112
15.65000	-112
15.65833	-112
15.66667	-112
15.67500	-111
15.68333	-111
15.69167	-110
15.70000	-110
15.70833	-111
15.71667	-111
15.72500	-111
15.73333	-111
15.74167	-110
15.75000	-110
15.75833	-110
15.76667	-110
15.77500	-110
15.78333	-110
15.79167	-110
15.80000	-110
15.80833	-109
15.81667	-109
15.82500	-109
15.83333	-109
15.84167	-109
15.85000	-109
15.85833	-109
15.86667	-109
15.87500	-108
15.88333	-108
15.89167	-107
15.90000	-107
15.90833	-107
15.91667	-107
15.92500	-107
15.93333	-107
15.94167	-107
15.95000	-107
15.95833	-107
15.96667	-106
15.97500	-106
15.98333	-106
15.99167	-105
16.00000	-105
16.00833	-105
16.01667	-105
16.02500	-105
16.03333	-105
16.04167	-104
16.05000	-104
16.05833	-104
16.06667	-103
16.07500	-103
16.08333	-103
16.09167	-103
16.10000	-102
16.10833	-102
16.11667	-101
16.12500	-101
16.13333	-100
16.14167	-100
16.15000	-99
16.15833	-99
16.16667	-99
16.17500	-99
16.18333	-99
16.19167	-99
16.20000	-98
16.20833	-98
16.21667	-98
16.22500	-98
16.23333	-97
16.24167	-97
16.25000	-97
16.25833	-96
16.26667	-96
16.27500	-96
16.28333	-96
16.29167	-95
16.30000	-95
16.30833	-94
16.31667	-94
16.32500	-93
16.33333	-93
16.34167	-93
16.35000	-92
16.35833	-92
16.36667	-91
16.37500	-90
16.38333	-90
16.39167	-90
16.40000	-90
16.40833	-89
16.41667	-89
16.42500	-89
16.43333	-89
16.44167	-89
16.45000	-88
16.45833	-88
16.46667	-88
16.47500	-87
16.48333	-88
16.49167	-88
16.50000	-87
16.50833	-87
16.51667	-87
16.52500	-87
16.53333	-87
16.54167	-87
16.55000	-87
16.55833	-87
16.56667	-87
16.57500	-87
16.58333	-87
16.59167	-86
16.60000	-86
16.60833	-85
16.61667	-84
16.62500	-84
16.63333	-84
16.64167	-83
16.65000	-83
16.65833	-83
16.66667	-83
16.67500	-83
16.68333	-83
16.69167	-82
16.70000	-82
16.70833	-81
16.71667	-80
16.72500	-79
16.73333	-78
16.74167	-78
16.75000	-77
16.75833	-77
16.76667	-76
16.77500	-75
16.78333	-75
16.79167	-74
16.80000	-73
16.80833	-72
16.81667	-71
16.82500	-70
16.83333	-70
16.84167	-69
16.85000	-68
16.85833	-67
16.86667	-67
16.87500	-66
16.88333	-66
16.89167	-65
16.90000	-65
16.90833	-64
16.91667	-63
16.92500	-63
16.93333	-62
16.94167	-61
16.95000	-61
16.95833	-60
16.96667	-59
16.97500	-59
16.98333	-59
16.99167	-59
17.00000	-59
17.00833	-59
17.01667	-59
17.02500	-60
17.03333	-59
17.04167	-59
17.05000	-59
17.05833	-58
17.06667	-59
17.07500	-59
17.08333	-60
17.09167	-60
17.10000	-61
17.10833	-61
17.11667	-61
17.12500	-61
17.13333	-61
17.14167	-61
17.15000	-61
17.15833	-61
17.16667	-61
17.17500	-61
17.18333	-61
17.19167	-61
17.20000	-61
17.20833	-61
17.21667	-61
17.22500	-62
17.23333	-62
17.24167	-61
17.25000	-61
17.25833	-61
17.26667	-60
17.27500	-60
17.28333	-60
17.29167	-59
17.30000	-58
17.30833	-57
17.31667	-57
17.32500	-57
17.33333	-56
17.34167	-56
17.35000	-56
17.35833	-57
17.36667	-57
17.37500	-57
17.38333	-57
17.39167	-56
17.40000	-56
17.40833	-56
17.41667	-56
17.42500	-55
17.43333	-55
17.44167	-54
17.45000	-53
17.45833	-53
17.46667	-52
17.47500	-52
17.48333	-52
17.49167	-51
17.50000	-50
17.50833	-49
17.51667	-49
17.52500	-49
17.53333	-48
17.54167	-48
17.55000	-47
17.55833	-47
17.56667	-46
17.57500	-46
17.58333	-45
17.59167	-45
17.60000	-45
17.60833	-45
17.61667	-45
17.62500	-44
17.63333	-44
17.64167	-43
17.65000	-42
17.65833	-42
17.66667	-41
17.67500	-41
17.68333	-41
17.69167	-40
17.70000	-40
17.70833	-39
17.71667	-38
17.72500	-38
17.73333	-37
17.74167	-37
17.75000	-37
17.75833	-37
17.76667	-36
17.77500	-35
17.78333	-35
17.79167	-34
17.80000	-34
17.80833	-33
17.81667	-32
17.82500	-32
17.83333	-31
17.84167	-30
17.85000	-29
17.85833	-29
17.86667	-29
17.87500	-29
17.88333	-28
17.89167	-28
17.90000	-27
17.90833	-26
17.91667	-25
17.92500	-25
17.93333	-24
17.94167	-23
17.95000	-22
17.95833	-21
17.96667	-21
17.97500	-20
17.98333	-19
17.99167	-18
18.00000	-17
18.00833	-17
18.01667	-16
18.02500	-15
18.03333	-14
18.04167	-13
18.05000	-13
18.05833	-12
18.06667	-11
18.07500	-10
18.08333	-9
18.09167	-8
18.10000	-7
18.10833	-7
18.11667	-6
18.12500	-6
18.13333	-6
18.14167	-5
18.15000	-4
18.15833	-4
18.16667	-3
18.17500	-3
18.18333	-2
18.19167	-2
18.20000	-1
18.20833	-1
18.21667	-1
18.22500	-1
18.23333	-1
18.24167	-1
18.25000	-1
18.25833	-0
18.26667	0
18.27500	0
18.28333	1
18.29167	1
18.30000	1
18.30833	0
18.31667	0
18.32500	0
18.33333	0
18.34167	0
18.35000	1
18.35833	1
18.36667	2
18.37500	2
18.38333	3
18.39167	3
18.40000	3
18.40833	3
18.41667	4
18.42500	4
18.43333	4
18.44167	5
18.45000	5
18.45833	6
18.46667	6
18.47500	6
18.48333	7
18.49167	7
18.50000	8
18.50833	8
18.51667	9
18.52500	9
18.53333	10
18.54167	10
18.55000	11
18.55833	11
18.56667	12
18.57500	12
18.58333	13
18.59167	13
18.60000	14
18.60833	14
18.61667	15
18.62500	16
18.63333	16
18.64167	17
18.65000	18
18.65833	19
18.66667	19
18.67500	20
18.68333	21
18.69167	22
18.70000	22
18.70833	23
18.71667	24
18.72500	24
18.73333	24
18.74167	25
18.75000	26
18.75833	27
18.76667	27
18.77500	28
18.78333	29
18.79167	30
18.80000	31
18.80833	32
18.81667	33
18.82500	34
18.83333	34
18.84167	35
18.85000	36
18.85833	36
18.86667	37
18.87500	38
18.88333	38
18.89167	38
18.90000	39
18.90833	40
18.91667	41
18.92500	41
18.93333	42
18.94167	43
18.95000	43
18.95833	44
18.96667	45
18.97500	45
18.98333	45
18.99167	46
19.00000	46
19.00833	47
19.01667	47
19.02500	48
19.03333	49
19.04167	50
19.05000	51
19.05833	52
19.06667	53
19.07500	53
19.08333	54
19.09167	54
19.10000	54
19.10833	55
19.11667	56
19.12500	56
19.13333	56
19.14167	57
19.15000	57
19.15833	58
19.16667	59
19.17500	60
19.18333	60
19.19167	61
19.20000	61
19.20833	62
19.21667	63
19.22500	63
19.23333	64
19.24167	64
19.25000	65
19.25833	66
19.26667	67
19.27500	68
19.28333	68
19.29167	69
19.30000	70
19.30833	71
19.31667	72
19.32500	73
19.33333	74
19.34167	75
19.35000	76
19.35833	77
19.36667	77
19.37500	78
19.38333	79
19.39167	79
19.40000	80
19.40833	80
19.41667	81
19.42500	81
19.43333	82
19.44167	83
19.45000	84
19.45833	84
19.46667	85
19.47500	85
19.48333	86
19.49167	87
19.50000	88
19.50833	89
19.51667	90
19.52500	91
19.53333	92
19.54167	93
19.55000	94
19.55833	94
19.56667	95
19.57500	96
19.58333	96
19.59167	96
19.60000	97
19.60833	98
19.61667	98
19.62500	99
19.63333	100
19.64167	101
19.65000	102
19.65833	102
19.66667	103
19.67500	104
19.68333	104
19.69167	105
19.70000	105
19.70833	106
19.71667	107
19.72500	107
19.73333	108
19.74167	109
19.75000	110
19.75833	111
19.76667	111
19.77500	112
19.78333	112
19.79167	113
19.80000	114
19.80833	114
19.81667	115
19.82500	115
19.83333	116
19.84167	117
19.85000	118
19.85833	119
19.86667	120
19.87500	121
19.88333	122
19.89167	122
19.90000	123
19.90833	124
19.91667	125
19.92500	126
19.93333	127
19.94167	127
19.95000	128
19.95833	129
19.96667	130
19.97500	131
19.98333	132
19.99167	133
20.00000	134
20.00833	135
20.01667	136
20.02500	137
20.03333	137
20.04167	138
20.05000	139
20.05833	139
20.06667	140
20.07500	141
20.08333	142
20.09167	143
20.10000	144
20.10833	145
20.11667	145
20.12500	146
20.13333	146
20.14167	147
20.15000	148
20.15833	148
20.16667	149
20.17500	150
20.18333	151
20.19167	152
20.20000	153
20.20833	154
20.21667	155
20.22500	155
20.23333	156
20.24167	157
20.25000	158
20.25833	159
20.26667	160
20.27500	161
20.28333	161
20.29167	162
20.30000	163
20.30833	164
20.31667	164
20.32500	165
20.33333	165
20.34167	166
20.35000	167
20.35833	167
20.36667	169
20.37500	170
20.38333	170
20.39167	171
20.40000	172
20.40833	173
20.41667	173
20.42500	174
20.43333	175
20.44167	176
20.45000	177
20.45833	178
20.46667	179
20.47500	179
20.48333	180
20.49167	181
20.50000	181
20.50833	182
20.51667	183
20.52500	184
20.53333	185
20.54167	186
20.55000	187
20.55833	188
20.56667	189
20.57500	190
20.58333	191
20.59167	192
20.60000	193
20.60833	194
20.61667	195
20.62500	196
20.63333	196
20.64167	197
20.65000	198
20.65833	199
20.66667	199
20.67500	200
20.68333	200
20.69167	201
20.70000	202
20.70833	202
20.71667	203
20.72500	203
20.73333	204
20.74167	205
20.75000	206
20.75833	207
20.76667	208
20.77500	209
20.78333	209
20.79167	210
20.80000	211
20.80833	212
20.81667	212
20.82500	213
20.83333	214
20.84167	215
20.85000	215
20.85833	216
20.86667	217
20.87500	218
20.88333	219
20.89167	219
20.90000	220
20.90833	221
20.91667	222
20.92500	223
20.93333	223
20.94167	224
20.95000	225
20.95833	225
20.96667	225
20.97500	226
20.98333	227
20.99167	228
21.00000	229
21.00833	229
21.01667	230
21.02500	230
21.03333	231
21.04167	231
21.05000	232
21.05833	233
21.06667	234
21.07500	234
21.08333	235
21.09167	236
21.10000	236
21.10833	237
21.11667	238
21.12500	238
21.13333	239
21.14167	239
21.15000	240
21.15833	240
21.16667	241
21.17500	241
21.18333	241
21.19167	242
21.20000	243
21.20833	244
21.21667	244
21.22500	245
21.23333	245
21.24167	246
21.25000	247
21.25833	247
21.26667	248
21.27500	249
21.28333	250
21.29167	251
21.30000	252
21.30833	252
21.31667	253
21.32500	253
21.33333	253
21.34167	253
21.35000	254
21.35833	254
21.36667	255
21.37500	256
21.38333	256
21.39167	257
21.40000	257
21.40833	258
21.41667	258
21.42500	259
21.43333	259
21.44167	260
21.45000	261
21.45833	262
21.46667	263
21.47500	264
21.48333	265
21.49167	265
21.50000	266
21.50833	266
21.51667	267
21.52500	267
21.53333	268
21.54167	268
21.55000	269
21.55833	270
21.56667	271
21.57500	271
21.58333	272
21.59167	273
21.60000	274
21.60833	274
21.61667	275
21.62500	275
21.63333	276
21.64167	277
21.65000	278
21.65833	278
21.66667	279
21.67500	279
21.68333	279
21.69167	280
21.70000	281
21.70833	281
21.71667	282
21.72500	282
21.73333	282
21.74167	283
21.75000	283
21.75833	284
21.76667	285
21.77500	286
21.78333	286
21.79167	287
21.80000	288
21.80833	288
21.81667	289
21.82500	289
21.83333	290
21.84167	290
21.85000	291
21.85833	292
21.86667	292
21.87500	293
21.88333	294
21.89167	295
21.90000	296
21.90833	297
21.91667	298
21.92500	298
21.93333	298
21.94167	299
21.95000	299
21.95833	299
21.96667	300
21.97500	301
21.98333	302
21.99167	302
22.00000	303
22.00833	304
22.01667	305
22.02500	305
22.03333	306
22.04167	307
22.05000	307
22.05833	308
22.06667	309
22.07500	309
22.08333	310
22.09167	310
22.10000	310
22.10833	310
22.11667	311
22.12500	312
22.13333	312
22.14167	313
22.15000	313
22.15833	314
22.16667	314
22.17500	315
22.18333	315
22.19167	315
22.20000	315
22.20833	316
22.21667	316
22.22500	317
22.23333	317
22.24167	317
22.25000	318
22.25833	318
22.26667	319
22.27500	319
22.28333	319
22.29167	320
22.30000	320
22.30833	320
22.31667	320
22.32500	321
22.33333	321
22.34167	321
22.35000	321
22.35833	320
22.36667	320
22.37500	319
22.38333	319
22.39167	318
22.40000	318
22.40833	318
22.41667	318
22.42500	317
22.43333	317
22.44167	316
22.45000	315
22.45833	313
22.46667	312
22.47500	311
22.48333	310
22.49167	309
22.50000	307
22.50833	306
22.51667	304
22.52500	302
22.53333	301
22.54167	299
22.55000	296
22.55833	294
22.56667	292
22.57500	289
22.58333	287
22.59167	284
22.60000	282
22.60833	279
22.61667	276
22.62500	274
22.63333	271
22.64167	268
22.65000	265
22.65833	262
22.66667	259
22.67500	256
22.68333	253
22.69167	250
22.70000	248
22.70833	245
22.71667	243
22.72500	241
22.73333	238
22.74167	236
22.75000	234
22.75833	232
22.76667	230
22.77500	228
22.78333	226
22.79167	225
22.80000	224
22.80833	222
22.81667	222
22.82500	221
22.83333	221
22.84167	221
22.85000	221
22.85833	221
22.86667	222
22.87500	223
22.88333	224
22.89167	225
22.90000	227
22.90833	229
22.91667	231
22.92500	233
22.93333	235
22.94167	237
22.95000	239
22.95833	242
22.96667	245
22.97500	248
22.98333	250
22.99167	253
23.00000	256
23.00833	260
23.01667	263
23.02500	266
23.03333	269
23.04167	271
23.05000	274
23.05833	277
23.06667	280
23.07500	283
23.08333	286
23.09167	289
23.10000	292
23.10833	295
23.11667	297
23.12500	299
23.13333	301
23.14167	303
23.15000	305
23.15833	308
23.16667	310
23.17500	312
23.18333	314
23.19167	316
23.20000	318
23.20833	320
23.21667	322
23.22500	324
23.23333	325
23.24167	327
23.25000	328
23.25833	329
23.26667	330
23.27500	331
23.28333	332
23.29167	333
23.30000	334
23.30833	335
23.31667	335
23.32500	336
23.33333	337
23.34167	337
23.35000	338
23.35833	339
23.36667	339
23.37500	340
23.38333	341
23.39167	341
23.40000	342
23.40833	342
23.41667	343
23.42500	343
23.43333	343
23.44167	343
23.45000	344
23.45833	344
23.46667	345
23.47500	345
23.48333	345
23.49167	345
23.50000	345
23.50833	346
23.51667	346
23.52500	346
23.53333	346
23.54167	346
23.55000	346
23.55833	346
23.56667	346
23.57500	346
23.58333	346
23.59167	346
23.60000	346
23.60833	347
23.61667	347
23.62500	347
23.63333	346
23.64167	345
23.65000	345
23.65833	345
23.66667	345
23.67500	345
23.68333	345
23.69167	345
23.70000	345
23.70833	345
23.71667	345
23.72500	345
23.73333	345
23.74167	345
23.75000	345
23.75833	345
23.76667	344
23.77500	344
23.78333	344
23.79167	344
23.80000	343
23.80833	343
23.81667	343
23.82500	342
23.83333	342
23.84167	343
23.85000	343
23.85833	343
23.86667	342
23.87500	342
23.88333	341
23.89167	340
23.90000	340
23.90833	340
23.91667	340
23.92500	340
23.93333	340
23.94167	341
23.95000	340
23.95833	340
23.96667	340
23.97500	339
23.98333	339
23.99167	338
24.00000	338
24.00833	337
24.01667	337
24.02500	336
24.03333	336
24.04167	335
24.05000	335
24.05833	334
24.06667	334
24.07500	333
24.08333	332
24.09167	331
24.10000	330
24.10833	330
24.11667	329
24.12500	329
24.13333	328
24.14167	327
24.15000	326
24.15833	325
24.16667	324
24.17500	323
24.18333	322
24.19167	321
24.20000	320
24.20833	319
24.21667	317
24.22500	316
24.23333	315
24.24167	314
24.25000	313
24.25833	312
24.26667	311
24.27500	309
24.28333	308
24.29167	306
24.30000	304
24.30833	302
24.31667	301
24.32500	299
24.33333	298
24.34167	296
24.35000	295
24.35833	293
24.36667	291
24.37500	290
24.38333	288
24.39167	286
24.40000	285
24.40833	283
24.41667	281
24.42500	280
24.43333	279
24.44167	277
24.45000	276
24.45833	275
24.46667	274
24.47500	273
24.48333	272
24.49167	271
24.50000	270
24.50833	270
24.51667	269
24.52500	268
24.53333	267
24.54167	267
24.55000	267
24.55833	266
24.56667	266
24.57500	265
24.58333	265
24.59167	265
24.60000	265
24.60833	265
24.61667	265
24.62500	265
24.63333	265
24.64167	265
24.65000	265
24.65833	266
24.66667	266
24.67500	267
24.68333	268
24.69167	268
24.70000	269
24.70833	269
24.71667	270
24.72500	271
24.73333	272
24.74167	273
24.75000	273
24.75833	274
24.76667	275
24.77500	275
24.78333	276
24.79167	277
24.80000	277
24.80833	278
24.81667	279
24.82500	279
24.83333	280
24.84167	281
24.85000	282
24.85833	282
24.86667	283
24.87500	284
24.88333	285
24.89167	285
24.90000	285
24.90833	286
24.91667	286
24.92500	287
24.93333	287
24.94167	288
24.95000	288
24.95833	289
24.96667	289
24.97500	290
24.98333	290
24.99167	290
25.00000	291
25.00833	291
25.01667	291
25.02500	291
25.03333	291
25.04167	291
25.05000	291
25.05833	291
25.06667	292
25.07500	292
25.08333	292
25.09167	292
25.10000	292
25.10833	292
25.11667	292
25.12500	293
25.13333	293
25.14167	293
25.15000	293
25.15833	293
25.16667	292
25.17500	291
25.18333	291
25.19167	290
25.20000	290
25.20833	289
25.21667	288
25.22500	287
25.23333	286
25.24167	285
25.25000	284
25.25833	283
25.26667	282
25.27500	282
25.28333	281
25.29167	281
25.30000	280
25.30833	279
25.31667	278
25.32500	277
25.33333	276
25.34167	275
25.35000	273
25.35833	272
25.36667	271
25.37500	270
25.38333	269
25.39167	268
25.40000	267
25.40833	266
25.41667	265
25.42500	264
25.43333	264
25.44167	263
25.45000	262
25.45833	261
25.46667	260
25.47500	259
25.48333	258
25.49167	257
25.50000	255
25.50833	254
25.51667	253
25.52500	252
25.53333	252
25.54167	251
25.55000	250
25.55833	249
25.56667	248
25.57500	246
25.58333	246
25.59167	245
25.60000	244
25.60833	243
25.61667	242
25.62500	241
25.63333	240
25.64167	239
25.65000	238
25.65833	238
25.66667	237
25.67500	236
25.68333	235
25.69167	235
25.70000	234
25.70833	233
25.71667	232
25.72500	232
25.73333	231
25.74167	230
25.75000	230
25.75833	229
25.76667	228
25.77500	227
25.78333	227
25.79167	226
25.80000	225
25.80833	225
25.81667	224
25.82500	223
25.83333	222
25.84167	222
25.85000	221
25.85833	220
25.86667	219
25.87500	218
25.88333	218
25.89167	217
25.90000	216
25.90833	215
25.91667	215
25.92500	214
25.93333	213
25.94167	212
25.95000	211
25.95833	211
25.96667	210
25.97500	209
25.98333	208
25.99167	208
26.00000	208
26.00833	207
26.01667	207
26.02500	207
26.03333	206
26.04167	206
26.05000	205
26.05833	204
26.06667	203
26.07500	202
26.08333	202
26.09167	202
26.10000	201
26.10833	201
26.11667	201
26.12500	201
26.13333	201
26.14167	201
26.15000	200
26.15833	200
26.16667	200
26.17500	199
26.18333	199
26.19167	199
26.20000	199
26.20833	199
26.21667	199
26.22500	200
26.23333	200
26.24167	201
26.25000	201
26.25833	202
26.26667	202
26.27500	203
26.28333	203
26.29167	203
26.30000	204
26.30833	204
26.31667	205
26.32500	206
26.33333	207
26.34167	208
26.35000	208
26.35833	209
26.36667	210
26.37500	211
26.38333	212
26.39167	213
26.40000	214
26.40833	214
26.41667	215
26.42500	216
26.43333	217
26.44167	217
26.45000	218
26.45833	219
26.46667	219
26.47500	220
26.48333	220
26.49167	219
26.50000	219
26.50833	219
26.51667	219
26.52500	219
26.53333	218
26.54167	218
26.55000	217
26.55833	216
26.56667	215
26.57500	215
26.58333	214
26.59167	213
26.60000	212
26.60833	210
26.61667	208
26.62500	207
26.63333	205
26.64167	203
26.65000	201
26.65833	199
26.66667	197
26.67500	195
26.68333	193
26.69167	191
26.70000	188
26.70833	186
26.71667	184
26.72500	182
26.73333	180
26.74167	178
26.75000	176
26.75833	173
26.76667	171
26.77500	168
26.78333	166
26.79167	164
26.80000	161
26.80833	159
26.81667	156
26.82500	154
26.83333	152
26.84167	150
26.85000	148
26.85833	146
26.86667	145
26.87500	143
26.88333	142
26.89167	140
26.90000	139
26.90833	137
26.91667	135
26.92500	134
26.93333	132
26.94167	131
26.95000	129
26.95833	127
26.96667	126
26.97500	124
26.98333	123
26.99167	122
27.00000	120
27.00833	119
27.01667	118
27.02500	117
27.03333	115
27.04167	114
27.05000	113
27.05833	112
27.06667	111
27.07500	110
27.08333	110
27.09167	108
27.10000	107
27.10833	106
27.11667	105
27.12500	104
27.13333	104
27.14167	103
27.15000	102
27.15833	101
27.16667	100
27.17500	99
27.18333	98
27.19167	97
27.20000	96
27.20833	95
27.21667	94
27.22500	93
27.23333	92
27.24167	91
27.25000	90
27.25833	89
27.26667	88
27.27500	87
27.28333	87
27.29167	86
27.30000	85
27.30833	84
27.31667	83
27.32500	83
27.33333	81
27.34167	80
27.35000	79
27.35833	78
27.36667	77
27.37500	77
27.38333	76
27.39167	75
27.40000	74
27.40833	73
27.41667	72
27.42500	71
27.43333	70
27.44167	70
27.45000	70
27.45833	69
27.46667	68
27.47500	67
27.48333	67
27.49167	65
27.50000	64
27.50833	63
27.51667	62
27.52500	62
27.53333	61
27.54167	61
27.55000	61
27.55833	60
27.56667	60
27.57500	59
27.58333	59
27.59167	58
27.60000	58
27.60833	58
27.61667	57
27.62500	56
27.63333	55
27.64167	54
27.65000	54
27.65833	53
27.66667	52
27.67500	52
27.68333	52
27.69167	51
27.70000	50
27.70833	50
27.71667	49
27.72500	48
27.73333	47
27.74167	46
27.75000	46
27.75833	45
27.76667	45
27.77500	44
27.78333	44
27.79167	43
27.80000	43
27.80833	42
27.81667	42
27.82500	41
27.83333	41
27.84167	40
27.85000	39
27.85833	39
27.86667	38
27.87500	37
27.88333	36
27.89167	35
27.90000	35
27.90833	35
27.91667	34
27.92500	33
27.93333	33
27.94167	32
27.95000	31
27.95833	31
27.96667	30
27.97500	29
27.98333	28
27.99167	27
28.00000	27

