R.Time (min)	Intensity
0.00000	-27
0.00833	-27
0.01667	-1
0.02500	-2
0.03333	-2
0.04167	-3
0.05000	-4
0.05833	-5
0.06667	-6
0.07500	-7
0.08333	-7
0.09167	-8
0.10000	-9
0.10833	-10
0.11667	-10
0.12500	-11
0.13333	-11
0.14167	-12
0.15000	-13
0.15833	-13
0.16667	-14
0.17500	-15
0.18333	-15
0.19167	-15
0.20000	-15
0.20833	-16
0.21667	-17
0.22500	-18
0.23333	-19
0.24167	-19
0.25000	-20
0.25833	-21
0.26667	-22
0.27500	-23
0.28333	-23
0.29167	-24
0.30000	-25
0.30833	-26
0.31667	-27
0.32500	-27
0.33333	-28
0.34167	-28
0.35000	-28
0.35833	-29
0.36667	-30
0.37500	-30
0.38333	-30
0.39167	-31
0.40000	-31
0.40833	-32
0.41667	-32
0.42500	-33
0.43333	-34
0.44167	-34
0.45000	-35
0.45833	-36
0.46667	-36
0.47500	-37
0.48333	-37
0.49167	-38
0.50000	-39
0.50833	-40
0.51667	-41
0.52500	-42
0.53333	-42
0.54167	-43
0.55000	-43
0.55833	-44
0.56667	-44
0.57500	-45
0.58333	-45
0.59167	-46
0.60000	-46
0.60833	-47
0.61667	-47
0.62500	-47
0.63333	-48
0.64167	-49
0.65000	-49
0.65833	-49
0.66667	-50
0.67500	-50
0.68333	-51
0.69167	-52
0.70000	-53
0.70833	-53
0.71667	-54
0.72500	-54
0.73333	-55
0.74167	-55
0.75000	-55
0.75833	-56
0.76667	-56
0.77500	-57
0.78333	-57
0.79167	-57
0.80000	-57
0.80833	-58
0.81667	-58
0.82500	-59
0.83333	-59
0.84167	-60
0.85000	-61
0.85833	-62
0.86667	-63
0.87500	-63
0.88333	-63
0.89167	-63
0.90000	-64
0.90833	-64
0.91667	-65
0.92500	-65
0.93333	-66
0.94167	-67
0.95000	-67
0.95833	-68
0.96667	-69
0.97500	-69
0.98333	-70
0.99167	-71
1.00000	-71
1.00833	-71
1.01667	-72
1.02500	-72
1.03333	-72
1.04167	-73
1.05000	-73
1.05833	-74
1.06667	-74
1.07500	-74
1.08333	-74
1.09167	-75
1.10000	-75
1.10833	-76
1.11667	-76
1.12500	-76
1.13333	-77
1.14167	-77
1.15000	-78
1.15833	-79
1.16667	-79
1.17500	-79
1.18333	-79
1.19167	-80
1.20000	-81
1.20833	-81
1.21667	-81
1.22500	-82
1.23333	-82
1.24167	-83
1.25000	-83
1.25833	-84
1.26667	-84
1.27500	-84
1.28333	-84
1.29167	-85
1.30000	-85
1.30833	-85
1.31667	-85
1.32500	-86
1.33333	-86
1.34167	-87
1.35000	-87
1.35833	-87
1.36667	-87
1.37500	-88
1.38333	-88
1.39167	-88
1.40000	-89
1.40833	-89
1.41667	-90
1.42500	-90
1.43333	-91
1.44167	-91
1.45000	-91
1.45833	-91
1.46667	-92
1.47500	-92
1.48333	-93
1.49167	-93
1.50000	-93
1.50833	-94
1.51667	-94
1.52500	-95
1.53333	-95
1.54167	-96
1.55000	-96
1.55833	-97
1.56667	-97
1.57500	-98
1.58333	-98
1.59167	-99
1.60000	-99
1.60833	-100
1.61667	-100
1.62500	-100
1.63333	-100
1.64167	-101
1.65000	-101
1.65833	-102
1.66667	-102
1.67500	-102
1.68333	-103
1.69167	-104
1.70000	-105
1.70833	-105
1.71667	-106
1.72500	-106
1.73333	-106
1.74167	-106
1.75000	-106
1.75833	-106
1.76667	-106
1.77500	-106
1.78333	-107
1.79167	-107
1.80000	-107
1.80833	-108
1.81667	-108
1.82500	-108
1.83333	-109
1.84167	-109
1.85000	-110
1.85833	-110
1.86667	-111
1.87500	-111
1.88333	-110
1.89167	-110
1.90000	-110
1.90833	-111
1.91667	-111
1.92500	-111
1.93333	-111
1.94167	-111
1.95000	-111
1.95833	-111
1.96667	-111
1.97500	-111
1.98333	-112
1.99167	-112
2.00000	-113
2.00833	-114
2.01667	-114
2.02500	-114
2.03333	-114
2.04167	-114
2.05000	-114
2.05833	-114
2.06667	-114
2.07500	-115
2.08333	-115
2.09167	-115
2.10000	-115
2.10833	-115
2.11667	-115
2.12500	-115
2.13333	-115
2.14167	-115
2.15000	-115
2.15833	-115
2.16667	-114
2.17500	-114
2.18333	-114
2.19167	-114
2.20000	-114
2.20833	-113
2.21667	-112
2.22500	-112
2.23333	-112
2.24167	-111
2.25000	-111
2.25833	-111
2.26667	-111
2.27500	-110
2.28333	-110
2.29167	-110
2.30000	-109
2.30833	-108
2.31667	-107
2.32500	-107
2.33333	-106
2.34167	-105
2.35000	-104
2.35833	-104
2.36667	-103
2.37500	-102
2.38333	-100
2.39167	-99
2.40000	-97
2.40833	-96
2.41667	-94
2.42500	-92
2.43333	-90
2.44167	-87
2.45000	-85
2.45833	-83
2.46667	-80
2.47500	-77
2.48333	-74
2.49167	-71
2.50000	-68
2.50833	-64
2.51667	-61
2.52500	-57
2.53333	-53
2.54167	-49
2.55000	-44
2.55833	-39
2.56667	-34
2.57500	-28
2.58333	-22
2.59167	-16
2.60000	-9
2.60833	-2
2.61667	5
2.62500	13
2.63333	21
2.64167	30
2.65000	39
2.65833	48
2.66667	58
2.67500	69
2.68333	80
2.69167	91
2.70000	103
2.70833	116
2.71667	129
2.72500	143
2.73333	158
2.74167	174
2.75000	191
2.75833	209
2.76667	227
2.77500	247
2.78333	267
2.79167	288
2.80000	310
2.80833	334
2.81667	359
2.82500	385
2.83333	412
2.84167	441
2.85000	472
2.85833	504
2.86667	538
2.87500	573
2.88333	610
2.89167	649
2.90000	690
2.90833	732
2.91667	777
2.92500	824
2.93333	873
2.94167	924
2.95000	977
2.95833	1033
2.96667	1091
2.97500	1152
2.98333	1215
2.99167	1280
3.00000	1348
3.00833	1419
3.01667	1491
3.02500	1566
3.03333	1644
3.04167	1723
3.05000	1805
3.05833	1889
3.06667	1975
3.07500	2063
3.08333	2153
3.09167	2244
3.10000	2337
3.10833	2431
3.11667	2527
3.12500	2623
3.13333	2719
3.14167	2816
3.15000	2913
3.15833	3010
3.16667	3106
3.17500	3202
3.18333	3296
3.19167	3389
3.20000	3480
3.20833	3569
3.21667	3656
3.22500	3740
3.23333	3820
3.24167	3898
3.25000	3971
3.25833	4041
3.26667	4106
3.27500	4167
3.28333	4223
3.29167	4274
3.30000	4319
3.30833	4359
3.31667	4394
3.32500	4422
3.33333	4445
3.34167	4461
3.35000	4472
3.35833	4477
3.36667	4475
3.37500	4467
3.38333	4453
3.39167	4433
3.40000	4407
3.40833	4375
3.41667	4338
3.42500	4295
3.43333	4246
3.44167	4193
3.45000	4135
3.45833	4072
3.46667	4004
3.47500	3933
3.48333	3858
3.49167	3780
3.50000	3698
3.50833	3613
3.51667	3526
3.52500	3436
3.53333	3345
3.54167	3252
3.55000	3158
3.55833	3063
3.56667	2967
3.57500	2870
3.58333	2773
3.59167	2676
3.60000	2580
3.60833	2484
3.61667	2389
3.62500	2295
3.63333	2202
3.64167	2111
3.65000	2021
3.65833	1933
3.66667	1847
3.67500	1762
3.68333	1681
3.69167	1601
3.70000	1524
3.70833	1449
3.71667	1377
3.72500	1306
3.73333	1239
3.74167	1174
3.75000	1111
3.75833	1051
3.76667	993
3.77500	938
3.78333	886
3.79167	835
3.80000	787
3.80833	742
3.81667	698
3.82500	657
3.83333	618
3.84167	580
3.85000	545
3.85833	512
3.86667	480
3.87500	451
3.88333	423
3.89167	397
3.90000	372
3.90833	349
3.91667	328
3.92500	308
3.93333	288
3.94167	270
3.95000	253
3.95833	237
3.96667	222
3.97500	209
3.98333	196
3.99167	184
4.00000	173
4.00833	162
4.01667	152
4.02500	143
4.03333	134
4.04167	126
4.05000	118
4.05833	111
4.06667	104
4.07500	97
4.08333	90
4.09167	84
4.10000	78
4.10833	72
4.11667	67
4.12500	61
4.13333	56
4.14167	51
4.15000	47
4.15833	43
4.16667	38
4.17500	33
4.18333	28
4.19167	24
4.20000	19
4.20833	15
4.21667	11
4.22500	6
4.23333	2
4.24167	-2
4.25000	-6
4.25833	-10
4.26667	-14
4.27500	-19
4.28333	-23
4.29167	-27
4.30000	-31
4.30833	-35
4.31667	-38
4.32500	-42
4.33333	-46
4.34167	-50
4.35000	-53
4.35833	-56
4.36667	-59
4.37500	-63
4.38333	-67
4.39167	-70
4.40000	-73
4.40833	-76
4.41667	-78
4.42500	-81
4.43333	-83
4.44167	-86
4.45000	-89
4.45833	-90
4.46667	-92
4.47500	-94
4.48333	-96
4.49167	-98
4.50000	-100
4.50833	-102
4.51667	-103
4.52500	-105
4.53333	-106
4.54167	-107
4.55000	-108
4.55833	-108
4.56667	-109
4.57500	-110
4.58333	-110
4.59167	-111
4.60000	-112
4.60833	-113
4.61667	-113
4.62500	-113
4.63333	-113
4.64167	-113
4.65000	-113
4.65833	-113
4.66667	-113
4.67500	-114
4.68333	-113
4.69167	-113
4.70000	-112
4.70833	-112
4.71667	-111
4.72500	-111
4.73333	-111
4.74167	-111
4.75000	-111
4.75833	-111
4.76667	-110
4.77500	-110
4.78333	-110
4.79167	-109
4.80000	-109
4.80833	-109
4.81667	-109
4.82500	-109
4.83333	-108
4.84167	-108
4.85000	-107
4.85833	-107
4.86667	-107
4.87500	-106
4.88333	-105
4.89167	-105
4.90000	-105
4.90833	-104
4.91667	-104
4.92500	-103
4.93333	-103
4.94167	-103
4.95000	-103
4.95833	-103
4.96667	-102
4.97500	-102
4.98333	-102
4.99167	-102
5.00000	-102
5.00833	-102
5.01667	-102
5.02500	-101
5.03333	-101
5.04167	-102
5.05000	-102
5.05833	-102
5.06667	-102
5.07500	-102
5.08333	-102
5.09167	-102
5.10000	-101
5.10833	-101
5.11667	-101
5.12500	-101
5.13333	-101
5.14167	-101
5.15000	-101
5.15833	-101
5.16667	-101
5.17500	-101
5.18333	-102
5.19167	-102
5.20000	-102
5.20833	-102
5.21667	-103
5.22500	-103
5.23333	-104
5.24167	-104
5.25000	-104
5.25833	-105
5.26667	-105
5.27500	-106
5.28333	-106
5.29167	-107
5.30000	-108
5.30833	-108
5.31667	-109
5.32500	-109
5.33333	-110
5.34167	-110
5.35000	-110
5.35833	-111
5.36667	-111
5.37500	-112
5.38333	-112
5.39167	-113
5.40000	-113
5.40833	-114
5.41667	-114
5.42500	-114
5.43333	-114
5.44167	-114
5.45000	-115
5.45833	-115
5.46667	-116
5.47500	-117
5.48333	-118
5.49167	-119
5.50000	-119
5.50833	-120
5.51667	-120
5.52500	-121
5.53333	-121
5.54167	-121
5.55000	-122
5.55833	-122
5.56667	-122
5.57500	-123
5.58333	-123
5.59167	-124
5.60000	-124
5.60833	-124
5.61667	-125
5.62500	-125
5.63333	-126
5.64167	-127
5.65000	-128
5.65833	-128
5.66667	-129
5.67500	-130
5.68333	-130
5.69167	-130
5.70000	-130
5.70833	-130
5.71667	-130
5.72500	-130
5.73333	-130
5.74167	-130
5.75000	-130
5.75833	-131
5.76667	-130
5.77500	-130
5.78333	-131
5.79167	-131
5.80000	-132
5.80833	-132
5.81667	-132
5.82500	-132
5.83333	-132
5.84167	-133
5.85000	-133
5.85833	-133
5.86667	-134
5.87500	-134
5.88333	-134
5.89167	-134
5.90000	-134
5.90833	-134
5.91667	-134
5.92500	-135
5.93333	-135
5.94167	-135
5.95000	-135
5.95833	-135
5.96667	-136
5.97500	-136
5.98333	-137
5.99167	-137
6.00000	-137
6.00833	-137
6.01667	-137
6.02500	-137
6.03333	-137
6.04167	-136
6.05000	-136
6.05833	-136
6.06667	-136
6.07500	-136
6.08333	-136
6.09167	-137
6.10000	-137
6.10833	-138
6.11667	-138
6.12500	-137
6.13333	-137
6.14167	-137
6.15000	-137
6.15833	-138
6.16667	-138
6.17500	-138
6.18333	-138
6.19167	-138
6.20000	-137
6.20833	-137
6.21667	-137
6.22500	-137
6.23333	-138
6.24167	-138
6.25000	-138
6.25833	-138
6.26667	-138
6.27500	-138
6.28333	-138
6.29167	-138
6.30000	-138
6.30833	-138
6.31667	-139
6.32500	-138
6.33333	-139
6.34167	-139
6.35000	-139
6.35833	-139
6.36667	-139
6.37500	-140
6.38333	-140
6.39167	-140
6.40000	-140
6.40833	-140
6.41667	-140
6.42500	-140
6.43333	-140
6.44167	-140
6.45000	-140
6.45833	-140
6.46667	-139
6.47500	-139
6.48333	-139
6.49167	-139
6.50000	-139
6.50833	-139
6.51667	-139
6.52500	-140
6.53333	-140
6.54167	-140
6.55000	-140
6.55833	-140
6.56667	-140
6.57500	-140
6.58333	-140
6.59167	-140
6.60000	-140
6.60833	-140
6.61667	-140
6.62500	-140
6.63333	-141
6.64167	-141
6.65000	-141
6.65833	-141
6.66667	-141
6.67500	-141
6.68333	-141
6.69167	-141
6.70000	-141
6.70833	-142
6.71667	-142
6.72500	-142
6.73333	-142
6.74167	-142
6.75000	-142
6.75833	-143
6.76667	-143
6.77500	-143
6.78333	-143
6.79167	-143
6.80000	-143
6.80833	-143
6.81667	-143
6.82500	-143
6.83333	-143
6.84167	-143
6.85000	-144
6.85833	-144
6.86667	-144
6.87500	-144
6.88333	-144
6.89167	-143
6.90000	-143
6.90833	-143
6.91667	-142
6.92500	-142
6.93333	-141
6.94167	-141
6.95000	-141
6.95833	-141
6.96667	-141
6.97500	-142
6.98333	-142
6.99167	-143
7.00000	-143
7.00833	-143
7.01667	-143
7.02500	-144
7.03333	-144
7.04167	-144
7.05000	-145
7.05833	-145
7.06667	-145
7.07500	-145
7.08333	-145
7.09167	-146
7.10000	-146
7.10833	-146
7.11667	-146
7.12500	-146
7.13333	-146
7.14167	-146
7.15000	-147
7.15833	-147
7.16667	-147
7.17500	-146
7.18333	-147
7.19167	-147
7.20000	-147
7.20833	-146
7.21667	-146
7.22500	-146
7.23333	-146
7.24167	-146
7.25000	-147
7.25833	-147
7.26667	-147
7.27500	-146
7.28333	-146
7.29167	-145
7.30000	-145
7.30833	-144
7.31667	-143
7.32500	-142
7.33333	-141
7.34167	-138
7.35000	-134
7.35833	-130
7.36667	-124
7.37500	-116
7.38333	-107
7.39167	-95
7.40000	-81
7.40833	-65
7.41667	-47
7.42500	-27
7.43333	-5
7.44167	18
7.45000	42
7.45833	65
7.46667	87
7.47500	108
7.48333	127
7.49167	143
7.50000	155
7.50833	163
7.51667	167
7.52500	167
7.53333	164
7.54167	157
7.55000	147
7.55833	135
7.56667	120
7.57500	105
7.58333	88
7.59167	71
7.60000	53
7.60833	35
7.61667	19
7.62500	3
7.63333	-12
7.64167	-26
7.65000	-39
7.65833	-51
7.66667	-62
7.67500	-72
7.68333	-80
7.69167	-88
7.70000	-95
7.70833	-101
7.71667	-106
7.72500	-111
7.73333	-115
7.74167	-119
7.75000	-123
7.75833	-125
7.76667	-127
7.77500	-129
7.78333	-131
7.79167	-133
7.80000	-135
7.80833	-136
7.81667	-137
7.82500	-138
7.83333	-140
7.84167	-141
7.85000	-142
7.85833	-142
7.86667	-143
7.87500	-143
7.88333	-143
7.89167	-144
7.90000	-145
7.90833	-145
7.91667	-146
7.92500	-146
7.93333	-146
7.94167	-146
7.95000	-147
7.95833	-147
7.96667	-147
7.97500	-147
7.98333	-148
7.99167	-148
8.00000	-148
8.00833	-148
8.01667	-149
8.02500	-149
8.03333	-149
8.04167	-149
8.05000	-149
8.05833	-149
8.06667	-149
8.07500	-149
8.08333	-149
8.09167	-149
8.10000	-150
8.10833	-150
8.11667	-150
8.12500	-150
8.13333	-151
8.14167	-151
8.15000	-151
8.15833	-151
8.16667	-151
8.17500	-152
8.18333	-152
8.19167	-152
8.20000	-152
8.20833	-152
8.21667	-153
8.22500	-153
8.23333	-153
8.24167	-153
8.25000	-153
8.25833	-153
8.26667	-153
8.27500	-153
8.28333	-153
8.29167	-153
8.30000	-153
8.30833	-154
8.31667	-154
8.32500	-153
8.33333	-153
8.34167	-153
8.35000	-153
8.35833	-153
8.36667	-153
8.37500	-153
8.38333	-154
8.39167	-154
8.40000	-154
8.40833	-154
8.41667	-153
8.42500	-153
8.43333	-153
8.44167	-153
8.45000	-153
8.45833	-153
8.46667	-154
8.47500	-154
8.48333	-154
8.49167	-154
8.50000	-154
8.50833	-154
8.51667	-154
8.52500	-153
8.53333	-153
8.54167	-153
8.55000	-153
8.55833	-153
8.56667	-154
8.57500	-153
8.58333	-153
8.59167	-153
8.60000	-153
8.60833	-154
8.61667	-154
8.62500	-153
8.63333	-153
8.64167	-153
8.65000	-153
8.65833	-153
8.66667	-152
8.67500	-152
8.68333	-152
8.69167	-152
8.70000	-152
8.70833	-152
8.71667	-152
8.72500	-152
8.73333	-152
8.74167	-152
8.75000	-152
8.75833	-152
8.76667	-153
8.77500	-152
8.78333	-152
8.79167	-153
8.80000	-153
8.80833	-153
8.81667	-152
8.82500	-152
8.83333	-151
8.84167	-151
8.85000	-151
8.85833	-150
8.86667	-150
8.87500	-150
8.88333	-150
8.89167	-149
8.90000	-149
8.90833	-150
8.91667	-150
8.92500	-150
8.93333	-150
8.94167	-150
8.95000	-150
8.95833	-149
8.96667	-149
8.97500	-149
8.98333	-150
8.99167	-150
9.00000	-150
9.00833	-150
9.01667	-150
9.02500	-149
9.03333	-149
9.04167	-148
9.05000	-148
9.05833	-147
9.06667	-147
9.07500	-146
9.08333	-146
9.09167	-145
9.10000	-145
9.10833	-144
9.11667	-144
9.12500	-143
9.13333	-143
9.14167	-142
9.15000	-142
9.15833	-141
9.16667	-141
9.17500	-140
9.18333	-139
9.19167	-139
9.20000	-138
9.20833	-137
9.21667	-136
9.22500	-135
9.23333	-134
9.24167	-133
9.25000	-132
9.25833	-132
9.26667	-130
9.27500	-130
9.28333	-129
9.29167	-128
9.30000	-127
9.30833	-126
9.31667	-125
9.32500	-123
9.33333	-122
9.34167	-121
9.35000	-119
9.35833	-118
9.36667	-116
9.37500	-115
9.38333	-114
9.39167	-112
9.40000	-110
9.40833	-109
9.41667	-107
9.42500	-106
9.43333	-105
9.44167	-103
9.45000	-101
9.45833	-100
9.46667	-99
9.47500	-97
9.48333	-96
9.49167	-95
9.50000	-93
9.50833	-92
9.51667	-90
9.52500	-88
9.53333	-87
9.54167	-86
9.55000	-85
9.55833	-84
9.56667	-83
9.57500	-82
9.58333	-81
9.59167	-80
9.60000	-79
9.60833	-78
9.61667	-78
9.62500	-77
9.63333	-76
9.64167	-76
9.65000	-76
9.65833	-76
9.66667	-75
9.67500	-75
9.68333	-75
9.69167	-75
9.70000	-74
9.70833	-74
9.71667	-74
9.72500	-74
9.73333	-74
9.74167	-75
9.75000	-75
9.75833	-75
9.76667	-75
9.77500	-76
9.78333	-76
9.79167	-77
9.80000	-77
9.80833	-78
9.81667	-79
9.82500	-80
9.83333	-81
9.84167	-81
9.85000	-82
9.85833	-83
9.86667	-84
9.87500	-85
9.88333	-87
9.89167	-88
9.90000	-89
9.90833	-90
9.91667	-91
9.92500	-93
9.93333	-94
9.94167	-96
9.95000	-97
9.95833	-98
9.96667	-100
9.97500	-101
9.98333	-102
9.99167	-104
10.00000	-105
10.00833	-107
10.01667	-108
10.02500	-109
10.03333	-111
10.04167	-112
10.05000	-113
10.05833	-114
10.06667	-115
10.07500	-116
10.08333	-117
10.09167	-119
10.10000	-120
10.10833	-121
10.11667	-122
10.12500	-124
10.13333	-125
10.14167	-126
10.15000	-126
10.15833	-127
10.16667	-128
10.17500	-129
10.18333	-130
10.19167	-131
10.20000	-132
10.20833	-133
10.21667	-134
10.22500	-134
10.23333	-135
10.24167	-136
10.25000	-137
10.25833	-138
10.26667	-138
10.27500	-139
10.28333	-140
10.29167	-140
10.30000	-141
10.30833	-142
10.31667	-143
10.32500	-144
10.33333	-145
10.34167	-145
10.35000	-146
10.35833	-146
10.36667	-147
10.37500	-147
10.38333	-147
10.39167	-148
10.40000	-148
10.40833	-148
10.41667	-148
10.42500	-149
10.43333	-149
10.44167	-149
10.45000	-149
10.45833	-148
10.46667	-148
10.47500	-148
10.48333	-147
10.49167	-146
10.50000	-145
10.50833	-144
10.51667	-144
10.52500	-142
10.53333	-141
10.54167	-140
10.55000	-138
10.55833	-137
10.56667	-135
10.57500	-133
10.58333	-131
10.59167	-129
10.60000	-127
10.60833	-125
10.61667	-123
10.62500	-121
10.63333	-120
10.64167	-119
10.65000	-118
10.65833	-118
10.66667	-118
10.67500	-119
10.68333	-121
10.69167	-122
10.70000	-123
10.70833	-125
10.71667	-126
10.72500	-128
10.73333	-130
10.74167	-132
10.75000	-134
10.75833	-135
10.76667	-137
10.77500	-139
10.78333	-141
10.79167	-142
10.80000	-144
10.80833	-146
10.81667	-147
10.82500	-149
10.83333	-150
10.84167	-151
10.85000	-152
10.85833	-154
10.86667	-155
10.87500	-155
10.88333	-156
10.89167	-157
10.90000	-157
10.90833	-157
10.91667	-158
10.92500	-158
10.93333	-158
10.94167	-159
10.95000	-159
10.95833	-159
10.96667	-160
10.97500	-160
10.98333	-161
10.99167	-161
11.00000	-161
11.00833	-161
11.01667	-161
11.02500	-162
11.03333	-162
11.04167	-163
11.05000	-163
11.05833	-163
11.06667	-163
11.07500	-163
11.08333	-163
11.09167	-163
11.10000	-163
11.10833	-164
11.11667	-164
11.12500	-164
11.13333	-163
11.14167	-163
11.15000	-163
11.15833	-163
11.16667	-163
11.17500	-163
11.18333	-163
11.19167	-163
11.20000	-163
11.20833	-163
11.21667	-163
11.22500	-164
11.23333	-164
11.24167	-164
11.25000	-164
11.25833	-164
11.26667	-164
11.27500	-164
11.28333	-164
11.29167	-164
11.30000	-164
11.30833	-164
11.31667	-164
11.32500	-164
11.33333	-164
11.34167	-164
11.35000	-164
11.35833	-165
11.36667	-165
11.37500	-164
11.38333	-164
11.39167	-164
11.40000	-164
11.40833	-164
11.41667	-164
11.42500	-165
11.43333	-165
11.44167	-165
11.45000	-165
11.45833	-165
11.46667	-165
11.47500	-165
11.48333	-165
11.49167	-165
11.50000	-165
11.50833	-165
11.51667	-165
11.52500	-166
11.53333	-166
11.54167	-166
11.55000	-165
11.55833	-165
11.56667	-165
11.57500	-165
11.58333	-165
11.59167	-165
11.60000	-165
11.60833	-165
11.61667	-165
11.62500	-166
11.63333	-166
11.64167	-166
11.65000	-166
11.65833	-166
11.66667	-166
11.67500	-167
11.68333	-167
11.69167	-167
11.70000	-167
11.70833	-167
11.71667	-167
11.72500	-167
11.73333	-167
11.74167	-167
11.75000	-167
11.75833	-167
11.76667	-166
11.77500	-166
11.78333	-166
11.79167	-166
11.80000	-166
11.80833	-166
11.81667	-166
11.82500	-166
11.83333	-165
11.84167	-165
11.85000	-164
11.85833	-164
11.86667	-164
11.87500	-164
11.88333	-164
11.89167	-165
11.90000	-165
11.90833	-165
11.91667	-165
11.92500	-165
11.93333	-165
11.94167	-164
11.95000	-165
11.95833	-165
11.96667	-165
11.97500	-165
11.98333	-165
11.99167	-165
12.00000	-165
12.00833	-165
12.01667	-165
12.02500	-165
12.03333	-165
12.04167	-165
12.05000	-164
12.05833	-164
12.06667	-164
12.07500	-165
12.08333	-165
12.09167	-165
12.10000	-164
12.10833	-164
12.11667	-164
12.12500	-164
12.13333	-164
12.14167	-164
12.15000	-164
12.15833	-165
12.16667	-165
12.17500	-165
12.18333	-164
12.19167	-164
12.20000	-165
12.20833	-165
12.21667	-165
12.22500	-165
12.23333	-165
12.24167	-165
12.25000	-165
12.25833	-165
12.26667	-165
12.27500	-164
12.28333	-164
12.29167	-164
12.30000	-164
12.30833	-164
12.31667	-165
12.32500	-165
12.33333	-165
12.34167	-165
12.35000	-164
12.35833	-164
12.36667	-165
12.37500	-165
12.38333	-165
12.39167	-165
12.40000	-165
12.40833	-165
12.41667	-165
12.42500	-165
12.43333	-165
12.44167	-164
12.45000	-164
12.45833	-164
12.46667	-164
12.47500	-163
12.48333	-163
12.49167	-163
12.50000	-163
12.50833	-162
12.51667	-162
12.52500	-162
12.53333	-162
12.54167	-162
12.55000	-162
12.55833	-162
12.56667	-163
12.57500	-163
12.58333	-162
12.59167	-161
12.60000	-161
12.60833	-160
12.61667	-160
12.62500	-160
12.63333	-160
12.64167	-160
12.65000	-160
12.65833	-160
12.66667	-159
12.67500	-159
12.68333	-159
12.69167	-159
12.70000	-158
12.70833	-158
12.71667	-158
12.72500	-158
12.73333	-158
12.74167	-158
12.75000	-158
12.75833	-158
12.76667	-158
12.77500	-157
12.78333	-157
12.79167	-157
12.80000	-157
12.80833	-157
12.81667	-157
12.82500	-157
12.83333	-157
12.84167	-157
12.85000	-157
12.85833	-157
12.86667	-157
12.87500	-157
12.88333	-157
12.89167	-157
12.90000	-157
12.90833	-157
12.91667	-156
12.92500	-156
12.93333	-156
12.94167	-156
12.95000	-156
12.95833	-156
12.96667	-156
12.97500	-156
12.98333	-156
12.99167	-155
13.00000	-155
13.00833	-155
13.01667	-155
13.02500	-155
13.03333	-155
13.04167	-155
13.05000	-155
13.05833	-155
13.06667	-155
13.07500	-155
13.08333	-155
13.09167	-155
13.10000	-155
13.10833	-155
13.11667	-155
13.12500	-155
13.13333	-155
13.14167	-155
13.15000	-155
13.15833	-154
13.16667	-154
13.17500	-154
13.18333	-154
13.19167	-154
13.20000	-153
13.20833	-153
13.21667	-153
13.22500	-153
13.23333	-153
13.24167	-152
13.25000	-152
13.25833	-152
13.26667	-151
13.27500	-150
13.28333	-149
13.29167	-148
13.30000	-147
13.30833	-146
13.31667	-145
13.32500	-144
13.33333	-143
13.34167	-142
13.35000	-140
13.35833	-138
13.36667	-137
13.37500	-135
13.38333	-133
13.39167	-131
13.40000	-129
13.40833	-127
13.41667	-124
13.42500	-121
13.43333	-118
13.44167	-115
13.45000	-112
13.45833	-108
13.46667	-105
13.47500	-102
13.48333	-100
13.49167	-97
13.50000	-94
13.50833	-91
13.51667	-89
13.52500	-86
13.53333	-84
13.54167	-83
13.55000	-81
13.55833	-80
13.56667	-80
13.57500	-80
13.58333	-80
13.59167	-80
13.60000	-81
13.60833	-81
13.61667	-82
13.62500	-83
13.63333	-85
13.64167	-86
13.65000	-88
13.65833	-89
13.66667	-90
13.67500	-92
13.68333	-93
13.69167	-94
13.70000	-95
13.70833	-96
13.71667	-97
13.72500	-98
13.73333	-99
13.74167	-99
13.75000	-99
13.75833	-99
13.76667	-99
13.77500	-99
13.78333	-99
13.79167	-99
13.80000	-98
13.80833	-98
13.81667	-97
13.82500	-96
13.83333	-95
13.84167	-94
13.85000	-93
13.85833	-92
13.86667	-91
13.87500	-90
13.88333	-89
13.89167	-87
13.90000	-85
13.90833	-84
13.91667	-82
13.92500	-80
13.93333	-78
13.94167	-76
13.95000	-74
13.95833	-72
13.96667	-70
13.97500	-68
13.98333	-66
13.99167	-64
14.00000	-63
14.00833	-61
14.01667	-58
14.02500	-57
14.03333	-55
14.04167	-53
14.05000	-50
14.05833	-49
14.06667	-47
14.07500	-46
14.08333	-44
14.09167	-42
14.10000	-40
14.10833	-37
14.11667	-35
14.12500	-33
14.13333	-31
14.14167	-29
14.15000	-27
14.15833	-25
14.16667	-24
14.17500	-22
14.18333	-20
14.19167	-18
14.20000	-17
14.20833	-15
14.21667	-13
14.22500	-11
14.23333	-8
14.24167	-6
14.25000	-4
14.25833	-2
14.26667	1
14.27500	3
14.28333	5
14.29167	7
14.30000	9
14.30833	11
14.31667	13
14.32500	15
14.33333	17
14.34167	20
14.35000	21
14.35833	23
14.36667	25
14.37500	26
14.38333	27
14.39167	28
14.40000	29
14.40833	30
14.41667	30
14.42500	31
14.43333	32
14.44167	33
14.45000	34
14.45833	36
14.46667	37
14.47500	38
14.48333	39
14.49167	40
14.50000	41
14.50833	42
14.51667	43
14.52500	44
14.53333	45
14.54167	46
14.55000	46
14.55833	47
14.56667	48
14.57500	48
14.58333	49
14.59167	50
14.60000	50
14.60833	51
14.61667	52
14.62500	52
14.63333	52
14.64167	52
14.65000	53
14.65833	53
14.66667	54
14.67500	54
14.68333	55
14.69167	55
14.70000	55
14.70833	54
14.71667	54
14.72500	54
14.73333	54
14.74167	54
14.75000	54
14.75833	54
14.76667	54
14.77500	54
14.78333	54
14.79167	54
14.80000	54
14.80833	53
14.81667	53
14.82500	53
14.83333	52
14.84167	52
14.85000	52
14.85833	51
14.86667	51
14.87500	51
14.88333	50
14.89167	50
14.90000	49
14.90833	48
14.91667	47
14.92500	46
14.93333	46
14.94167	45
14.95000	44
14.95833	43
14.96667	43
14.97500	42
14.98333	42
14.99167	41
15.00000	40
15.00833	40
15.01667	39
15.02500	38
15.03333	37
15.04167	36
15.05000	35
15.05833	35
15.06667	34
15.07500	33
15.08333	32
15.09167	30
15.10000	29
15.10833	28
15.11667	28
15.12500	27
15.13333	27
15.14167	26
15.15000	26
15.15833	25
15.16667	24
15.17500	23
15.18333	22
15.19167	21
15.20000	19
15.20833	18
15.21667	17
15.22500	16
15.23333	15
15.24167	13
15.25000	12
15.25833	11
15.26667	9
15.27500	8
15.28333	7
15.29167	5
15.30000	4
15.30833	2
15.31667	1
15.32500	-1
15.33333	-2
15.34167	-4
15.35000	-5
15.35833	-7
15.36667	-9
15.37500	-11
15.38333	-12
15.39167	-13
15.40000	-15
15.40833	-16
15.41667	-18
15.42500	-19
15.43333	-21
15.44167	-22
15.45000	-24
15.45833	-26
15.46667	-28
15.47500	-30
15.48333	-31
15.49167	-33
15.50000	-36
15.50833	-38
15.51667	-40
15.52500	-42
15.53333	-44
15.54167	-45
15.55000	-47
15.55833	-49
15.56667	-51
15.57500	-53
15.58333	-55
15.59167	-57
15.60000	-59
15.60833	-61
15.61667	-62
15.62500	-64
15.63333	-66
15.64167	-68
15.65000	-70
15.65833	-72
15.66667	-74
15.67500	-76
15.68333	-78
15.69167	-80
15.70000	-82
15.70833	-84
15.71667	-86
15.72500	-88
15.73333	-90
15.74167	-91
15.75000	-93
15.75833	-95
15.76667	-97
15.77500	-98
15.78333	-100
15.79167	-101
15.80000	-102
15.80833	-104
15.81667	-105
15.82500	-107
15.83333	-108
15.84167	-109
15.85000	-110
15.85833	-111
15.86667	-112
15.87500	-113
15.88333	-114
15.89167	-114
15.90000	-115
15.90833	-116
15.91667	-116
15.92500	-116
15.93333	-116
15.94167	-117
15.95000	-117
15.95833	-118
15.96667	-119
15.97500	-119
15.98333	-119
15.99167	-120
16.00000	-121
16.00833	-121
16.01667	-122
16.02500	-122
16.03333	-123
16.04167	-123
16.05000	-123
16.05833	-124
16.06667	-124
16.07500	-124
16.08333	-125
16.09167	-125
16.10000	-125
16.10833	-126
16.11667	-126
16.12500	-126
16.13333	-126
16.14167	-127
16.15000	-127
16.15833	-127
16.16667	-127
16.17500	-127
16.18333	-128
16.19167	-128
16.20000	-128
16.20833	-129
16.21667	-129
16.22500	-130
16.23333	-130
16.24167	-130
16.25000	-130
16.25833	-131
16.26667	-131
16.27500	-131
16.28333	-131
16.29167	-131
16.30000	-131
16.30833	-130
16.31667	-130
16.32500	-130
16.33333	-129
16.34167	-129
16.35000	-128
16.35833	-128
16.36667	-127
16.37500	-127
16.38333	-127
16.39167	-126
16.40000	-126
16.40833	-126
16.41667	-125
16.42500	-125
16.43333	-125
16.44167	-124
16.45000	-124
16.45833	-123
16.46667	-123
16.47500	-122
16.48333	-123
16.49167	-123
16.50000	-123
16.50833	-124
16.51667	-123
16.52500	-123
16.53333	-123
16.54167	-122
16.55000	-122
16.55833	-122
16.56667	-122
16.57500	-121
16.58333	-120
16.59167	-120
16.60000	-120
16.60833	-120
16.61667	-119
16.62500	-119
16.63333	-119
16.64167	-119
16.65000	-119
16.65833	-119
16.66667	-118
16.67500	-117
16.68333	-117
16.69167	-116
16.70000	-115
16.70833	-115
16.71667	-114
16.72500	-113
16.73333	-113
16.74167	-112
16.75000	-112
16.75833	-111
16.76667	-110
16.77500	-110
16.78333	-109
16.79167	-108
16.80000	-107
16.80833	-106
16.81667	-105
16.82500	-104
16.83333	-104
16.84167	-103
16.85000	-102
16.85833	-101
16.86667	-101
16.87500	-100
16.88333	-99
16.89167	-98
16.90000	-98
16.90833	-97
16.91667	-97
16.92500	-96
16.93333	-96
16.94167	-96
16.95000	-96
16.95833	-96
16.96667	-96
16.97500	-95
16.98333	-95
16.99167	-95
17.00000	-95
17.00833	-94
17.01667	-94
17.02500	-94
17.03333	-94
17.04167	-93
17.05000	-93
17.05833	-93
17.06667	-93
17.07500	-92
17.08333	-92
17.09167	-91
17.10000	-91
17.10833	-90
17.11667	-90
17.12500	-90
17.13333	-90
17.14167	-90
17.15000	-90
17.15833	-90
17.16667	-90
17.17500	-89
17.18333	-89
17.19167	-88
17.20000	-88
17.20833	-88
17.21667	-88
17.22500	-88
17.23333	-88
17.24167	-88
17.25000	-88
17.25833	-87
17.26667	-87
17.27500	-86
17.28333	-86
17.29167	-85
17.30000	-84
17.30833	-84
17.31667	-83
17.32500	-83
17.33333	-83
17.34167	-82
17.35000	-82
17.35833	-81
17.36667	-80
17.37500	-80
17.38333	-80
17.39167	-79
17.40000	-79
17.40833	-78
17.41667	-78
17.42500	-77
17.43333	-77
17.44167	-77
17.45000	-76
17.45833	-76
17.46667	-76
17.47500	-75
17.48333	-75
17.49167	-74
17.50000	-74
17.50833	-74
17.51667	-75
17.52500	-75
17.53333	-75
17.54167	-75
17.55000	-75
17.55833	-74
17.56667	-74
17.57500	-74
17.58333	-74
17.59167	-73
17.60000	-72
17.60833	-71
17.61667	-71
17.62500	-70
17.63333	-70
17.64167	-69
17.65000	-68
17.65833	-68
17.66667	-67
17.67500	-67
17.68333	-66
17.69167	-66
17.70000	-65
17.70833	-65
17.71667	-64
17.72500	-63
17.73333	-63
17.74167	-63
17.75000	-63
17.75833	-62
17.76667	-62
17.77500	-62
17.78333	-61
17.79167	-62
17.80000	-62
17.80833	-62
17.81667	-61
17.82500	-61
17.83333	-61
17.84167	-60
17.85000	-60
17.85833	-59
17.86667	-58
17.87500	-57
17.88333	-56
17.89167	-56
17.90000	-55
17.90833	-54
17.91667	-53
17.92500	-52
17.93333	-51
17.94167	-50
17.95000	-49
17.95833	-49
17.96667	-48
17.97500	-48
17.98333	-47
17.99167	-46
18.00000	-44
18.00833	-43
18.01667	-42
18.02500	-41
18.03333	-41
18.04167	-40
18.05000	-40
18.05833	-39
18.06667	-38
18.07500	-37
18.08333	-37
18.09167	-36
18.10000	-35
18.10833	-35
18.11667	-34
18.12500	-33
18.13333	-33
18.14167	-32
18.15000	-32
18.15833	-31
18.16667	-31
18.17500	-31
18.18333	-31
18.19167	-30
18.20000	-30
18.20833	-30
18.21667	-30
18.22500	-29
18.23333	-29
18.24167	-28
18.25000	-28
18.25833	-27
18.26667	-27
18.27500	-26
18.28333	-26
18.29167	-26
18.30000	-26
18.30833	-26
18.31667	-25
18.32500	-25
18.33333	-24
18.34167	-24
18.35000	-23
18.35833	-23
18.36667	-22
18.37500	-22
18.38333	-22
18.39167	-22
18.40000	-22
18.40833	-21
18.41667	-21
18.42500	-21
18.43333	-20
18.44167	-20
18.45000	-20
18.45833	-19
18.46667	-19
18.47500	-18
18.48333	-18
18.49167	-17
18.50000	-17
18.50833	-16
18.51667	-15
18.52500	-14
18.53333	-14
18.54167	-13
18.55000	-13
18.55833	-13
18.56667	-13
18.57500	-12
18.58333	-11
18.59167	-11
18.60000	-10
18.60833	-9
18.61667	-9
18.62500	-8
18.63333	-7
18.64167	-6
18.65000	-5
18.65833	-4
18.66667	-3
18.67500	-2
18.68333	-1
18.69167	-0
18.70000	1
18.70833	2
18.71667	3
18.72500	4
18.73333	5
18.74167	6
18.75000	6
18.75833	7
18.76667	8
18.77500	9
18.78333	9
18.79167	10
18.80000	10
18.80833	11
18.81667	11
18.82500	12
18.83333	13
18.84167	13
18.85000	14
18.85833	15
18.86667	15
18.87500	16
18.88333	16
18.89167	17
18.90000	17
18.90833	18
18.91667	18
18.92500	19
18.93333	20
18.94167	20
18.95000	21
18.95833	22
18.96667	23
18.97500	24
18.98333	25
18.99167	26
19.00000	26
19.00833	27
19.01667	28
19.02500	29
19.03333	30
19.04167	31
19.05000	32
19.05833	33
19.06667	33
19.07500	34
19.08333	35
19.09167	36
19.10000	36
19.10833	37
19.11667	37
19.12500	37
19.13333	38
19.14167	39
19.15000	39
19.15833	40
19.16667	41
19.17500	41
19.18333	42
19.19167	43
19.20000	44
19.20833	44
19.21667	45
19.22500	45
19.23333	46
19.24167	47
19.25000	48
19.25833	49
19.26667	50
19.27500	51
19.28333	53
19.29167	54
19.30000	55
19.30833	56
19.31667	57
19.32500	58
19.33333	59
19.34167	60
19.35000	61
19.35833	61
19.36667	62
19.37500	63
19.38333	63
19.39167	64
19.40000	65
19.40833	65
19.41667	65
19.42500	66
19.43333	66
19.44167	67
19.45000	68
19.45833	69
19.46667	69
19.47500	70
19.48333	71
19.49167	72
19.50000	73
19.50833	74
19.51667	75
19.52500	76
19.53333	77
19.54167	79
19.55000	79
19.55833	80
19.56667	81
19.57500	82
19.58333	83
19.59167	84
19.60000	85
19.60833	85
19.61667	85
19.62500	85
19.63333	86
19.64167	87
19.65000	87
19.65833	87
19.66667	88
19.67500	89
19.68333	90
19.69167	90
19.70000	91
19.70833	92
19.71667	93
19.72500	94
19.73333	95
19.74167	96
19.75000	97
19.75833	98
19.76667	100
19.77500	101
19.78333	101
19.79167	102
19.80000	103
19.80833	104
19.81667	105
19.82500	106
19.83333	107
19.84167	107
19.85000	108
19.85833	109
19.86667	109
19.87500	110
19.88333	110
19.89167	111
19.90000	111
19.90833	112
19.91667	113
19.92500	114
19.93333	114
19.94167	115
19.95000	116
19.95833	117
19.96667	118
19.97500	119
19.98333	119
19.99167	120
20.00000	121
20.00833	122
20.01667	124
20.02500	125
20.03333	126
20.04167	127
20.05000	129
20.05833	130
20.06667	131
20.07500	131
20.08333	132
20.09167	132
20.10000	133
20.10833	133
20.11667	134
20.12500	134
20.13333	134
20.14167	135
20.15000	136
20.15833	136
20.16667	137
20.17500	138
20.18333	139
20.19167	140
20.20000	141
20.20833	142
20.21667	143
20.22500	145
20.23333	146
20.24167	147
20.25000	148
20.25833	149
20.26667	150
20.27500	151
20.28333	152
20.29167	153
20.30000	154
20.30833	155
20.31667	156
20.32500	156
20.33333	157
20.34167	158
20.35000	158
20.35833	159
20.36667	160
20.37500	161
20.38333	162
20.39167	163
20.40000	163
20.40833	164
20.41667	165
20.42500	165
20.43333	166
20.44167	167
20.45000	168
20.45833	169
20.46667	170
20.47500	171
20.48333	172
20.49167	173
20.50000	174
20.50833	176
20.51667	177
20.52500	179
20.53333	180
20.54167	182
20.55000	183
20.55833	185
20.56667	186
20.57500	187
20.58333	188
20.59167	189
20.60000	190
20.60833	191
20.61667	191
20.62500	192
20.63333	193
20.64167	193
20.65000	194
20.65833	194
20.66667	195
20.67500	196
20.68333	197
20.69167	197
20.70000	199
20.70833	200
20.71667	201
20.72500	202
20.73333	203
20.74167	205
20.75000	206
20.75833	207
20.76667	208
20.77500	210
20.78333	211
20.79167	212
20.80000	214
20.80833	215
20.81667	216
20.82500	217
20.83333	218
20.84167	219
20.85000	220
20.85833	221
20.86667	222
20.87500	222
20.88333	223
20.89167	224
20.90000	224
20.90833	225
20.91667	225
20.92500	226
20.93333	227
20.94167	229
20.95000	230
20.95833	231
20.96667	233
20.97500	234
20.98333	235
20.99167	236
21.00000	238
21.00833	239
21.01667	240
21.02500	241
21.03333	243
21.04167	244
21.05000	246
21.05833	247
21.06667	248
21.07500	249
21.08333	249
21.09167	250
21.10000	251
21.10833	252
21.11667	253
21.12500	253
21.13333	254
21.14167	254
21.15000	255
21.15833	256
21.16667	257
21.17500	258
21.18333	259
21.19167	260
21.20000	262
21.20833	263
21.21667	265
21.22500	266
21.23333	267
21.24167	269
21.25000	270
21.25833	271
21.26667	272
21.27500	274
21.28333	275
21.29167	276
21.30000	277
21.30833	278
21.31667	279
21.32500	280
21.33333	280
21.34167	281
21.35000	282
21.35833	282
21.36667	283
21.37500	284
21.38333	285
21.39167	286
21.40000	287
21.40833	288
21.41667	289
21.42500	290
21.43333	291
21.44167	292
21.45000	293
21.45833	294
21.46667	295
21.47500	296
21.48333	297
21.49167	298
21.50000	300
21.50833	300
21.51667	301
21.52500	301
21.53333	302
21.54167	302
21.55000	303
21.55833	303
21.56667	304
21.57500	304
21.58333	305
21.59167	306
21.60000	307
21.60833	309
21.61667	310
21.62500	311
21.63333	311
21.64167	312
21.65000	313
21.65833	313
21.66667	315
21.67500	316
21.68333	317
21.69167	318
21.70000	318
21.70833	319
21.71667	319
21.72500	319
21.73333	320
21.74167	320
21.75000	321
21.75833	321
21.76667	322
21.77500	322
21.78333	322
21.79167	322
21.80000	322
21.80833	322
21.81667	322
21.82500	323
21.83333	323
21.84167	324
21.85000	325
21.85833	326
21.86667	326
21.87500	327
21.88333	328
21.89167	329
21.90000	329
21.90833	330
21.91667	331
21.92500	332
21.93333	332
21.94167	333
21.95000	333
21.95833	333
21.96667	334
21.97500	334
21.98333	335
21.99167	335
22.00000	336
22.00833	336
22.01667	336
22.02500	336
22.03333	337
22.04167	337
22.05000	337
22.05833	337
22.06667	337
22.07500	337
22.08333	337
22.09167	337
22.10000	337
22.10833	337
22.11667	338
22.12500	338
22.13333	338
22.14167	339
22.15000	339
22.15833	339
22.16667	338
22.17500	338
22.18333	338
22.19167	338
22.20000	338
22.20833	338
22.21667	338
22.22500	338
22.23333	338
22.24167	338
22.25000	339
22.25833	339
22.26667	339
22.27500	339
22.28333	339
22.29167	339
22.30000	339
22.30833	339
22.31667	339
22.32500	339
22.33333	339
22.34167	339
22.35000	338
22.35833	338
22.36667	338
22.37500	337
22.38333	337
22.39167	337
22.40000	336
22.40833	335
22.41667	333
22.42500	332
22.43333	331
22.44167	331
22.45000	330
22.45833	329
22.46667	328
22.47500	326
22.48333	325
22.49167	323
22.50000	321
22.50833	319
22.51667	317
22.52500	316
22.53333	314
22.54167	311
22.55000	309
22.55833	307
22.56667	305
22.57500	302
22.58333	299
22.59167	296
22.60000	293
22.60833	291
22.61667	288
22.62500	286
22.63333	283
22.64167	280
22.65000	277
22.65833	274
22.66667	271
22.67500	268
22.68333	266
22.69167	263
22.70000	260
22.70833	258
22.71667	256
22.72500	254
22.73333	251
22.74167	249
22.75000	246
22.75833	245
22.76667	243
22.77500	241
22.78333	240
22.79167	239
22.80000	238
22.80833	238
22.81667	237
22.82500	237
22.83333	237
22.84167	238
22.85000	238
22.85833	239
22.86667	240
22.87500	241
22.88333	242
22.89167	244
22.90000	245
22.90833	247
22.91667	249
22.92500	251
22.93333	254
22.94167	256
22.95000	259
22.95833	261
22.96667	264
22.97500	267
22.98333	270
22.99167	273
23.00000	276
23.00833	279
23.01667	281
23.02500	284
23.03333	287
23.04167	291
23.05000	294
23.05833	296
23.06667	299
23.07500	302
23.08333	304
23.09167	307
23.10000	309
23.10833	312
23.11667	314
23.12500	317
23.13333	319
23.14167	321
23.15000	322
23.15833	324
23.16667	326
23.17500	328
23.18333	330
23.19167	332
23.20000	333
23.20833	334
23.21667	335
23.22500	337
23.23333	338
23.24167	339
23.25000	339
23.25833	340
23.26667	341
23.27500	342
23.28333	343
23.29167	343
23.30000	344
23.30833	345
23.31667	345
23.32500	346
23.33333	346
23.34167	346
23.35000	346
23.35833	347
23.36667	347
23.37500	348
23.38333	348
23.39167	347
23.40000	348
23.40833	348
23.41667	348
23.42500	348
23.43333	349
23.44167	349
23.45000	349
23.45833	349
23.46667	349
23.47500	349
23.48333	349
23.49167	348
23.50000	348
23.50833	348
23.51667	347
23.52500	347
23.53333	347
23.54167	348
23.55000	348
23.55833	347
23.56667	347
23.57500	347
23.58333	347
23.59167	346
23.60000	346
23.60833	346
23.61667	346
23.62500	346
23.63333	345
23.64167	345
23.65000	345
23.65833	345
23.66667	345
23.67500	344
23.68333	344
23.69167	344
23.70000	343
23.70833	343
23.71667	342
23.72500	342
23.73333	341
23.74167	341
23.75000	341
23.75833	340
23.76667	340
23.77500	340
23.78333	339
23.79167	339
23.80000	339
23.80833	338
23.81667	338
23.82500	337
23.83333	336
23.84167	335
23.85000	334
23.85833	334
23.86667	334
23.87500	333
23.88333	333
23.89167	332
23.90000	332
23.90833	331
23.91667	330
23.92500	330
23.93333	329
23.94167	328
23.95000	327
23.95833	327
23.96667	326
23.97500	326
23.98333	326
23.99167	325
24.00000	325
24.00833	324
24.01667	323
24.02500	322
24.03333	321
24.04167	320
24.05000	319
24.05833	319
24.06667	318
24.07500	317
24.08333	316
24.09167	315
24.10000	314
24.10833	313
24.11667	312
24.12500	311
24.13333	310
24.14167	309
24.15000	307
24.15833	306
24.16667	305
24.17500	304
24.18333	303
24.19167	302
24.20000	301
24.20833	300
24.21667	299
24.22500	298
24.23333	296
24.24167	294
24.25000	293
24.25833	291
24.26667	290
24.27500	288
24.28333	287
24.29167	286
24.30000	284
24.30833	282
24.31667	281
24.32500	279
24.33333	278
24.34167	277
24.35000	275
24.35833	274
24.36667	272
24.37500	270
24.38333	269
24.39167	267
24.40000	266
24.40833	265
24.41667	263
24.42500	262
24.43333	260
24.44167	259
24.45000	258
24.45833	257
24.46667	255
24.47500	254
24.48333	253
24.49167	252
24.50000	251
24.50833	250
24.51667	249
24.52500	248
24.53333	247
24.54167	246
24.55000	246
24.55833	245
24.56667	245
24.57500	244
24.58333	244
24.59167	244
24.60000	244
24.60833	244
24.61667	244
24.62500	244
24.63333	244
24.64167	244
24.65000	245
24.65833	245
24.66667	245
24.67500	245
24.68333	246
24.69167	247
24.70000	247
24.70833	248
24.71667	248
24.72500	249
24.73333	249
24.74167	250
24.75000	251
24.75833	252
24.76667	253
24.77500	253
24.78333	254
24.79167	255
24.80000	256
24.80833	256
24.81667	257
24.82500	258
24.83333	259
24.84167	260
24.85000	261
24.85833	261
24.86667	262
24.87500	263
24.88333	263
24.89167	263
24.90000	263
24.90833	264
24.91667	265
24.92500	265
24.93333	266
24.94167	266
24.95000	266
24.95833	267
24.96667	267
24.97500	268
24.98333	268
24.99167	269
25.00000	269
25.00833	269
25.01667	269
25.02500	268
25.03333	269
25.04167	269
25.05000	269
25.05833	270
25.06667	270
25.07500	271
25.08333	271
25.09167	271
25.10000	271
25.10833	271
25.11667	271
25.12500	271
25.13333	271
25.14167	271
25.15000	271
25.15833	270
25.16667	270
25.17500	269
25.18333	269
25.19167	268
25.20000	268
25.20833	267
25.21667	266
25.22500	266
25.23333	266
25.24167	265
25.25000	265
25.25833	264
25.26667	264
25.27500	263
25.28333	262
25.29167	261
25.30000	260
25.30833	260
25.31667	259
25.32500	258
25.33333	257
25.34167	257
25.35000	256
25.35833	255
25.36667	254
25.37500	253
25.38333	252
25.39167	251
25.40000	250
25.40833	249
25.41667	248
25.42500	247
25.43333	247
25.44167	246
25.45000	246
25.45833	245
25.46667	244
25.47500	243
25.48333	243
25.49167	242
25.50000	242
25.50833	241
25.51667	240
25.52500	240
25.53333	239
25.54167	238
25.55000	238
25.55833	237
25.56667	236
25.57500	235
25.58333	234
25.59167	234
25.60000	233
25.60833	233
25.61667	233
25.62500	232
25.63333	232
25.64167	231
25.65000	231
25.65833	231
25.66667	230
25.67500	230
25.68333	230
25.69167	230
25.70000	230
25.70833	230
25.71667	230
25.72500	230
25.73333	230
25.74167	230
25.75000	230
25.75833	230
25.76667	230
25.77500	230
25.78333	230
25.79167	230
25.80000	229
25.80833	229
25.81667	229
25.82500	229
25.83333	228
25.84167	228
25.85000	228
25.85833	229
25.86667	229
25.87500	229
25.88333	229
25.89167	229
25.90000	228
25.90833	228
25.91667	228
25.92500	228
25.93333	228
25.94167	228
25.95000	228
25.95833	228
25.96667	228
25.97500	228
25.98333	228
25.99167	228
26.00000	228
26.00833	228
26.01667	228
26.02500	229
26.03333	229
26.04167	229
26.05000	229
26.05833	230
26.06667	230
26.07500	230
26.08333	230
26.09167	230
26.10000	230
26.10833	230
26.11667	230
26.12500	230
26.13333	230
26.14167	230
26.15000	230
26.15833	230
26.16667	230
26.17500	230
26.18333	230
26.19167	230
26.20000	230
26.20833	230
26.21667	231
26.22500	231
26.23333	231
26.24167	230
26.25000	231
26.25833	231
26.26667	232
26.27500	232
26.28333	233
26.29167	234
26.30000	234
26.30833	234
26.31667	235
26.32500	235
26.33333	235
26.34167	236
26.35000	236
26.35833	237
26.36667	237
26.37500	238
26.38333	238
26.39167	239
26.40000	239
26.40833	239
26.41667	240
26.42500	240
26.43333	240
26.44167	239
26.45000	239
26.45833	239
26.46667	239
26.47500	239
26.48333	239
26.49167	239
26.50000	238
26.50833	237
26.51667	235
26.52500	234
26.53333	233
26.54167	232
26.55000	231
26.55833	230
26.56667	228
26.57500	226
26.58333	224
26.59167	222
26.60000	220
26.60833	217
26.61667	215
26.62500	213
26.63333	210
26.64167	208
26.65000	206
26.65833	203
26.66667	200
26.67500	198
26.68333	195
26.69167	192
26.70000	189
26.70833	186
26.71667	183
26.72500	180
26.73333	176
26.74167	173
26.75000	170
26.75833	167
26.76667	165
26.77500	162
26.78333	159
26.79167	156
26.80000	153
26.80833	150
26.81667	147
26.82500	144
26.83333	141
26.84167	138
26.85000	136
26.85833	134
26.86667	131
26.87500	129
26.88333	126
26.89167	124
26.90000	121
26.90833	119
26.91667	117
26.92500	114
26.93333	112
26.94167	110
26.95000	108
26.95833	106
26.96667	104
26.97500	103
26.98333	101
26.99167	99
27.00000	97
27.00833	95
27.01667	93
27.02500	91
27.03333	90
27.04167	88
27.05000	86
27.05833	85
27.06667	83
27.07500	82
27.08333	80
27.09167	79
27.10000	78
27.10833	78
27.11667	77
27.12500	76
27.13333	75
27.14167	74
27.15000	72
27.15833	71
27.16667	70
27.17500	68
27.18333	67
27.19167	66
27.20000	65
27.20833	64
27.21667	63
27.22500	62
27.23333	61
27.24167	60
27.25000	59
27.25833	59
27.26667	57
27.27500	57
27.28333	56
27.29167	55
27.30000	54
27.30833	53
27.31667	53
27.32500	52
27.33333	51
27.34167	50
27.35000	50
27.35833	49
27.36667	49
27.37500	48
27.38333	48
27.39167	47
27.40000	47
27.40833	46
27.41667	46
27.42500	45
27.43333	44
27.44167	44
27.45000	44
27.45833	43
27.46667	43
27.47500	42
27.48333	41
27.49167	41
27.50000	41
27.50833	40
27.51667	39
27.52500	39
27.53333	38
27.54167	38
27.55000	37
27.55833	36
27.56667	36
27.57500	35
27.58333	34
27.59167	34
27.60000	33
27.60833	32
27.61667	32
27.62500	31
27.63333	31
27.64167	31
27.65000	31
27.65833	30
27.66667	30
27.67500	29
27.68333	29
27.69167	29
27.70000	28
27.70833	28
27.71667	28
27.72500	27
27.73333	27
27.74167	26
27.75000	25
27.75833	25
27.76667	24
27.77500	23
27.78333	23
27.79167	22
27.80000	21
27.80833	21
27.81667	20
27.82500	20
27.83333	19
27.84167	19
27.85000	18
27.85833	17
27.86667	16
27.87500	15
27.88333	15
27.89167	14
27.90000	14
27.90833	13
27.91667	12
27.92500	12
27.93333	11
27.94167	11
27.95000	11
27.95833	11
27.96667	11
27.97500	10
27.98333	9
27.99167	9
28.00000	8

