R.Time (min)	Intensity
0.00000	-38
0.00833	-38
0.01667	-1
0.02500	-1
0.03333	-2
0.04167	-3
0.05000	-4
0.05833	-5
0.06667	-6
0.07500	-7
0.08333	-8
0.09167	-9
0.10000	-10
0.10833	-11
0.11667	-11
0.12500	-12
0.13333	-12
0.14167	-13
0.15000	-14
0.15833	-14
0.16667	-15
0.17500	-15
0.18333	-16
0.19167	-16
0.20000	-17
0.20833	-17
0.21667	-18
0.22500	-19
0.23333	-20
0.24167	-21
0.25000	-21
0.25833	-21
0.26667	-21
0.27500	-22
0.28333	-22
0.29167	-22
0.30000	-23
0.30833	-24
0.31667	-25
0.32500	-26
0.33333	-26
0.34167	-27
0.35000	-27
0.35833	-27
0.36667	-28
0.37500	-28
0.38333	-29
0.39167	-29
0.40000	-30
0.40833	-31
0.41667	-31
0.42500	-32
0.43333	-33
0.44167	-34
0.45000	-34
0.45833	-35
0.46667	-36
0.47500	-37
0.48333	-37
0.49167	-38
0.50000	-40
0.50833	-41
0.51667	-42
0.52500	-42
0.53333	-43
0.54167	-44
0.55000	-45
0.55833	-45
0.56667	-46
0.57500	-46
0.58333	-47
0.59167	-47
0.60000	-47
0.60833	-48
0.61667	-49
0.62500	-50
0.63333	-51
0.64167	-51
0.65000	-52
0.65833	-52
0.66667	-53
0.67500	-53
0.68333	-53
0.69167	-53
0.70000	-53
0.70833	-54
0.71667	-54
0.72500	-55
0.73333	-55
0.74167	-56
0.75000	-56
0.75833	-57
0.76667	-57
0.77500	-57
0.78333	-58
0.79167	-58
0.80000	-59
0.80833	-60
0.81667	-60
0.82500	-61
0.83333	-62
0.84167	-63
0.85000	-63
0.85833	-64
0.86667	-65
0.87500	-66
0.88333	-66
0.89167	-67
0.90000	-68
0.90833	-69
0.91667	-69
0.92500	-70
0.93333	-70
0.94167	-71
0.95000	-71
0.95833	-72
0.96667	-73
0.97500	-73
0.98333	-74
0.99167	-75
1.00000	-76
1.00833	-76
1.01667	-76
1.02500	-76
1.03333	-77
1.04167	-77
1.05000	-77
1.05833	-78
1.06667	-78
1.07500	-78
1.08333	-78
1.09167	-78
1.10000	-78
1.10833	-78
1.11667	-78
1.12500	-78
1.13333	-78
1.14167	-78
1.15000	-79
1.15833	-79
1.16667	-80
1.17500	-80
1.18333	-80
1.19167	-81
1.20000	-81
1.20833	-82
1.21667	-82
1.22500	-83
1.23333	-83
1.24167	-84
1.25000	-85
1.25833	-86
1.26667	-87
1.27500	-87
1.28333	-88
1.29167	-88
1.30000	-88
1.30833	-89
1.31667	-89
1.32500	-90
1.33333	-90
1.34167	-91
1.35000	-92
1.35833	-92
1.36667	-93
1.37500	-93
1.38333	-93
1.39167	-94
1.40000	-94
1.40833	-94
1.41667	-94
1.42500	-95
1.43333	-95
1.44167	-95
1.45000	-95
1.45833	-96
1.46667	-96
1.47500	-96
1.48333	-96
1.49167	-97
1.50000	-97
1.50833	-96
1.51667	-96
1.52500	-96
1.53333	-97
1.54167	-98
1.55000	-99
1.55833	-99
1.56667	-100
1.57500	-100
1.58333	-101
1.59167	-102
1.60000	-102
1.60833	-103
1.61667	-104
1.62500	-104
1.63333	-105
1.64167	-105
1.65000	-106
1.65833	-106
1.66667	-107
1.67500	-107
1.68333	-107
1.69167	-107
1.70000	-107
1.70833	-107
1.71667	-107
1.72500	-108
1.73333	-108
1.74167	-107
1.75000	-108
1.75833	-108
1.76667	-108
1.77500	-108
1.78333	-108
1.79167	-108
1.80000	-108
1.80833	-108
1.81667	-108
1.82500	-107
1.83333	-108
1.84167	-108
1.85000	-108
1.85833	-109
1.86667	-109
1.87500	-109
1.88333	-109
1.89167	-109
1.90000	-110
1.90833	-110
1.91667	-111
1.92500	-111
1.93333	-112
1.94167	-112
1.95000	-113
1.95833	-113
1.96667	-114
1.97500	-115
1.98333	-115
1.99167	-115
2.00000	-115
2.00833	-115
2.01667	-115
2.02500	-115
2.03333	-115
2.04167	-115
2.05000	-115
2.05833	-114
2.06667	-114
2.07500	-114
2.08333	-114
2.09167	-114
2.10000	-114
2.10833	-114
2.11667	-114
2.12500	-113
2.13333	-113
2.14167	-114
2.15000	-114
2.15833	-115
2.16667	-115
2.17500	-115
2.18333	-115
2.19167	-115
2.20000	-115
2.20833	-115
2.21667	-115
2.22500	-115
2.23333	-115
2.24167	-116
2.25000	-116
2.25833	-116
2.26667	-116
2.27500	-116
2.28333	-115
2.29167	-115
2.30000	-114
2.30833	-113
2.31667	-112
2.32500	-111
2.33333	-110
2.34167	-109
2.35000	-108
2.35833	-107
2.36667	-105
2.37500	-103
2.38333	-101
2.39167	-99
2.40000	-98
2.40833	-96
2.41667	-94
2.42500	-92
2.43333	-89
2.44167	-87
2.45000	-85
2.45833	-83
2.46667	-80
2.47500	-78
2.48333	-75
2.49167	-72
2.50000	-69
2.50833	-66
2.51667	-62
2.52500	-58
2.53333	-54
2.54167	-49
2.55000	-45
2.55833	-40
2.56667	-35
2.57500	-29
2.58333	-24
2.59167	-18
2.60000	-12
2.60833	-5
2.61667	2
2.62500	9
2.63333	17
2.64167	25
2.65000	34
2.65833	43
2.66667	53
2.67500	64
2.68333	75
2.69167	86
2.70000	98
2.70833	111
2.71667	125
2.72500	139
2.73333	154
2.74167	169
2.75000	186
2.75833	204
2.76667	222
2.77500	242
2.78333	262
2.79167	284
2.80000	306
2.80833	330
2.81667	356
2.82500	382
2.83333	410
2.84167	439
2.85000	470
2.85833	502
2.86667	535
2.87500	570
2.88333	607
2.89167	645
2.90000	686
2.90833	728
2.91667	773
2.92500	819
2.93333	868
2.94167	918
2.95000	972
2.95833	1027
2.96667	1085
2.97500	1145
2.98333	1208
2.99167	1273
3.00000	1340
3.00833	1410
3.01667	1483
3.02500	1558
3.03333	1635
3.04167	1714
3.05000	1796
3.05833	1880
3.06667	1966
3.07500	2054
3.08333	2144
3.09167	2235
3.10000	2327
3.10833	2421
3.11667	2516
3.12500	2612
3.13333	2708
3.14167	2805
3.15000	2902
3.15833	2998
3.16667	3093
3.17500	3188
3.18333	3281
3.19167	3373
3.20000	3464
3.20833	3552
3.21667	3637
3.22500	3720
3.23333	3800
3.24167	3877
3.25000	3949
3.25833	4018
3.26667	4082
3.27500	4142
3.28333	4196
3.29167	4246
3.30000	4291
3.30833	4330
3.31667	4363
3.32500	4391
3.33333	4412
3.34167	4428
3.35000	4437
3.35833	4441
3.36667	4438
3.37500	4430
3.38333	4415
3.39167	4395
3.40000	4368
3.40833	4336
3.41667	4299
3.42500	4256
3.43333	4207
3.44167	4154
3.45000	4095
3.45833	4032
3.46667	3965
3.47500	3893
3.48333	3818
3.49167	3739
3.50000	3657
3.50833	3573
3.51667	3486
3.52500	3397
3.53333	3306
3.54167	3213
3.55000	3119
3.55833	3023
3.56667	2927
3.57500	2831
3.58333	2734
3.59167	2638
3.60000	2543
3.60833	2447
3.61667	2352
3.62500	2259
3.63333	2166
3.64167	2076
3.65000	1986
3.65833	1898
3.66667	1813
3.67500	1729
3.68333	1648
3.69167	1569
3.70000	1491
3.70833	1417
3.71667	1344
3.72500	1274
3.73333	1206
3.74167	1141
3.75000	1079
3.75833	1019
3.76667	962
3.77500	908
3.78333	855
3.79167	805
3.80000	758
3.80833	712
3.81667	669
3.82500	628
3.83333	589
3.84167	552
3.85000	518
3.85833	485
3.86667	454
3.87500	425
3.88333	397
3.89167	371
3.90000	347
3.90833	325
3.91667	303
3.92500	283
3.93333	264
3.94167	247
3.95000	230
3.95833	214
3.96667	199
3.97500	186
3.98333	173
3.99167	161
4.00000	150
4.00833	140
4.01667	130
4.02500	121
4.03333	112
4.04167	103
4.05000	95
4.05833	87
4.06667	79
4.07500	72
4.08333	66
4.09167	60
4.10000	54
4.10833	47
4.11667	42
4.12500	36
4.13333	30
4.14167	25
4.15000	19
4.15833	14
4.16667	9
4.17500	4
4.18333	-0
4.19167	-5
4.20000	-9
4.20833	-14
4.21667	-18
4.22500	-23
4.23333	-27
4.24167	-32
4.25000	-36
4.25833	-40
4.26667	-44
4.27500	-48
4.28333	-52
4.29167	-56
4.30000	-60
4.30833	-64
4.31667	-69
4.32500	-73
4.33333	-76
4.34167	-80
4.35000	-83
4.35833	-86
4.36667	-90
4.37500	-93
4.38333	-96
4.39167	-99
4.40000	-102
4.40833	-105
4.41667	-108
4.42500	-111
4.43333	-114
4.44167	-117
4.45000	-120
4.45833	-122
4.46667	-124
4.47500	-126
4.48333	-129
4.49167	-131
4.50000	-133
4.50833	-135
4.51667	-137
4.52500	-139
4.53333	-141
4.54167	-143
4.55000	-145
4.55833	-147
4.56667	-148
4.57500	-150
4.58333	-151
4.59167	-153
4.60000	-154
4.60833	-155
4.61667	-156
4.62500	-157
4.63333	-158
4.64167	-160
4.65000	-161
4.65833	-163
4.66667	-164
4.67500	-165
4.68333	-166
4.69167	-167
4.70000	-168
4.70833	-169
4.71667	-170
4.72500	-170
4.73333	-171
4.74167	-171
4.75000	-172
4.75833	-172
4.76667	-172
4.77500	-173
4.78333	-173
4.79167	-173
4.80000	-173
4.80833	-172
4.81667	-172
4.82500	-172
4.83333	-172
4.84167	-172
4.85000	-172
4.85833	-172
4.86667	-172
4.87500	-172
4.88333	-172
4.89167	-172
4.90000	-172
4.90833	-172
4.91667	-172
4.92500	-173
4.93333	-173
4.94167	-173
4.95000	-174
4.95833	-174
4.96667	-174
4.97500	-174
4.98333	-174
4.99167	-174
5.00000	-174
5.00833	-174
5.01667	-175
5.02500	-175
5.03333	-175
5.04167	-174
5.05000	-174
5.05833	-174
5.06667	-174
5.07500	-173
5.08333	-173
5.09167	-173
5.10000	-173
5.10833	-173
5.11667	-173
5.12500	-173
5.13333	-173
5.14167	-173
5.15000	-173
5.15833	-173
5.16667	-173
5.17500	-173
5.18333	-173
5.19167	-174
5.20000	-174
5.20833	-174
5.21667	-173
5.22500	-173
5.23333	-173
5.24167	-173
5.25000	-172
5.25833	-172
5.26667	-172
5.27500	-172
5.28333	-172
5.29167	-172
5.30000	-172
5.30833	-172
5.31667	-173
5.32500	-173
5.33333	-174
5.34167	-174
5.35000	-174
5.35833	-174
5.36667	-174
5.37500	-174
5.38333	-173
5.39167	-173
5.40000	-173
5.40833	-174
5.41667	-174
5.42500	-174
5.43333	-175
5.44167	-175
5.45000	-176
5.45833	-176
5.46667	-176
5.47500	-176
5.48333	-176
5.49167	-177
5.50000	-178
5.50833	-178
5.51667	-179
5.52500	-179
5.53333	-180
5.54167	-180
5.55000	-180
5.55833	-180
5.56667	-180
5.57500	-181
5.58333	-181
5.59167	-182
5.60000	-183
5.60833	-183
5.61667	-184
5.62500	-184
5.63333	-184
5.64167	-185
5.65000	-186
5.65833	-186
5.66667	-186
5.67500	-187
5.68333	-187
5.69167	-187
5.70000	-187
5.70833	-187
5.71667	-187
5.72500	-187
5.73333	-187
5.74167	-188
5.75000	-188
5.75833	-189
5.76667	-189
5.77500	-189
5.78333	-189
5.79167	-189
5.80000	-189
5.80833	-189
5.81667	-189
5.82500	-189
5.83333	-189
5.84167	-190
5.85000	-190
5.85833	-191
5.86667	-191
5.87500	-191
5.88333	-191
5.89167	-191
5.90000	-191
5.90833	-191
5.91667	-191
5.92500	-191
5.93333	-192
5.94167	-192
5.95000	-192
5.95833	-192
5.96667	-192
5.97500	-192
5.98333	-192
5.99167	-193
6.00000	-193
6.00833	-193
6.01667	-193
6.02500	-193
6.03333	-193
6.04167	-193
6.05000	-194
6.05833	-194
6.06667	-194
6.07500	-194
6.08333	-194
6.09167	-195
6.10000	-195
6.10833	-195
6.11667	-195
6.12500	-195
6.13333	-195
6.14167	-195
6.15000	-196
6.15833	-197
6.16667	-197
6.17500	-197
6.18333	-198
6.19167	-198
6.20000	-199
6.20833	-199
6.21667	-199
6.22500	-200
6.23333	-200
6.24167	-201
6.25000	-201
6.25833	-202
6.26667	-202
6.27500	-202
6.28333	-202
6.29167	-202
6.30000	-203
6.30833	-203
6.31667	-203
6.32500	-203
6.33333	-204
6.34167	-204
6.35000	-204
6.35833	-204
6.36667	-204
6.37500	-204
6.38333	-204
6.39167	-204
6.40000	-204
6.40833	-204
6.41667	-203
6.42500	-203
6.43333	-204
6.44167	-204
6.45000	-204
6.45833	-204
6.46667	-204
6.47500	-204
6.48333	-205
6.49167	-205
6.50000	-205
6.50833	-205
6.51667	-205
6.52500	-205
6.53333	-205
6.54167	-206
6.55000	-206
6.55833	-206
6.56667	-207
6.57500	-207
6.58333	-208
6.59167	-208
6.60000	-209
6.60833	-210
6.61667	-210
6.62500	-210
6.63333	-210
6.64167	-211
6.65000	-211
6.65833	-212
6.66667	-212
6.67500	-213
6.68333	-214
6.69167	-215
6.70000	-215
6.70833	-216
6.71667	-217
6.72500	-217
6.73333	-217
6.74167	-218
6.75000	-218
6.75833	-218
6.76667	-218
6.77500	-218
6.78333	-219
6.79167	-219
6.80000	-220
6.80833	-220
6.81667	-221
6.82500	-221
6.83333	-222
6.84167	-222
6.85000	-222
6.85833	-221
6.86667	-221
6.87500	-221
6.88333	-221
6.89167	-222
6.90000	-222
6.90833	-222
6.91667	-222
6.92500	-222
6.93333	-222
6.94167	-222
6.95000	-221
6.95833	-221
6.96667	-221
6.97500	-221
6.98333	-221
6.99167	-221
7.00000	-220
7.00833	-220
7.01667	-220
7.02500	-219
7.03333	-219
7.04167	-217
7.05000	-216
7.05833	-216
7.06667	-215
7.07500	-213
7.08333	-211
7.09167	-209
7.10000	-206
7.10833	-202
7.11667	-196
7.12500	-190
7.13333	-182
7.14167	-173
7.15000	-163
7.15833	-151
7.16667	-136
7.17500	-120
7.18333	-103
7.19167	-83
7.20000	-62
7.20833	-38
7.21667	-13
7.22500	13
7.23333	40
7.24167	68
7.25000	97
7.25833	124
7.26667	151
7.27500	174
7.28333	193
7.29167	205
7.30000	209
7.30833	204
7.31667	190
7.32500	167
7.33333	138
7.34167	109
7.35000	89
7.35833	89
7.36667	123
7.37500	207
7.38333	362
7.39167	607
7.40000	961
7.40833	1443
7.41667	2069
7.42500	2850
7.43333	3792
7.44167	4895
7.45000	6153
7.45833	7548
7.46667	9055
7.47500	10638
7.48333	12250
7.49167	13837
7.50000	15336
7.50833	16683
7.51667	17813
7.52500	18671
7.53333	19214
7.54167	19420
7.55000	19285
7.55833	18826
7.56667	18081
7.57500	17100
7.58333	15943
7.59167	14672
7.60000	13348
7.60833	12024
7.61667	10743
7.62500	9538
7.63333	8432
7.64167	7438
7.65000	6560
7.65833	5797
7.66667	5141
7.67500	4582
7.68333	4110
7.69167	3711
7.70000	3374
7.70833	3088
7.71667	2844
7.72500	2633
7.73333	2448
7.74167	2285
7.75000	2139
7.75833	2007
7.76667	1886
7.77500	1776
7.78333	1673
7.79167	1578
7.80000	1489
7.80833	1406
7.81667	1326
7.82500	1251
7.83333	1178
7.84167	1109
7.85000	1041
7.85833	976
7.86667	913
7.87500	852
7.88333	794
7.89167	738
7.90000	684
7.90833	633
7.91667	586
7.92500	541
7.93333	500
7.94167	463
7.95000	430
7.95833	402
7.96667	378
7.97500	357
7.98333	341
7.99167	327
8.00000	317
8.00833	309
8.01667	303
8.02500	298
8.03333	293
8.04167	290
8.05000	286
8.05833	281
8.06667	275
8.07500	268
8.08333	259
8.09167	250
8.10000	239
8.10833	227
8.11667	214
8.12500	200
8.13333	186
8.14167	173
8.15000	159
8.15833	146
8.16667	132
8.17500	120
8.18333	107
8.19167	96
8.20000	85
8.20833	75
8.21667	66
8.22500	57
8.23333	49
8.24167	42
8.25000	36
8.25833	30
8.26667	25
8.27500	21
8.28333	17
8.29167	13
8.30000	10
8.30833	7
8.31667	5
8.32500	2
8.33333	0
8.34167	-2
8.35000	-4
8.35833	-6
8.36667	-8
8.37500	-9
8.38333	-9
8.39167	-11
8.40000	-12
8.40833	-13
8.41667	-15
8.42500	-16
8.43333	-17
8.44167	-19
8.45000	-21
8.45833	-22
8.46667	-23
8.47500	-24
8.48333	-26
8.49167	-28
8.50000	-30
8.50833	-31
8.51667	-32
8.52500	-34
8.53333	-35
8.54167	-36
8.55000	-37
8.55833	-37
8.56667	-38
8.57500	-38
8.58333	-39
8.59167	-38
8.60000	-38
8.60833	-38
8.61667	-37
8.62500	-36
8.63333	-35
8.64167	-34
8.65000	-32
8.65833	-30
8.66667	-27
8.67500	-24
8.68333	-20
8.69167	-16
8.70000	-11
8.70833	-5
8.71667	1
8.72500	7
8.73333	14
8.74167	20
8.75000	26
8.75833	33
8.76667	40
8.77500	47
8.78333	54
8.79167	60
8.80000	66
8.80833	72
8.81667	78
8.82500	84
8.83333	91
8.84167	99
8.85000	108
8.85833	119
8.86667	133
8.87500	150
8.88333	170
8.89167	195
8.90000	225
8.90833	261
8.91667	305
8.92500	356
8.93333	416
8.94167	485
8.95000	563
8.95833	651
8.96667	748
8.97500	854
8.98333	967
8.99167	1086
9.00000	1210
9.00833	1335
9.01667	1460
9.02500	1582
9.03333	1699
9.04167	1809
9.05000	1908
9.05833	1996
9.06667	2068
9.07500	2124
9.08333	2163
9.09167	2185
9.10000	2190
9.10833	2177
9.11667	2148
9.12500	2104
9.13333	2046
9.14167	1976
9.15000	1896
9.15833	1809
9.16667	1715
9.17500	1617
9.18333	1517
9.19167	1416
9.20000	1316
9.20833	1218
9.21667	1124
9.22500	1034
9.23333	949
9.24167	870
9.25000	796
9.25833	728
9.26667	666
9.27500	610
9.28333	559
9.29167	513
9.30000	473
9.30833	438
9.31667	407
9.32500	380
9.33333	358
9.34167	338
9.35000	322
9.35833	310
9.36667	301
9.37500	295
9.38333	293
9.39167	295
9.40000	302
9.40833	313
9.41667	330
9.42500	354
9.43333	386
9.44167	427
9.45000	480
9.45833	548
9.46667	632
9.47500	736
9.48333	865
9.49167	1022
9.50000	1213
9.50833	1443
9.51667	1716
9.52500	2038
9.53333	2413
9.54167	2847
9.55000	3343
9.55833	3903
9.56667	4529
9.57500	5220
9.58333	5974
9.59167	6786
9.60000	7651
9.60833	8560
9.61667	9502
9.62500	10466
9.63333	11438
9.64167	12403
9.65000	13347
9.65833	14253
9.66667	15108
9.67500	15897
9.68333	16608
9.69167	17232
9.70000	17759
9.70833	18184
9.71667	18505
9.72500	18722
9.73333	18837
9.74167	18857
9.75000	18788
9.75833	18641
9.76667	18427
9.77500	18157
9.78333	17845
9.79167	17502
9.80000	17143
9.80833	16780
9.81667	16423
9.82500	16083
9.83333	15769
9.84167	15488
9.85000	15247
9.85833	15052
9.86667	14905
9.87500	14810
9.88333	14767
9.89167	14777
9.90000	14840
9.90833	14954
9.91667	15118
9.92500	15330
9.93333	15587
9.94167	15886
9.95000	16224
9.95833	16597
9.96667	17003
9.97500	17439
9.98333	17900
9.99167	18383
10.00000	18886
10.00833	19403
10.01667	19932
10.02500	20468
10.03333	21004
10.04167	21531
10.05000	22035
10.05833	22498
10.06667	22893
10.07500	23188
10.08333	23345
10.09167	23325
10.10000	23094
10.10833	22625
10.11667	21907
10.12500	20947
10.13333	19771
10.14167	18418
10.15000	16938
10.15833	15389
10.16667	13824
10.17500	12293
10.18333	10835
10.19167	9479
10.20000	8245
10.20833	7140
10.21667	6166
10.22500	5319
10.23333	4589
10.24167	3965
10.25000	3435
10.25833	2988
10.26667	2611
10.27500	2293
10.28333	2026
10.29167	1800
10.30000	1609
10.30833	1447
10.31667	1307
10.32500	1187
10.33333	1083
10.34167	991
10.35000	910
10.35833	838
10.36667	774
10.37500	715
10.38333	662
10.39167	613
10.40000	569
10.40833	527
10.41667	489
10.42500	454
10.43333	422
10.44167	393
10.45000	367
10.45833	344
10.46667	324
10.47500	306
10.48333	292
10.49167	279
10.50000	270
10.50833	263
10.51667	260
10.52500	259
10.53333	261
10.54167	266
10.55000	272
10.55833	281
10.56667	292
10.57500	304
10.58333	316
10.59167	329
10.60000	341
10.60833	353
10.61667	363
10.62500	373
10.63333	380
10.64167	385
10.65000	387
10.65833	386
10.66667	383
10.67500	378
10.68333	369
10.69167	358
10.70000	344
10.70833	328
10.71667	311
10.72500	292
10.73333	273
10.74167	253
10.75000	232
10.75833	212
10.76667	192
10.77500	173
10.78333	155
10.79167	138
10.80000	122
10.80833	108
10.81667	95
10.82500	83
10.83333	73
10.84167	64
10.85000	56
10.85833	49
10.86667	44
10.87500	38
10.88333	34
10.89167	30
10.90000	27
10.90833	24
10.91667	21
10.92500	17
10.93333	14
10.94167	11
10.95000	7
10.95833	2
10.96667	-2
10.97500	-7
10.98333	-11
10.99167	-16
11.00000	-20
11.00833	-25
11.01667	-29
11.02500	-33
11.03333	-37
11.04167	-40
11.05000	-43
11.05833	-46
11.06667	-48
11.07500	-50
11.08333	-51
11.09167	-51
11.10000	-51
11.10833	-49
11.11667	-47
11.12500	-43
11.13333	-39
11.14167	-33
11.15000	-27
11.15833	-21
11.16667	-13
11.17500	-5
11.18333	4
11.19167	14
11.20000	24
11.20833	35
11.21667	45
11.22500	55
11.23333	65
11.24167	74
11.25000	82
11.25833	89
11.26667	96
11.27500	100
11.28333	104
11.29167	107
11.30000	108
11.30833	108
11.31667	107
11.32500	105
11.33333	102
11.34167	98
11.35000	93
11.35833	87
11.36667	81
11.37500	75
11.38333	69
11.39167	61
11.40000	54
11.40833	47
11.41667	40
11.42500	33
11.43333	27
11.44167	21
11.45000	15
11.45833	9
11.46667	4
11.47500	-1
11.48333	-5
11.49167	-9
11.50000	-13
11.50833	-16
11.51667	-19
11.52500	-22
11.53333	-25
11.54167	-27
11.55000	-30
11.55833	-32
11.56667	-34
11.57500	-35
11.58333	-37
11.59167	-38
11.60000	-40
11.60833	-41
11.61667	-42
11.62500	-43
11.63333	-44
11.64167	-44
11.65000	-45
11.65833	-46
11.66667	-46
11.67500	-46
11.68333	-46
11.69167	-45
11.70000	-44
11.70833	-44
11.71667	-42
11.72500	-41
11.73333	-39
11.74167	-37
11.75000	-35
11.75833	-34
11.76667	-32
11.77500	-31
11.78333	-29
11.79167	-28
11.80000	-28
11.80833	-28
11.81667	-29
11.82500	-30
11.83333	-32
11.84167	-34
11.85000	-37
11.85833	-40
11.86667	-44
11.87500	-48
11.88333	-52
11.89167	-56
11.90000	-60
11.90833	-65
11.91667	-69
11.92500	-74
11.93333	-79
11.94167	-83
11.95000	-88
11.95833	-93
11.96667	-97
11.97500	-100
11.98333	-104
11.99167	-106
12.00000	-109
12.00833	-111
12.01667	-113
12.02500	-115
12.03333	-117
12.04167	-118
12.05000	-119
12.05833	-120
12.06667	-121
12.07500	-122
12.08333	-122
12.09167	-122
12.10000	-122
12.10833	-122
12.11667	-122
12.12500	-122
12.13333	-121
12.14167	-121
12.15000	-121
12.15833	-121
12.16667	-121
12.17500	-121
12.18333	-120
12.19167	-120
12.20000	-120
12.20833	-120
12.21667	-119
12.22500	-119
12.23333	-119
12.24167	-119
12.25000	-120
12.25833	-120
12.26667	-121
12.27500	-122
12.28333	-122
12.29167	-123
12.30000	-124
12.30833	-126
12.31667	-127
12.32500	-129
12.33333	-131
12.34167	-133
12.35000	-135
12.35833	-137
12.36667	-139
12.37500	-141
12.38333	-143
12.39167	-145
12.40000	-147
12.40833	-149
12.41667	-151
12.42500	-153
12.43333	-155
12.44167	-156
12.45000	-158
12.45833	-159
12.46667	-161
12.47500	-162
12.48333	-162
12.49167	-163
12.50000	-163
12.50833	-164
12.51667	-164
12.52500	-165
12.53333	-165
12.54167	-164
12.55000	-164
12.55833	-164
12.56667	-163
12.57500	-163
12.58333	-162
12.59167	-161
12.60000	-160
12.60833	-159
12.61667	-158
12.62500	-157
12.63333	-156
12.64167	-154
12.65000	-153
12.65833	-151
12.66667	-150
12.67500	-148
12.68333	-147
12.69167	-145
12.70000	-144
12.70833	-143
12.71667	-141
12.72500	-140
12.73333	-139
12.74167	-138
12.75000	-137
12.75833	-136
12.76667	-135
12.77500	-135
12.78333	-135
12.79167	-135
12.80000	-135
12.80833	-135
12.81667	-135
12.82500	-135
12.83333	-135
12.84167	-135
12.85000	-135
12.85833	-135
12.86667	-136
12.87500	-136
12.88333	-136
12.89167	-135
12.90000	-135
12.90833	-135
12.91667	-134
12.92500	-134
12.93333	-134
12.94167	-133
12.95000	-132
12.95833	-131
12.96667	-130
12.97500	-128
12.98333	-127
12.99167	-126
13.00000	-124
13.00833	-123
13.01667	-122
13.02500	-121
13.03333	-120
13.04167	-118
13.05000	-117
13.05833	-116
13.06667	-115
13.07500	-114
13.08333	-113
13.09167	-112
13.10000	-112
13.10833	-111
13.11667	-111
13.12500	-111
13.13333	-111
13.14167	-111
13.15000	-111
13.15833	-112
13.16667	-112
13.17500	-113
13.18333	-113
13.19167	-113
13.20000	-114
13.20833	-114
13.21667	-115
13.22500	-115
13.23333	-116
13.24167	-116
13.25000	-116
13.25833	-116
13.26667	-116
13.27500	-116
13.28333	-116
13.29167	-116
13.30000	-116
13.30833	-116
13.31667	-116
13.32500	-115
13.33333	-115
13.34167	-115
13.35000	-114
13.35833	-114
13.36667	-113
13.37500	-112
13.38333	-111
13.39167	-110
13.40000	-109
13.40833	-108
13.41667	-107
13.42500	-106
13.43333	-105
13.44167	-103
13.45000	-102
13.45833	-100
13.46667	-98
13.47500	-97
13.48333	-94
13.49167	-92
13.50000	-90
13.50833	-87
13.51667	-84
13.52500	-80
13.53333	-76
13.54167	-72
13.55000	-67
13.55833	-61
13.56667	-54
13.57500	-46
13.58333	-38
13.59167	-30
13.60000	-20
13.60833	-9
13.61667	2
13.62500	14
13.63333	27
13.64167	41
13.65000	56
13.65833	71
13.66667	86
13.67500	102
13.68333	117
13.69167	133
13.70000	148
13.70833	163
13.71667	178
13.72500	191
13.73333	204
13.74167	215
13.75000	225
13.75833	233
13.76667	241
13.77500	247
13.78333	252
13.79167	256
13.80000	259
13.80833	261
13.81667	262
13.82500	263
13.83333	264
13.84167	265
13.85000	265
13.85833	266
13.86667	266
13.87500	268
13.88333	269
13.89167	271
13.90000	273
13.90833	275
13.91667	277
13.92500	279
13.93333	280
13.94167	282
13.95000	283
13.95833	284
13.96667	284
13.97500	283
13.98333	281
13.99167	278
14.00000	275
14.00833	271
14.01667	266
14.02500	260
14.03333	254
14.04167	246
14.05000	238
14.05833	229
14.06667	220
14.07500	211
14.08333	201
14.09167	191
14.10000	182
14.10833	172
14.11667	163
14.12500	154
14.13333	146
14.14167	138
14.15000	130
14.15833	122
14.16667	116
14.17500	109
14.18333	104
14.19167	98
14.20000	93
14.20833	89
14.21667	85
14.22500	82
14.23333	79
14.24167	77
14.25000	75
14.25833	73
14.26667	72
14.27500	71
14.28333	70
14.29167	70
14.30000	69
14.30833	69
14.31667	69
14.32500	70
14.33333	70
14.34167	71
14.35000	72
14.35833	73
14.36667	73
14.37500	74
14.38333	75
14.39167	76
14.40000	78
14.40833	79
14.41667	80
14.42500	82
14.43333	83
14.44167	84
14.45000	86
14.45833	87
14.46667	88
14.47500	89
14.48333	90
14.49167	92
14.50000	93
14.50833	94
14.51667	95
14.52500	96
14.53333	96
14.54167	96
14.55000	97
14.55833	97
14.56667	97
14.57500	97
14.58333	97
14.59167	96
14.60000	96
14.60833	96
14.61667	96
14.62500	96
14.63333	95
14.64167	95
14.65000	94
14.65833	93
14.66667	93
14.67500	92
14.68333	92
14.69167	91
14.70000	90
14.70833	90
14.71667	89
14.72500	88
14.73333	87
14.74167	87
14.75000	87
14.75833	86
14.76667	86
14.77500	85
14.78333	85
14.79167	84
14.80000	84
14.80833	84
14.81667	84
14.82500	83
14.83333	83
14.84167	83
14.85000	83
14.85833	83
14.86667	83
14.87500	84
14.88333	84
14.89167	85
14.90000	85
14.90833	86
14.91667	86
14.92500	88
14.93333	89
14.94167	91
14.95000	93
14.95833	95
14.96667	97
14.97500	99
14.98333	102
14.99167	106
15.00000	110
15.00833	116
15.01667	122
15.02500	129
15.03333	137
15.04167	146
15.05000	157
15.05833	169
15.06667	182
15.07500	198
15.08333	215
15.09167	234
15.10000	255
15.10833	280
15.11667	306
15.12500	335
15.13333	366
15.14167	400
15.15000	435
15.15833	472
15.16667	511
15.17500	552
15.18333	594
15.19167	636
15.20000	679
15.20833	721
15.21667	762
15.22500	801
15.23333	838
15.24167	873
15.25000	904
15.25833	932
15.26667	955
15.27500	974
15.28333	989
15.29167	998
15.30000	1002
15.30833	1001
15.31667	995
15.32500	983
15.33333	967
15.34167	947
15.35000	922
15.35833	894
15.36667	862
15.37500	827
15.38333	791
15.39167	752
15.40000	712
15.40833	671
15.41667	630
15.42500	589
15.43333	549
15.44167	509
15.45000	470
15.45833	432
15.46667	396
15.47500	361
15.48333	328
15.49167	297
15.50000	268
15.50833	240
15.51667	215
15.52500	191
15.53333	169
15.54167	149
15.55000	130
15.55833	113
15.56667	96
15.57500	82
15.58333	68
15.59167	56
15.60000	45
15.60833	35
15.61667	26
15.62500	18
15.63333	10
15.64167	4
15.65000	-2
15.65833	-7
15.66667	-11
15.67500	-14
15.68333	-17
15.69167	-19
15.70000	-19
15.70833	-19
15.71667	-19
15.72500	-18
15.73333	-15
15.74167	-12
15.75000	-9
15.75833	-4
15.76667	2
15.77500	9
15.78333	17
15.79167	26
15.80000	37
15.80833	49
15.81667	63
15.82500	79
15.83333	96
15.84167	116
15.85000	137
15.85833	162
15.86667	189
15.87500	220
15.88333	255
15.89167	293
15.90000	337
15.90833	386
15.91667	441
15.92500	502
15.93333	570
15.94167	646
15.95000	729
15.95833	821
15.96667	921
15.97500	1031
15.98333	1149
15.99167	1277
16.00000	1413
16.00833	1558
16.01667	1710
16.02500	1869
16.03333	2035
16.04167	2205
16.05000	2379
16.05833	2553
16.06667	2728
16.07500	2900
16.08333	3067
16.09167	3228
16.10000	3381
16.10833	3523
16.11667	3652
16.12500	3766
16.13333	3865
16.14167	3947
16.15000	4010
16.15833	4053
16.16667	4077
16.17500	4081
16.18333	4065
16.19167	4030
16.20000	3977
16.20833	3906
16.21667	3820
16.22500	3719
16.23333	3606
16.24167	3482
16.25000	3349
16.25833	3209
16.26667	3063
16.27500	2915
16.28333	2764
16.29167	2613
16.30000	2463
16.30833	2316
16.31667	2173
16.32500	2035
16.33333	1901
16.34167	1774
16.35000	1654
16.35833	1541
16.36667	1436
16.37500	1338
16.38333	1248
16.39167	1165
16.40000	1090
16.40833	1022
16.41667	961
16.42500	906
16.43333	858
16.44167	816
16.45000	779
16.45833	749
16.46667	723
16.47500	702
16.48333	686
16.49167	674
16.50000	666
16.50833	662
16.51667	661
16.52500	664
16.53333	668
16.54167	675
16.55000	685
16.55833	696
16.56667	708
16.57500	721
16.58333	735
16.59167	749
16.60000	762
16.60833	775
16.61667	787
16.62500	797
16.63333	806
16.64167	813
16.65000	817
16.65833	818
16.66667	817
16.67500	813
16.68333	807
16.69167	797
16.70000	785
16.70833	770
16.71667	752
16.72500	732
16.73333	709
16.74167	684
16.75000	657
16.75833	629
16.76667	600
16.77500	570
16.78333	539
16.79167	508
16.80000	476
16.80833	445
16.81667	414
16.82500	383
16.83333	353
16.84167	324
16.85000	296
16.85833	269
16.86667	244
16.87500	219
16.88333	196
16.89167	174
16.90000	153
16.90833	134
16.91667	116
16.92500	99
16.93333	83
16.94167	68
16.95000	54
16.95833	42
16.96667	30
16.97500	20
16.98333	10
16.99167	1
17.00000	-8
17.00833	-16
17.01667	-24
17.02500	-31
17.03333	-37
17.04167	-44
17.05000	-50
17.05833	-55
17.06667	-59
17.07500	-64
17.08333	-68
17.09167	-72
17.10000	-76
17.10833	-79
17.11667	-83
17.12500	-86
17.13333	-89
17.14167	-91
17.15000	-94
17.15833	-96
17.16667	-99
17.17500	-101
17.18333	-103
17.19167	-105
17.20000	-106
17.20833	-108
17.21667	-109
17.22500	-111
17.23333	-113
17.24167	-115
17.25000	-116
17.25833	-118
17.26667	-119
17.27500	-120
17.28333	-120
17.29167	-121
17.30000	-122
17.30833	-122
17.31667	-122
17.32500	-123
17.33333	-123
17.34167	-123
17.35000	-123
17.35833	-124
17.36667	-124
17.37500	-124
17.38333	-124
17.39167	-124
17.40000	-124
17.40833	-123
17.41667	-123
17.42500	-123
17.43333	-123
17.44167	-123
17.45000	-123
17.45833	-122
17.46667	-122
17.47500	-121
17.48333	-120
17.49167	-119
17.50000	-118
17.50833	-117
17.51667	-116
17.52500	-114
17.53333	-113
17.54167	-112
17.55000	-110
17.55833	-107
17.56667	-105
17.57500	-102
17.58333	-99
17.59167	-96
17.60000	-93
17.60833	-90
17.61667	-86
17.62500	-81
17.63333	-76
17.64167	-71
17.65000	-65
17.65833	-58
17.66667	-51
17.67500	-43
17.68333	-34
17.69167	-25
17.70000	-14
17.70833	-3
17.71667	10
17.72500	24
17.73333	40
17.74167	57
17.75000	75
17.75833	96
17.76667	119
17.77500	144
17.78333	171
17.79167	201
17.80000	234
17.80833	271
17.81667	311
17.82500	355
17.83333	404
17.84167	458
17.85000	518
17.85833	584
17.86667	656
17.87500	735
17.88333	822
17.89167	917
17.90000	1021
17.90833	1135
17.91667	1258
17.92500	1390
17.93333	1533
17.94167	1687
17.95000	1851
17.95833	2025
17.96667	2209
17.97500	2402
17.98333	2604
17.99167	2814
18.00000	3031
18.00833	3254
18.01667	3480
18.02500	3708
18.03333	3937
18.04167	4164
18.05000	4387
18.05833	4604
18.06667	4812
18.07500	5010
18.08333	5195
18.09167	5365
18.10000	5518
18.10833	5653
18.11667	5767
18.12500	5860
18.13333	5930
18.14167	5977
18.15000	6001
18.15833	6001
18.16667	5978
18.17500	5931
18.18333	5862
18.19167	5772
18.20000	5662
18.20833	5534
18.21667	5390
18.22500	5232
18.23333	5060
18.24167	4878
18.25000	4687
18.25833	4490
18.26667	4287
18.27500	4082
18.28333	3875
18.29167	3669
18.30000	3464
18.30833	3263
18.31667	3065
18.32500	2874
18.33333	2688
18.34167	2510
18.35000	2338
18.35833	2175
18.36667	2020
18.37500	1873
18.38333	1735
18.39167	1605
18.40000	1482
18.40833	1368
18.41667	1261
18.42500	1162
18.43333	1070
18.44167	985
18.45000	906
18.45833	833
18.46667	766
18.47500	704
18.48333	647
18.49167	595
18.50000	547
18.50833	503
18.51667	463
18.52500	426
18.53333	392
18.54167	361
18.55000	332
18.55833	306
18.56667	283
18.57500	261
18.58333	242
18.59167	224
18.60000	208
18.60833	194
18.61667	181
18.62500	170
18.63333	160
18.64167	152
18.65000	144
18.65833	138
18.66667	133
18.67500	129
18.68333	127
18.69167	126
18.70000	126
18.70833	127
18.71667	128
18.72500	131
18.73333	135
18.74167	140
18.75000	145
18.75833	151
18.76667	158
18.77500	165
18.78333	173
18.79167	182
18.80000	191
18.80833	200
18.81667	209
18.82500	219
18.83333	229
18.84167	238
18.85000	247
18.85833	256
18.86667	265
18.87500	273
18.88333	281
18.89167	288
18.90000	294
18.90833	299
18.91667	303
18.92500	306
18.93333	309
18.94167	310
18.95000	311
18.95833	310
18.96667	308
18.97500	306
18.98333	302
18.99167	297
19.00000	292
19.00833	285
19.01667	278
19.02500	271
19.03333	263
19.04167	254
19.05000	245
19.05833	235
19.06667	225
19.07500	215
19.08333	205
19.09167	195
19.10000	185
19.10833	174
19.11667	164
19.12500	155
19.13333	146
19.14167	137
19.15000	128
19.15833	119
19.16667	111
19.17500	103
19.18333	96
19.19167	89
19.20000	83
19.20833	77
19.21667	71
19.22500	66
19.23333	61
19.24167	57
19.25000	53
19.25833	49
19.26667	46
19.27500	43
19.28333	40
19.29167	38
19.30000	36
19.30833	35
19.31667	34
19.32500	33
19.33333	32
19.34167	31
19.35000	30
19.35833	30
19.36667	30
19.37500	30
19.38333	31
19.39167	31
19.40000	32
19.40833	32
19.41667	32
19.42500	33
19.43333	34
19.44167	35
19.45000	36
19.45833	37
19.46667	38
19.47500	39
19.48333	40
19.49167	41
19.50000	42
19.50833	43
19.51667	44
19.52500	45
19.53333	46
19.54167	46
19.55000	47
19.55833	48
19.56667	48
19.57500	49
19.58333	50
19.59167	50
19.60000	51
19.60833	51
19.61667	51
19.62500	51
19.63333	52
19.64167	52
19.65000	53
19.65833	53
19.66667	54
19.67500	54
19.68333	55
19.69167	55
19.70000	55
19.70833	56
19.71667	56
19.72500	57
19.73333	57
19.74167	58
19.75000	58
19.75833	58
19.76667	58
19.77500	58
19.78333	59
19.79167	59
19.80000	60
19.80833	60
19.81667	60
19.82500	60
19.83333	60
19.84167	61
19.85000	61
19.85833	61
19.86667	61
19.87500	61
19.88333	62
19.89167	62
19.90000	63
19.90833	63
19.91667	64
19.92500	65
19.93333	65
19.94167	65
19.95000	65
19.95833	66
19.96667	66
19.97500	67
19.98333	67
19.99167	68
20.00000	68
20.00833	68
20.01667	69
20.02500	70
20.03333	70
20.04167	71
20.05000	72
20.05833	73
20.06667	73
20.07500	74
20.08333	74
20.09167	75
20.10000	75
20.10833	76
20.11667	77
20.12500	78
20.13333	79
20.14167	80
20.15000	81
20.15833	82
20.16667	83
20.17500	84
20.18333	85
20.19167	86
20.20000	87
20.20833	88
20.21667	89
20.22500	91
20.23333	92
20.24167	93
20.25000	94
20.25833	95
20.26667	97
20.27500	99
20.28333	100
20.29167	102
20.30000	103
20.30833	105
20.31667	106
20.32500	108
20.33333	109
20.34167	112
20.35000	113
20.35833	115
20.36667	118
20.37500	120
20.38333	123
20.39167	125
20.40000	128
20.40833	131
20.41667	134
20.42500	137
20.43333	141
20.44167	145
20.45000	148
20.45833	152
20.46667	157
20.47500	161
20.48333	166
20.49167	171
20.50000	177
20.50833	182
20.51667	188
20.52500	195
20.53333	202
20.54167	209
20.55000	217
20.55833	226
20.56667	235
20.57500	245
20.58333	256
20.59167	268
20.60000	280
20.60833	293
20.61667	307
20.62500	323
20.63333	339
20.64167	356
20.65000	374
20.65833	394
20.66667	415
20.67500	437
20.68333	460
20.69167	484
20.70000	510
20.70833	537
20.71667	566
20.72500	596
20.73333	627
20.74167	659
20.75000	692
20.75833	726
20.76667	762
20.77500	798
20.78333	835
20.79167	873
20.80000	911
20.80833	950
20.81667	989
20.82500	1029
20.83333	1068
20.84167	1106
20.85000	1145
20.85833	1183
20.86667	1220
20.87500	1258
20.88333	1294
20.89167	1330
20.90000	1365
20.90833	1399
20.91667	1432
20.92500	1464
20.93333	1495
20.94167	1525
20.95000	1555
20.95833	1585
20.96667	1613
20.97500	1641
20.98333	1669
20.99167	1697
21.00000	1725
21.00833	1753
21.01667	1782
21.02500	1812
21.03333	1843
21.04167	1875
21.05000	1909
21.05833	1945
21.06667	1983
21.07500	2025
21.08333	2070
21.09167	2118
21.10000	2170
21.10833	2226
21.11667	2287
21.12500	2354
21.13333	2427
21.14167	2507
21.15000	2594
21.15833	2689
21.16667	2792
21.17500	2905
21.18333	3027
21.19167	3160
21.20000	3304
21.20833	3459
21.21667	3627
21.22500	3807
21.23333	4001
21.24167	4209
21.25000	4431
21.25833	4667
21.26667	4918
21.27500	5183
21.28333	5462
21.29167	5755
21.30000	6062
21.30833	6382
21.31667	6714
21.32500	7057
21.33333	7409
21.34167	7771
21.35000	8139
21.35833	8514
21.36667	8892
21.37500	9271
21.38333	9650
21.39167	10026
21.40000	10397
21.40833	10761
21.41667	11115
21.42500	11457
21.43333	11784
21.44167	12095
21.45000	12387
21.45833	12658
21.46667	12905
21.47500	13128
21.48333	13324
21.49167	13492
21.50000	13632
21.50833	13741
21.51667	13820
21.52500	13867
21.53333	13883
21.54167	13869
21.55000	13823
21.55833	13748
21.56667	13642
21.57500	13509
21.58333	13348
21.59167	13161
21.60000	12949
21.60833	12715
21.61667	12461
21.62500	12187
21.63333	11896
21.64167	11590
21.65000	11271
21.65833	10941
21.66667	10603
21.67500	10257
21.68333	9906
21.69167	9551
21.70000	9194
21.70833	8838
21.71667	8483
21.72500	8131
21.73333	7784
21.74167	7442
21.75000	7107
21.75833	6779
21.76667	6459
21.77500	6148
21.78333	5847
21.79167	5555
21.80000	5274
21.80833	5004
21.81667	4745
21.82500	4496
21.83333	4259
21.84167	4031
21.85000	3815
21.85833	3609
21.86667	3414
21.87500	3229
21.88333	3053
21.89167	2887
21.90000	2730
21.90833	2581
21.91667	2441
21.92500	2309
21.93333	2184
21.94167	2066
21.95000	1956
21.95833	1852
21.96667	1754
21.97500	1662
21.98333	1576
21.99167	1495
22.00000	1420
22.00833	1348
22.01667	1281
22.02500	1218
22.03333	1160
22.04167	1105
22.05000	1053
22.05833	1005
22.06667	959
22.07500	916
22.08333	877
22.09167	841
22.10000	807
22.10833	774
22.11667	744
22.12500	717
22.13333	691
22.14167	667
22.15000	645
22.15833	625
22.16667	607
22.17500	590
22.18333	574
22.19167	560
22.20000	547
22.20833	536
22.21667	525
22.22500	515
22.23333	506
22.24167	497
22.25000	491
22.25833	485
22.26667	479
22.27500	475
22.28333	471
22.29167	468
22.30000	464
22.30833	462
22.31667	459
22.32500	457
22.33333	455
22.34167	453
22.35000	452
22.35833	450
22.36667	449
22.37500	449
22.38333	448
22.39167	447
22.40000	446
22.40833	445
22.41667	444
22.42500	442
22.43333	441
22.44167	439
22.45000	438
22.45833	435
22.46667	432
22.47500	429
22.48333	426
22.49167	422
22.50000	419
22.50833	414
22.51667	410
22.52500	406
22.53333	401
22.54167	396
22.55000	391
22.55833	385
22.56667	379
22.57500	373
22.58333	367
22.59167	361
22.60000	355
22.60833	349
22.61667	343
22.62500	336
22.63333	330
22.64167	323
22.65000	316
22.65833	310
22.66667	303
22.67500	297
22.68333	290
22.69167	284
22.70000	278
22.70833	272
22.71667	266
22.72500	261
22.73333	256
22.74167	250
22.75000	245
22.75833	240
22.76667	236
22.77500	231
22.78333	228
22.79167	224
22.80000	222
22.80833	219
22.81667	217
22.82500	215
22.83333	213
22.84167	212
22.85000	211
22.85833	210
22.86667	210
22.87500	210
22.88333	210
22.89167	210
22.90000	211
22.90833	213
22.91667	214
22.92500	216
22.93333	217
22.94167	219
22.95000	222
22.95833	224
22.96667	227
22.97500	229
22.98333	231
22.99167	234
23.00000	236
23.00833	239
23.01667	242
23.02500	245
23.03333	248
23.04167	251
23.05000	254
23.05833	257
23.06667	259
23.07500	262
23.08333	264
23.09167	267
23.10000	269
23.10833	272
23.11667	274
23.12500	275
23.13333	277
23.14167	279
23.15000	280
23.15833	281
23.16667	282
23.17500	283
23.18333	284
23.19167	285
23.20000	286
23.20833	287
23.21667	288
23.22500	288
23.23333	288
23.24167	289
23.25000	289
23.25833	289
23.26667	289
23.27500	289
23.28333	289
23.29167	289
23.30000	288
23.30833	288
23.31667	287
23.32500	287
23.33333	286
23.34167	286
23.35000	285
23.35833	284
23.36667	284
23.37500	284
23.38333	284
23.39167	284
23.40000	284
23.40833	284
23.41667	283
23.42500	282
23.43333	282
23.44167	281
23.45000	280
23.45833	279
23.46667	279
23.47500	278
23.48333	278
23.49167	277
23.50000	277
23.50833	277
23.51667	277
23.52500	276
23.53333	276
23.54167	275
23.55000	275
23.55833	274
23.56667	274
23.57500	274
23.58333	274
23.59167	274
23.60000	274
23.60833	273
23.61667	273
23.62500	273
23.63333	273
23.64167	273
23.65000	274
23.65833	274
23.66667	274
23.67500	274
23.68333	273
23.69167	273
23.70000	273
23.70833	273
23.71667	273
23.72500	273
23.73333	273
23.74167	273
23.75000	272
23.75833	272
23.76667	272
23.77500	272
23.78333	272
23.79167	273
23.80000	273
23.80833	274
23.81667	273
23.82500	273
23.83333	273
23.84167	273
23.85000	273
23.85833	273
23.86667	273
23.87500	272
23.88333	272
23.89167	273
23.90000	273
23.90833	273
23.91667	273
23.92500	273
23.93333	273
23.94167	273
23.95000	273
23.95833	273
23.96667	273
23.97500	273
23.98333	273
23.99167	273
24.00000	274
24.00833	274
24.01667	274
24.02500	274
24.03333	274
24.04167	274
24.05000	273
24.05833	273
24.06667	273
24.07500	273
24.08333	273
24.09167	273
24.10000	272
24.10833	272
24.11667	271
24.12500	270
24.13333	270
24.14167	269
24.15000	268
24.15833	268
24.16667	267
24.17500	266
24.18333	265
24.19167	264
24.20000	262
24.20833	261
24.21667	259
24.22500	258
24.23333	256
24.24167	255
24.25000	253
24.25833	251
24.26667	250
24.27500	248
24.28333	246
24.29167	244
24.30000	242
24.30833	240
24.31667	238
24.32500	236
24.33333	235
24.34167	233
24.35000	231
24.35833	229
24.36667	227
24.37500	226
24.38333	224
24.39167	222
24.40000	220
24.40833	218
24.41667	217
24.42500	215
24.43333	214
24.44167	212
24.45000	210
24.45833	209
24.46667	207
24.47500	206
24.48333	204
24.49167	203
24.50000	202
24.50833	202
24.51667	201
24.52500	199
24.53333	198
24.54167	197
24.55000	196
24.55833	195
24.56667	194
24.57500	194
24.58333	193
24.59167	193
24.60000	193
24.60833	193
24.61667	193
24.62500	193
24.63333	193
24.64167	193
24.65000	193
24.65833	193
24.66667	194
24.67500	194
24.68333	194
24.69167	194
24.70000	194
24.70833	194
24.71667	194
24.72500	194
24.73333	194
24.74167	194
24.75000	195
24.75833	195
24.76667	195
24.77500	195
24.78333	196
24.79167	196
24.80000	196
24.80833	196
24.81667	196
24.82500	197
24.83333	197
24.84167	197
24.85000	197
24.85833	198
24.86667	198
24.87500	198
24.88333	198
24.89167	198
24.90000	198
24.90833	197
24.91667	197
24.92500	197
24.93333	197
24.94167	197
24.95000	197
24.95833	197
24.96667	197
24.97500	197
24.98333	197
24.99167	197
25.00000	196
25.00833	196
25.01667	196
25.02500	196
25.03333	196
25.04167	196
25.05000	196
25.05833	195
25.06667	194
25.07500	194
25.08333	194
25.09167	193
25.10000	193
25.10833	193
25.11667	192
25.12500	192
25.13333	191
25.14167	191
25.15000	190
25.15833	190
25.16667	189
25.17500	189
25.18333	188
25.19167	188
25.20000	189
25.20833	189
25.21667	188
25.22500	188
25.23333	187
25.24167	187
25.25000	187
25.25833	187
25.26667	187
25.27500	186
25.28333	186
25.29167	186
25.30000	186
25.30833	186
25.31667	186
25.32500	186
25.33333	186
25.34167	186
25.35000	186
25.35833	186
25.36667	186
25.37500	186
25.38333	186
25.39167	186
25.40000	186
25.40833	186
25.41667	186
25.42500	186
25.43333	186
25.44167	186
25.45000	187
25.45833	187
25.46667	187
25.47500	188
25.48333	189
25.49167	189
25.50000	189
25.50833	189
25.51667	189
25.52500	189
25.53333	190
25.54167	190
25.55000	191
25.55833	191
25.56667	192
25.57500	192
25.58333	193
25.59167	193
25.60000	194
25.60833	194
25.61667	195
25.62500	195
25.63333	196
25.64167	196
25.65000	197
25.65833	197
25.66667	197
25.67500	198
25.68333	198
25.69167	199
25.70000	199
25.70833	200
25.71667	200
25.72500	201
25.73333	201
25.74167	202
25.75000	202
25.75833	202
25.76667	203
25.77500	204
25.78333	204
25.79167	205
25.80000	205
25.80833	206
25.81667	206
25.82500	207
25.83333	208
25.84167	208
25.85000	209
25.85833	210
25.86667	211
25.87500	212
25.88333	213
25.89167	214
25.90000	216
25.90833	217
25.91667	218
25.92500	220
25.93333	222
25.94167	223
25.95000	225
25.95833	227
25.96667	229
25.97500	232
25.98333	234
25.99167	237
26.00000	240
26.00833	243
26.01667	247
26.02500	252
26.03333	256
26.04167	261
26.05000	266
26.05833	271
26.06667	277
26.07500	283
26.08333	289
26.09167	296
26.10000	303
26.10833	311
26.11667	318
26.12500	326
26.13333	335
26.14167	345
26.15000	356
26.15833	367
26.16667	379
26.17500	391
26.18333	405
26.19167	418
26.20000	433
26.20833	449
26.21667	466
26.22500	483
26.23333	501
26.24167	519
26.25000	539
26.25833	560
26.26667	582
26.27500	604
26.28333	627
26.29167	650
26.30000	675
26.30833	700
26.31667	726
26.32500	753
26.33333	779
26.34167	807
26.35000	835
26.35833	862
26.36667	890
26.37500	918
26.38333	946
26.39167	974
26.40000	1001
26.40833	1028
26.41667	1054
26.42500	1080
26.43333	1105
26.44167	1129
26.45000	1152
26.45833	1174
26.46667	1194
26.47500	1213
26.48333	1231
26.49167	1246
26.50000	1260
26.50833	1272
26.51667	1282
26.52500	1290
26.53333	1296
26.54167	1300
26.55000	1303
26.55833	1303
26.56667	1302
26.57500	1298
26.58333	1292
26.59167	1284
26.60000	1274
26.60833	1262
26.61667	1249
26.62500	1233
26.63333	1216
26.64167	1198
26.65000	1178
26.65833	1157
26.66667	1135
26.67500	1112
26.68333	1087
26.69167	1063
26.70000	1037
26.70833	1011
26.71667	984
26.72500	957
26.73333	930
26.74167	904
26.75000	877
26.75833	851
26.76667	824
26.77500	797
26.78333	771
26.79167	744
26.80000	719
26.80833	694
26.81667	669
26.82500	645
26.83333	622
26.84167	599
26.85000	578
26.85833	557
26.86667	537
26.87500	518
26.88333	499
26.89167	480
26.90000	463
26.90833	446
26.91667	430
26.92500	415
26.93333	399
26.94167	385
26.95000	372
26.95833	359
26.96667	347
26.97500	335
26.98333	324
26.99167	314
27.00000	303
27.00833	293
27.01667	284
27.02500	275
27.03333	266
27.04167	258
27.05000	249
27.05833	241
27.06667	234
27.07500	227
27.08333	219
27.09167	212
27.10000	206
27.10833	199
27.11667	193
27.12500	186
27.13333	180
27.14167	175
27.15000	169
27.15833	164
27.16667	159
27.17500	154
27.18333	150
27.19167	145
27.20000	141
27.20833	136
27.21667	131
27.22500	127
27.23333	122
27.24167	118
27.25000	114
27.25833	110
27.26667	105
27.27500	101
27.28333	98
27.29167	94
27.30000	90
27.30833	87
27.31667	83
27.32500	80
27.33333	76
27.34167	73
27.35000	69
27.35833	66
27.36667	63
27.37500	60
27.38333	58
27.39167	55
27.40000	53
27.40833	50
27.41667	47
27.42500	45
27.43333	42
27.44167	40
27.45000	38
27.45833	36
27.46667	34
27.47500	31
27.48333	29
27.49167	27
27.50000	25
27.50833	23
27.51667	21
27.52500	19
27.53333	17
27.54167	15
27.55000	13
27.55833	12
27.56667	10
27.57500	9
27.58333	8
27.59167	7
27.60000	6
27.60833	4
27.61667	3
27.62500	2
27.63333	1
27.64167	0
27.65000	-1
27.65833	-2
27.66667	-3
27.67500	-4
27.68333	-5
27.69167	-5
27.70000	-6
27.70833	-7
27.71667	-8
27.72500	-9
27.73333	-10
27.74167	-11
27.75000	-12
27.75833	-13
27.76667	-14
27.77500	-15
27.78333	-16
27.79167	-17
27.80000	-18
27.80833	-18
27.81667	-19
27.82500	-20
27.83333	-21
27.84167	-22
27.85000	-23
27.85833	-24
27.86667	-25
27.87500	-26
27.88333	-26
27.89167	-27
27.90000	-28
27.90833	-28
27.91667	-29
27.92500	-29
27.93333	-30
27.94167	-31
27.95000	-32
27.95833	-32
27.96667	-33
27.97500	-34
27.98333	-35
27.99167	-36
28.00000	-36

