R.Time (min)	Intensity
0.00000	2
0.00833	2
0.01667	0
0.02500	0
0.03333	1
0.04167	-0
0.05000	-4
0.05833	-9
0.06667	-13
0.07500	-15
0.08333	-16
0.09167	-14
0.10000	-12
0.10833	-9
0.11667	-7
0.12500	-4
0.13333	-2
0.14167	0
0.15000	2
0.15833	3
0.16667	4
0.17500	4
0.18333	4
0.19167	4
0.20000	4
0.20833	4
0.21667	4
0.22500	5
0.23333	5
0.24167	6
0.25000	7
0.25833	7
0.26667	8
0.27500	8
0.28333	8
0.29167	8
0.30000	7
0.30833	7
0.31667	6
0.32500	6
0.33333	6
0.34167	5
0.35000	5
0.35833	5
0.36667	4
0.37500	4
0.38333	4
0.39167	4
0.40000	5
0.40833	5
0.41667	5
0.42500	5
0.43333	5
0.44167	6
0.45000	6
0.45833	6
0.46667	6
0.47500	5
0.48333	5
0.49167	3
0.50000	2
0.50833	1
0.51667	-0
0.52500	-2
0.53333	-3
0.54167	-5
0.55000	-6
0.55833	-7
0.56667	-7
0.57500	-8
0.58333	-8
0.59167	-7
0.60000	-7
0.60833	-6
0.61667	-6
0.62500	-6
0.63333	-5
0.64167	-5
0.65000	-4
0.65833	-4
0.66667	-4
0.67500	-4
0.68333	-4
0.69167	-3
0.70000	-3
0.70833	-3
0.71667	-3
0.72500	-3
0.73333	-2
0.74167	-2
0.75000	-2
0.75833	-2
0.76667	-1
0.77500	-1
0.78333	-1
0.79167	-1
0.80000	-0
0.80833	-0
0.81667	0
0.82500	1
0.83333	1
0.84167	0
0.85000	0
0.85833	0
0.86667	1
0.87500	1
0.88333	1
0.89167	1
0.90000	0
0.90833	0
0.91667	0
0.92500	-0
0.93333	-0
0.94167	-0
0.95000	0
0.95833	1
0.96667	1
0.97500	1
0.98333	1
0.99167	0
1.00000	0
1.00833	0
1.01667	-0
1.02500	-0
1.03333	0
1.04167	0
1.05000	0
1.05833	0
1.06667	0
1.07500	0
1.08333	0
1.09167	0
1.10000	0
1.10833	1
1.11667	1
1.12500	1
1.13333	1
1.14167	1
1.15000	1
1.15833	1
1.16667	1
1.17500	1
1.18333	1
1.19167	1
1.20000	2
1.20833	2
1.21667	2
1.22500	2
1.23333	2
1.24167	3
1.25000	3
1.25833	4
1.26667	4
1.27500	4
1.28333	4
1.29167	4
1.30000	4
1.30833	4
1.31667	4
1.32500	4
1.33333	4
1.34167	4
1.35000	4
1.35833	5
1.36667	5
1.37500	5
1.38333	5
1.39167	5
1.40000	5
1.40833	5
1.41667	5
1.42500	5
1.43333	5
1.44167	5
1.45000	5
1.45833	5
1.46667	5
1.47500	5
1.48333	5
1.49167	5
1.50000	5
1.50833	5
1.51667	5
1.52500	5
1.53333	5
1.54167	5
1.55000	5
1.55833	5
1.56667	5
1.57500	5
1.58333	5
1.59167	5
1.60000	5
1.60833	5
1.61667	5
1.62500	5
1.63333	5
1.64167	5
1.65000	5
1.65833	5
1.66667	5
1.67500	5
1.68333	5
1.69167	4
1.70000	5
1.70833	5
1.71667	6
1.72500	6
1.73333	6
1.74167	7
1.75000	7
1.75833	7
1.76667	7
1.77500	7
1.78333	6
1.79167	6
1.80000	6
1.80833	6
1.81667	6
1.82500	6
1.83333	6
1.84167	6
1.85000	6
1.85833	6
1.86667	5
1.87500	5
1.88333	5
1.89167	5
1.90000	6
1.90833	6
1.91667	6
1.92500	6
1.93333	5
1.94167	5
1.95000	5
1.95833	5
1.96667	5
1.97500	5
1.98333	5
1.99167	5
2.00000	5
2.00833	5
2.01667	5
2.02500	5
2.03333	6
2.04167	6
2.05000	6
2.05833	6
2.06667	6
2.07500	6
2.08333	6
2.09167	6
2.10000	6
2.10833	6
2.11667	6
2.12500	6
2.13333	6
2.14167	6
2.15000	6
2.15833	6
2.16667	6
2.17500	6
2.18333	6
2.19167	6
2.20000	6
2.20833	6
2.21667	6
2.22500	6
2.23333	6
2.24167	6
2.25000	6
2.25833	6
2.26667	6
2.27500	6
2.28333	6
2.29167	7
2.30000	7
2.30833	7
2.31667	7
2.32500	7
2.33333	7
2.34167	7
2.35000	7
2.35833	7
2.36667	7
2.37500	7
2.38333	7
2.39167	7
2.40000	7
2.40833	7
2.41667	7
2.42500	7
2.43333	7
2.44167	6
2.45000	6
2.45833	6
2.46667	6
2.47500	7
2.48333	7
2.49167	7
2.50000	7
2.50833	7
2.51667	7
2.52500	7
2.53333	6
2.54167	6
2.55000	6
2.55833	5
2.56667	6
2.57500	6
2.58333	6
2.59167	6
2.60000	6
2.60833	6
2.61667	6
2.62500	6
2.63333	6
2.64167	6
2.65000	6
2.65833	6
2.66667	7
2.67500	7
2.68333	7
2.69167	7
2.70000	8
2.70833	8
2.71667	8
2.72500	8
2.73333	8
2.74167	7
2.75000	7
2.75833	7
2.76667	7
2.77500	7
2.78333	7
2.79167	7
2.80000	7
2.80833	7
2.81667	7
2.82500	7
2.83333	7
2.84167	7
2.85000	7
2.85833	7
2.86667	7
2.87500	6
2.88333	6
2.89167	6
2.90000	6
2.90833	7
2.91667	7
2.92500	7
2.93333	7
2.94167	6
2.95000	6
2.95833	6
2.96667	6
2.97500	5
2.98333	5
2.99167	5
3.00000	6
3.00833	6
3.01667	6
3.02500	6
3.03333	6
3.04167	6
3.05000	6
3.05833	6
3.06667	6
3.07500	6
3.08333	5
3.09167	5
3.10000	5
3.10833	5
3.11667	5
3.12500	5
3.13333	6
3.14167	6
3.15000	5
3.15833	5
3.16667	5
3.17500	4
3.18333	4
3.19167	3
3.20000	3
3.20833	3
3.21667	2
3.22500	2
3.23333	2
3.24167	2
3.25000	2
3.25833	2
3.26667	2
3.27500	2
3.28333	2
3.29167	2
3.30000	2
3.30833	2
3.31667	2
3.32500	2
3.33333	1
3.34167	2
3.35000	1
3.35833	1
3.36667	1
3.37500	1
3.38333	1
3.39167	1
3.40000	1
3.40833	1
3.41667	1
3.42500	0
3.43333	0
3.44167	-0
3.45000	-0
3.45833	-1
3.46667	-1
3.47500	-1
3.48333	-1
3.49167	-1
3.50000	-1
3.50833	-2
3.51667	-2
3.52500	-2
3.53333	-2
3.54167	-2
3.55000	-1
3.55833	-1
3.56667	-1
3.57500	-2
3.58333	-2
3.59167	-2
3.60000	-1
3.60833	-1
3.61667	-1
3.62500	-1
3.63333	-1
3.64167	-1
3.65000	-1
3.65833	-2
3.66667	-1
3.67500	-1
3.68333	-2
3.69167	-2
3.70000	-2
3.70833	-2
3.71667	-2
3.72500	-2
3.73333	-2
3.74167	-2
3.75000	-2
3.75833	-2
3.76667	-2
3.77500	-2
3.78333	-2
3.79167	-2
3.80000	-1
3.80833	-1
3.81667	-1
3.82500	-1
3.83333	-1
3.84167	-1
3.85000	-2
3.85833	-2
3.86667	-2
3.87500	-2
3.88333	-3
3.89167	-3
3.90000	-3
3.90833	-3
3.91667	-3
3.92500	-3
3.93333	-3
3.94167	-3
3.95000	-2
3.95833	-2
3.96667	-2
3.97500	-2
3.98333	-2
3.99167	-2
4.00000	-2
4.00833	-2
4.01667	-2
4.02500	-2
4.03333	-2
4.04167	-1
4.05000	-1
4.05833	-1
4.06667	-1
4.07500	-2
4.08333	-2
4.09167	-2
4.10000	-2
4.10833	-2
4.11667	-1
4.12500	-1
4.13333	-1
4.14167	-1
4.15000	-1
4.15833	-1
4.16667	-1
4.17500	-0
4.18333	-1
4.19167	-1
4.20000	-1
4.20833	-1
4.21667	-1
4.22500	-1
4.23333	-1
4.24167	-1
4.25000	-2
4.25833	-2
4.26667	-2
4.27500	-2
4.28333	-2
4.29167	-2
4.30000	-2
4.30833	-2
4.31667	-3
4.32500	-3
4.33333	-3
4.34167	-3
4.35000	-4
4.35833	-4
4.36667	-4
4.37500	-5
4.38333	-5
4.39167	-5
4.40000	-5
4.40833	-5
4.41667	-6
4.42500	-6
4.43333	-7
4.44167	-7
4.45000	-7
4.45833	-7
4.46667	-7
4.47500	-7
4.48333	-6
4.49167	-7
4.50000	-7
4.50833	-7
4.51667	-8
4.52500	-8
4.53333	-7
4.54167	-8
4.55000	-8
4.55833	-8
4.56667	-8
4.57500	-8
4.58333	-9
4.59167	-9
4.60000	-9
4.60833	-9
4.61667	-9
4.62500	-8
4.63333	-8
4.64167	-8
4.65000	-7
4.65833	-7
4.66667	-7
4.67500	-7
4.68333	-8
4.69167	-8
4.70000	-8
4.70833	-8
4.71667	-8
4.72500	-7
4.73333	-7
4.74167	-7
4.75000	-7
4.75833	-7
4.76667	-6
4.77500	-6
4.78333	-6
4.79167	-6
4.80000	-7
4.80833	-7
4.81667	-7
4.82500	-7
4.83333	-8
4.84167	-8
4.85000	-8
4.85833	-7
4.86667	-7
4.87500	-7
4.88333	-7
4.89167	-7
4.90000	-7
4.90833	-7
4.91667	-8
4.92500	-8
4.93333	-8
4.94167	-8
4.95000	-8
4.95833	-8
4.96667	-9
4.97500	-9
4.98333	-8
4.99167	-8
5.00000	-9
5.00833	-9
5.01667	-9
5.02500	-9
5.03333	-9
5.04167	-9
5.05000	-9
5.05833	-9
5.06667	-10
5.07500	-10
5.08333	-10
5.09167	-10
5.10000	-10
5.10833	-10
5.11667	-10
5.12500	-11
5.13333	-11
5.14167	-11
5.15000	-12
5.15833	-12
5.16667	-12
5.17500	-13
5.18333	-13
5.19167	-13
5.20000	-14
5.20833	-14
5.21667	-15
5.22500	-15
5.23333	-16
5.24167	-16
5.25000	-16
5.25833	-16
5.26667	-16
5.27500	-16
5.28333	-16
5.29167	-16
5.30000	-15
5.30833	-15
5.31667	-16
5.32500	-16
5.33333	-16
5.34167	-16
5.35000	-16
5.35833	-16
5.36667	-16
5.37500	-17
5.38333	-17
5.39167	-17
5.40000	-17
5.40833	-18
5.41667	-18
5.42500	-18
5.43333	-19
5.44167	-19
5.45000	-18
5.45833	-18
5.46667	-18
5.47500	-18
5.48333	-18
5.49167	-18
5.50000	-18
5.50833	-18
5.51667	-18
5.52500	-18
5.53333	-18
5.54167	-19
5.55000	-19
5.55833	-19
5.56667	-19
5.57500	-19
5.58333	-19
5.59167	-19
5.60000	-18
5.60833	-18
5.61667	-18
5.62500	-18
5.63333	-18
5.64167	-19
5.65000	-18
5.65833	-18
5.66667	-18
5.67500	-18
5.68333	-18
5.69167	-18
5.70000	-18
5.70833	-17
5.71667	-17
5.72500	-17
5.73333	-18
5.74167	-18
5.75000	-19
5.75833	-19
5.76667	-19
5.77500	-19
5.78333	-19
5.79167	-19
5.80000	-19
5.80833	-20
5.81667	-20
5.82500	-21
5.83333	-21
5.84167	-21
5.85000	-21
5.85833	-22
5.86667	-22
5.87500	-22
5.88333	-22
5.89167	-22
5.90000	-22
5.90833	-22
5.91667	-21
5.92500	-21
5.93333	-21
5.94167	-22
5.95000	-22
5.95833	-22
5.96667	-22
5.97500	-22
5.98333	-22
5.99167	-22
6.00000	-22
6.00833	-22
6.01667	-22
6.02500	-22
6.03333	-22
6.04167	-22
6.05000	-22
6.05833	-22
6.06667	-22
6.07500	-22
6.08333	-22
6.09167	-22
6.10000	-22
6.10833	-21
6.11667	-21
6.12500	-21
6.13333	-21
6.14167	-21
6.15000	-20
6.15833	-21
6.16667	-21
6.17500	-20
6.18333	-20
6.19167	-20
6.20000	-20
6.20833	-21
6.21667	-21
6.22500	-21
6.23333	-21
6.24167	-21
6.25000	-20
6.25833	-20
6.26667	-21
6.27500	-21
6.28333	-21
6.29167	-21
6.30000	-21
6.30833	-21
6.31667	-21
6.32500	-21
6.33333	-21
6.34167	-21
6.35000	-21
6.35833	-21
6.36667	-21
6.37500	-21
6.38333	-21
6.39167	-21
6.40000	-21
6.40833	-21
6.41667	-21
6.42500	-21
6.43333	-20
6.44167	-21
6.45000	-21
6.45833	-21
6.46667	-21
6.47500	-21
6.48333	-21
6.49167	-21
6.50000	-20
6.50833	-21
6.51667	-21
6.52500	-21
6.53333	-21
6.54167	-21
6.55000	-20
6.55833	-20
6.56667	-19
6.57500	-19
6.58333	-18
6.59167	-18
6.60000	-17
6.60833	-17
6.61667	-16
6.62500	-15
6.63333	-15
6.64167	-15
6.65000	-14
6.65833	-14
6.66667	-14
6.67500	-14
6.68333	-13
6.69167	-13
6.70000	-13
6.70833	-12
6.71667	-12
6.72500	-11
6.73333	-11
6.74167	-10
6.75000	-10
6.75833	-10
6.76667	-10
6.77500	-10
6.78333	-10
6.79167	-10
6.80000	-10
6.80833	-10
6.81667	-10
6.82500	-9
6.83333	-9
6.84167	-9
6.85000	-9
6.85833	-9
6.86667	-9
6.87500	-9
6.88333	-8
6.89167	-7
6.90000	-7
6.90833	-7
6.91667	-6
6.92500	-5
6.93333	-5
6.94167	-4
6.95000	-3
6.95833	-2
6.96667	-0
6.97500	1
6.98333	2
6.99167	3
7.00000	3
7.00833	4
7.01667	4
7.02500	5
7.03333	5
7.04167	6
7.05000	6
7.05833	6
7.06667	5
7.07500	5
7.08333	4
7.09167	3
7.10000	2
7.10833	0
7.11667	-1
7.12500	-2
7.13333	-4
7.14167	-5
7.15000	-5
7.15833	-6
7.16667	-7
7.17500	-7
7.18333	-6
7.19167	-6
7.20000	-6
7.20833	-5
7.21667	-4
7.22500	-3
7.23333	-3
7.24167	-2
7.25000	-1
7.25833	-1
7.26667	-0
7.27500	0
7.28333	0
7.29167	0
7.30000	1
7.30833	1
7.31667	1
7.32500	1
7.33333	1
7.34167	1
7.35000	0
7.35833	-1
7.36667	-1
7.37500	-2
7.38333	-3
7.39167	-3
7.40000	-2
7.40833	-2
7.41667	-2
7.42500	-3
7.43333	-2
7.44167	-2
7.45000	-2
7.45833	-2
7.46667	-1
7.47500	-1
7.48333	-2
7.49167	-2
7.50000	-2
7.50833	-1
7.51667	-1
7.52500	-1
7.53333	-0
7.54167	1
7.55000	1
7.55833	1
7.56667	2
7.57500	2
7.58333	3
7.59167	3
7.60000	4
7.60833	4
7.61667	5
7.62500	5
7.63333	6
7.64167	6
7.65000	6
7.65833	6
7.66667	6
7.67500	6
7.68333	5
7.69167	5
7.70000	4
7.70833	4
7.71667	4
7.72500	4
7.73333	3
7.74167	3
7.75000	3
7.75833	2
7.76667	2
7.77500	1
7.78333	1
7.79167	1
7.80000	0
7.80833	0
7.81667	0
7.82500	0
7.83333	-0
7.84167	-0
7.85000	-0
7.85833	-0
7.86667	-0
7.87500	0
7.88333	0
7.89167	0
7.90000	0
7.90833	0
7.91667	0
7.92500	1
7.93333	1
7.94167	1
7.95000	2
7.95833	2
7.96667	3
7.97500	3
7.98333	4
7.99167	4
8.00000	4
8.00833	4
8.01667	5
8.02500	5
8.03333	5
8.04167	5
8.05000	5
8.05833	5
8.06667	5
8.07500	5
8.08333	5
8.09167	5
8.10000	5
8.10833	5
8.11667	5
8.12500	5
8.13333	5
8.14167	4
8.15000	4
8.15833	4
8.16667	5
8.17500	5
8.18333	6
8.19167	5
8.20000	5
8.20833	5
8.21667	5
8.22500	5
8.23333	5
8.24167	4
8.25000	3
8.25833	3
8.26667	3
8.27500	3
8.28333	3
8.29167	3
8.30000	3
8.30833	3
8.31667	4
8.32500	4
8.33333	4
8.34167	4
8.35000	4
8.35833	4
8.36667	4
8.37500	4
8.38333	4
8.39167	4
8.40000	4
8.40833	4
8.41667	4
8.42500	4
8.43333	4
8.44167	4
8.45000	4
8.45833	4
8.46667	4
8.47500	3
8.48333	4
8.49167	4
8.50000	4
8.50833	4
8.51667	4
8.52500	4
8.53333	4
8.54167	3
8.55000	3
8.55833	3
8.56667	4
8.57500	4
8.58333	4
8.59167	4
8.60000	4
8.60833	4
8.61667	4
8.62500	4
8.63333	4
8.64167	4
8.65000	3
8.65833	4
8.66667	4
8.67500	4
8.68333	5
8.69167	5
8.70000	5
8.70833	6
8.71667	7
8.72500	7
8.73333	7
8.74167	7
8.75000	6
8.75833	6
8.76667	7
8.77500	7
8.78333	7
8.79167	7
8.80000	7
8.80833	7
8.81667	8
8.82500	8
8.83333	9
8.84167	9
8.85000	9
8.85833	9
8.86667	9
8.87500	8
8.88333	8
8.89167	8
8.90000	7
8.90833	7
8.91667	8
8.92500	8
8.93333	8
8.94167	9
8.95000	9
8.95833	9
8.96667	9
8.97500	8
8.98333	8
8.99167	8
9.00000	7
9.00833	7
9.01667	7
9.02500	7
9.03333	6
9.04167	6
9.05000	6
9.05833	6
9.06667	7
9.07500	7
9.08333	6
9.09167	6
9.10000	6
9.10833	7
9.11667	6
9.12500	6
9.13333	6
9.14167	6
9.15000	6
9.15833	6
9.16667	6
9.17500	6
9.18333	6
9.19167	6
9.20000	6
9.20833	6
9.21667	6
9.22500	7
9.23333	7
9.24167	7
9.25000	7
9.25833	7
9.26667	8
9.27500	8
9.28333	8
9.29167	8
9.30000	8
9.30833	8
9.31667	8
9.32500	8
9.33333	8
9.34167	8
9.35000	8
9.35833	8
9.36667	8
9.37500	8
9.38333	8
9.39167	8
9.40000	9
9.40833	9
9.41667	8
9.42500	8
9.43333	8
9.44167	8
9.45000	8
9.45833	8
9.46667	8
9.47500	8
9.48333	8
9.49167	9
9.50000	9
9.50833	9
9.51667	9
9.52500	9
9.53333	8
9.54167	8
9.55000	8
9.55833	8
9.56667	7
9.57500	7
9.58333	7
9.59167	7
9.60000	7
9.60833	7
9.61667	7
9.62500	7
9.63333	7
9.64167	7
9.65000	7
9.65833	7
9.66667	7
9.67500	7
9.68333	7
9.69167	7
9.70000	7
9.70833	7
9.71667	7
9.72500	7
9.73333	8
9.74167	7
9.75000	7
9.75833	7
9.76667	7
9.77500	7
9.78333	7
9.79167	7
9.80000	7
9.80833	8
9.81667	8
9.82500	8
9.83333	8
9.84167	8
9.85000	8
9.85833	9
9.86667	9
9.87500	9
9.88333	10
9.89167	10
9.90000	10
9.90833	10
9.91667	10
9.92500	9
9.93333	9
9.94167	8
9.95000	8
9.95833	8
9.96667	8
9.97500	9
9.98333	9
9.99167	9
10.00000	8
10.00833	8
10.01667	8
10.02500	8
10.03333	8
10.04167	8
10.05000	7
10.05833	7
10.06667	7
10.07500	7
10.08333	7
10.09167	8
10.10000	7
10.10833	7
10.11667	7
10.12500	7
10.13333	6
10.14167	6
10.15000	6
10.15833	6
10.16667	5
10.17500	5
10.18333	5
10.19167	5
10.20000	5
10.20833	5
10.21667	5
10.22500	6
10.23333	6
10.24167	6
10.25000	7
10.25833	8
10.26667	8
10.27500	8
10.28333	9
10.29167	9
10.30000	8
10.30833	9
10.31667	9
10.32500	9
10.33333	9
10.34167	9
10.35000	9
10.35833	9
10.36667	10
10.37500	10
10.38333	10
10.39167	10
10.40000	10
10.40833	10
10.41667	10
10.42500	10
10.43333	10
10.44167	10
10.45000	10
10.45833	9
10.46667	9
10.47500	9
10.48333	9
10.49167	9
10.50000	9
10.50833	9
10.51667	8
10.52500	8
10.53333	8
10.54167	8
10.55000	7
10.55833	7
10.56667	7
10.57500	7
10.58333	7
10.59167	7
10.60000	7
10.60833	7
10.61667	6
10.62500	6
10.63333	6
10.64167	6
10.65000	6
10.65833	5
10.66667	6
10.67500	6
10.68333	6
10.69167	6
10.70000	6
10.70833	7
10.71667	7
10.72500	7
10.73333	7
10.74167	7
10.75000	7
10.75833	7
10.76667	8
10.77500	8
10.78333	8
10.79167	8
10.80000	8
10.80833	8
10.81667	9
10.82500	9
10.83333	9
10.84167	9
10.85000	10
10.85833	10
10.86667	10
10.87500	10
10.88333	10
10.89167	10
10.90000	10
10.90833	10
10.91667	10
10.92500	11
10.93333	11
10.94167	11
10.95000	11
10.95833	11
10.96667	11
10.97500	10
10.98333	10
10.99167	11
11.00000	11
11.00833	11
11.01667	11
11.02500	11
11.03333	11
11.04167	11
11.05000	11
11.05833	10
11.06667	10
11.07500	10
11.08333	10
11.09167	10
11.10000	10
11.10833	9
11.11667	8
11.12500	8
11.13333	8
11.14167	7
11.15000	7
11.15833	7
11.16667	6
11.17500	6
11.18333	6
11.19167	7
11.20000	7
11.20833	7
11.21667	7
11.22500	8
11.23333	8
11.24167	8
11.25000	8
11.25833	8
11.26667	8
11.27500	8
11.28333	8
11.29167	8
11.30000	9
11.30833	9
11.31667	9
11.32500	9
11.33333	9
11.34167	8
11.35000	9
11.35833	9
11.36667	9
11.37500	9
11.38333	9
11.39167	9
11.40000	9
11.40833	9
11.41667	9
11.42500	9
11.43333	9
11.44167	8
11.45000	8
11.45833	8
11.46667	7
11.47500	7
11.48333	7
11.49167	7
11.50000	7
11.50833	7
11.51667	7
11.52500	7
11.53333	7
11.54167	7
11.55000	7
11.55833	7
11.56667	6
11.57500	6
11.58333	6
11.59167	6
11.60000	6
11.60833	6
11.61667	6
11.62500	6
11.63333	6
11.64167	6
11.65000	7
11.65833	7
11.66667	8
11.67500	8
11.68333	8
11.69167	8
11.70000	9
11.70833	9
11.71667	9
11.72500	9
11.73333	9
11.74167	10
11.75000	10
11.75833	10
11.76667	10
11.77500	10
11.78333	10
11.79167	10
11.80000	10
11.80833	11
11.81667	11
11.82500	11
11.83333	11
11.84167	11
11.85000	10
11.85833	10
11.86667	10
11.87500	9
11.88333	9
11.89167	9
11.90000	9
11.90833	9
11.91667	9
11.92500	9
11.93333	9
11.94167	9
11.95000	8
11.95833	8
11.96667	7
11.97500	7
11.98333	7
11.99167	7
12.00000	7
12.00833	7
12.01667	7
12.02500	7
12.03333	7
12.04167	7
12.05000	7
12.05833	7
12.06667	7
12.07500	8
12.08333	8
12.09167	9
12.10000	10
12.10833	11
12.11667	11
12.12500	11
12.13333	11
12.14167	11
12.15000	11
12.15833	11
12.16667	11
12.17500	11
12.18333	11
12.19167	11
12.20000	11
12.20833	11
12.21667	10
12.22500	10
12.23333	10
12.24167	9
12.25000	9
12.25833	9
12.26667	9
12.27500	9
12.28333	9
12.29167	9
12.30000	9
12.30833	9
12.31667	8
12.32500	8
12.33333	8
12.34167	8
12.35000	9
12.35833	9
12.36667	9
12.37500	10
12.38333	10
12.39167	10
12.40000	10
12.40833	11
12.41667	11
12.42500	11
12.43333	11
12.44167	11
12.45000	11
12.45833	11
12.46667	11
12.47500	11
12.48333	12
12.49167	12
12.50000	12
12.50833	13
12.51667	13
12.52500	13
12.53333	13
12.54167	13
12.55000	13
12.55833	13
12.56667	12
12.57500	12
12.58333	12
12.59167	12
12.60000	12
12.60833	12
12.61667	12
12.62500	12
12.63333	11
12.64167	12
12.65000	12
12.65833	11
12.66667	11
12.67500	10
12.68333	10
12.69167	9
12.70000	9
12.70833	9
12.71667	8
12.72500	8
12.73333	8
12.74167	8
12.75000	8
12.75833	8
12.76667	8
12.77500	8
12.78333	8
12.79167	8
12.80000	8
12.80833	8
12.81667	8
12.82500	8
12.83333	8
12.84167	9
12.85000	9
12.85833	10
12.86667	10
12.87500	10
12.88333	10
12.89167	11
12.90000	12
12.90833	12
12.91667	12
12.92500	12
12.93333	12
12.94167	12
12.95000	12
12.95833	12
12.96667	12
12.97500	12
12.98333	12
12.99167	12
13.00000	13
13.00833	13
13.01667	13
13.02500	14
13.03333	14
13.04167	14
13.05000	14
13.05833	14
13.06667	14
13.07500	14
13.08333	14
13.09167	14
13.10000	14
13.10833	14
13.11667	13
13.12500	13
13.13333	13
13.14167	12
13.15000	12
13.15833	12
13.16667	12
13.17500	12
13.18333	13
13.19167	13
13.20000	13
13.20833	12
13.21667	12
13.22500	12
13.23333	12
13.24167	12
13.25000	12
13.25833	11
13.26667	12
13.27500	12
13.28333	12
13.29167	12
13.30000	11
13.30833	11
13.31667	11
13.32500	11
13.33333	11
13.34167	11
13.35000	11
13.35833	12
13.36667	12
13.37500	11
13.38333	11
13.39167	11
13.40000	10
13.40833	10
13.41667	10
13.42500	10
13.43333	10
13.44167	10
13.45000	10
13.45833	10
13.46667	11
13.47500	11
13.48333	12
13.49167	12
13.50000	12
13.50833	12
13.51667	13
13.52500	13
13.53333	12
13.54167	12
13.55000	12
13.55833	12
13.56667	12
13.57500	12
13.58333	12
13.59167	12
13.60000	12
13.60833	12
13.61667	12
13.62500	12
13.63333	13
13.64167	13
13.65000	14
13.65833	14
13.66667	14
13.67500	14
13.68333	14
13.69167	14
13.70000	14
13.70833	14
13.71667	15
13.72500	15
13.73333	15
13.74167	15
13.75000	15
13.75833	15
13.76667	15
13.77500	15
13.78333	15
13.79167	15
13.80000	15
13.80833	15
13.81667	15
13.82500	15
13.83333	16
13.84167	16
13.85000	16
13.85833	16
13.86667	16
13.87500	16
13.88333	16
13.89167	16
13.90000	17
13.90833	16
13.91667	16
13.92500	17
13.93333	17
13.94167	17
13.95000	17
13.95833	17
13.96667	17
13.97500	17
13.98333	17
13.99167	17
14.00000	17
14.00833	17
14.01667	17
14.02500	17
14.03333	17
14.04167	17
14.05000	16
14.05833	16
14.06667	16
14.07500	16
14.08333	16
14.09167	16
14.10000	17
14.10833	17
14.11667	17
14.12500	17
14.13333	17
14.14167	18
14.15000	18
14.15833	18
14.16667	18
14.17500	18
14.18333	18
14.19167	18
14.20000	18
14.20833	19
14.21667	19
14.22500	19
14.23333	19
14.24167	20
14.25000	20
14.25833	20
14.26667	20
14.27500	20
14.28333	20
14.29167	21
14.30000	21
14.30833	21
14.31667	21
14.32500	21
14.33333	21
14.34167	21
14.35000	21
14.35833	21
14.36667	21
14.37500	22
14.38333	22
14.39167	22
14.40000	22
14.40833	23
14.41667	23
14.42500	23
14.43333	23
14.44167	24
14.45000	24
14.45833	24
14.46667	24
14.47500	24
14.48333	24
14.49167	25
14.50000	25
14.50833	25
14.51667	25
14.52500	26
14.53333	25
14.54167	25
14.55000	25
14.55833	25
14.56667	25
14.57500	25
14.58333	26
14.59167	26
14.60000	26
14.60833	26
14.61667	27
14.62500	27
14.63333	27
14.64167	27
14.65000	26
14.65833	26
14.66667	26
14.67500	26
14.68333	26
14.69167	26
14.70000	26
14.70833	26
14.71667	27
14.72500	26
14.73333	26
14.74167	25
14.75000	25
14.75833	26
14.76667	26
14.77500	26
14.78333	26
14.79167	27
14.80000	27
14.80833	27
14.81667	27
14.82500	27
14.83333	27
14.84167	27
14.85000	27
14.85833	27
14.86667	27
14.87500	27
14.88333	27
14.89167	27
14.90000	26
14.90833	26
14.91667	26
14.92500	26
14.93333	26
14.94167	26
14.95000	26
14.95833	27
14.96667	27
14.97500	27
14.98333	27
14.99167	27
15.00000	27
15.00833	27
15.01667	27
15.02500	27
15.03333	27
15.04167	27
15.05000	27
15.05833	27
15.06667	28
15.07500	28
15.08333	28
15.09167	28
15.10000	28
15.10833	29
15.11667	29
15.12500	29
15.13333	29
15.14167	29
15.15000	30
15.15833	30
15.16667	31
15.17500	31
15.18333	31
15.19167	32
15.20000	32
15.20833	32
15.21667	31
15.22500	32
15.23333	32
15.24167	31
15.25000	32
15.25833	32
15.26667	32
15.27500	32
15.28333	32
15.29167	32
15.30000	33
15.30833	33
15.31667	33
15.32500	33
15.33333	33
15.34167	33
15.35000	33
15.35833	33
15.36667	33
15.37500	33
15.38333	34
15.39167	34
15.40000	34
15.40833	34
15.41667	33
15.42500	33
15.43333	33
15.44167	33
15.45000	33
15.45833	33
15.46667	34
15.47500	34
15.48333	34
15.49167	35
15.50000	35
15.50833	35
15.51667	35
15.52500	35
15.53333	35
15.54167	36
15.55000	36
15.55833	36
15.56667	36
15.57500	36
15.58333	36
15.59167	36
15.60000	36
15.60833	36
15.61667	36
15.62500	36
15.63333	37
15.64167	37
15.65000	37
15.65833	38
15.66667	38
15.67500	38
15.68333	38
15.69167	38
15.70000	38
15.70833	38
15.71667	39
15.72500	39
15.73333	39
15.74167	40
15.75000	39
15.75833	39
15.76667	39
15.77500	39
15.78333	40
15.79167	40
15.80000	40
15.80833	40
15.81667	41
15.82500	41
15.83333	41
15.84167	42
15.85000	42
15.85833	42
15.86667	43
15.87500	43
15.88333	43
15.89167	44
15.90000	44
15.90833	44
15.91667	44
15.92500	45
15.93333	45
15.94167	45
15.95000	45
15.95833	46
15.96667	46
15.97500	46
15.98333	47
15.99167	47
16.00000	47
16.00833	48
16.01667	48
16.02500	48
16.03333	48
16.04167	48
16.05000	48
16.05833	49
16.06667	49
16.07500	49
16.08333	49
16.09167	49
16.10000	49
16.10833	49
16.11667	50
16.12500	50
16.13333	51
16.14167	51
16.15000	52
16.15833	52
16.16667	52
16.17500	52
16.18333	52
16.19167	52
16.20000	52
16.20833	53
16.21667	53
16.22500	53
16.23333	52
16.24167	52
16.25000	52
16.25833	52
16.26667	52
16.27500	53
16.28333	53
16.29167	53
16.30000	53
16.30833	53
16.31667	53
16.32500	53
16.33333	53
16.34167	54
16.35000	54
16.35833	55
16.36667	55
16.37500	55
16.38333	55
16.39167	56
16.40000	56
16.40833	56
16.41667	56
16.42500	57
16.43333	57
16.44167	58
16.45000	58
16.45833	58
16.46667	58
16.47500	59
16.48333	59
16.49167	60
16.50000	60
16.50833	61
16.51667	61
16.52500	62
16.53333	62
16.54167	63
16.55000	63
16.55833	64
16.56667	65
16.57500	65
16.58333	66
16.59167	66
16.60000	66
16.60833	67
16.61667	67
16.62500	67
16.63333	67
16.64167	67
16.65000	68
16.65833	68
16.66667	68
16.67500	69
16.68333	69
16.69167	69
16.70000	69
16.70833	69
16.71667	69
16.72500	70
16.73333	69
16.74167	69
16.75000	69
16.75833	70
16.76667	70
16.77500	70
16.78333	70
16.79167	70
16.80000	71
16.80833	71
16.81667	71
16.82500	71
16.83333	71
16.84167	72
16.85000	72
16.85833	73
16.86667	73
16.87500	73
16.88333	74
16.89167	74
16.90000	74
16.90833	74
16.91667	74
16.92500	74
16.93333	74
16.94167	74
16.95000	74
16.95833	75
16.96667	75
16.97500	75
16.98333	76
16.99167	76
17.00000	76
17.00833	77
17.01667	77
17.02500	78
17.03333	79
17.04167	79
17.05000	79
17.05833	80
17.06667	80
17.07500	81
17.08333	82
17.09167	82
17.10000	82
17.10833	82
17.11667	83
17.12500	83
17.13333	83
17.14167	83
17.15000	84
17.15833	84
17.16667	85
17.17500	85
17.18333	86
17.19167	87
17.20000	87
17.20833	87
17.21667	88
17.22500	88
17.23333	88
17.24167	89
17.25000	89
17.25833	89
17.26667	89
17.27500	90
17.28333	90
17.29167	91
17.30000	91
17.30833	92
17.31667	92
17.32500	93
17.33333	94
17.34167	94
17.35000	95
17.35833	95
17.36667	95
17.37500	96
17.38333	96
17.39167	96
17.40000	96
17.40833	96
17.41667	96
17.42500	96
17.43333	97
17.44167	98
17.45000	98
17.45833	99
17.46667	100
17.47500	100
17.48333	100
17.49167	100
17.50000	101
17.50833	101
17.51667	102
17.52500	102
17.53333	102
17.54167	103
17.55000	103
17.55833	104
17.56667	104
17.57500	105
17.58333	105
17.59167	105
17.60000	105
17.60833	106
17.61667	106
17.62500	107
17.63333	108
17.64167	108
17.65000	108
17.65833	109
17.66667	109
17.67500	109
17.68333	110
17.69167	110
17.70000	110
17.70833	110
17.71667	111
17.72500	111
17.73333	111
17.74167	112
17.75000	112
17.75833	113
17.76667	113
17.77500	114
17.78333	115
17.79167	116
17.80000	116
17.80833	117
17.81667	118
17.82500	118
17.83333	119
17.84167	120
17.85000	120
17.85833	121
17.86667	121
17.87500	121
17.88333	122
17.89167	123
17.90000	123
17.90833	124
17.91667	125
17.92500	125
17.93333	126
17.94167	126
17.95000	127
17.95833	127
17.96667	128
17.97500	128
17.98333	129
17.99167	129
18.00000	130
18.00833	130
18.01667	131
18.02500	132
18.03333	132
18.04167	133
18.05000	134
18.05833	135
18.06667	135
18.07500	136
18.08333	136
18.09167	136
18.10000	137
18.10833	137
18.11667	138
18.12500	139
18.13333	139
18.14167	140
18.15000	140
18.15833	141
18.16667	141
18.17500	142
18.18333	143
18.19167	143
18.20000	144
18.20833	145
18.21667	145
18.22500	146
18.23333	147
18.24167	147
18.25000	148
18.25833	148
18.26667	149
18.27500	149
18.28333	150
18.29167	150
18.30000	151
18.30833	152
18.31667	153
18.32500	153
18.33333	154
18.34167	154
18.35000	155
18.35833	156
18.36667	156
18.37500	156
18.38333	157
18.39167	157
18.40000	158
18.40833	159
18.41667	160
18.42500	161
18.43333	162
18.44167	162
18.45000	163
18.45833	163
18.46667	164
18.47500	165
18.48333	165
18.49167	165
18.50000	166
18.50833	166
18.51667	166
18.52500	167
18.53333	167
18.54167	168
18.55000	168
18.55833	169
18.56667	169
18.57500	170
18.58333	170
18.59167	171
18.60000	171
18.60833	172
18.61667	172
18.62500	173
18.63333	174
18.64167	174
18.65000	174
18.65833	175
18.66667	175
18.67500	176
18.68333	176
18.69167	177
18.70000	178
18.70833	178
18.71667	179
18.72500	179
18.73333	180
18.74167	181
18.75000	181
18.75833	181
18.76667	182
18.77500	182
18.78333	182
18.79167	183
18.80000	184
18.80833	185
18.81667	186
18.82500	187
18.83333	187
18.84167	188
18.85000	188
18.85833	189
18.86667	190
18.87500	191
18.88333	192
18.89167	192
18.90000	193
18.90833	194
18.91667	195
18.92500	196
18.93333	196
18.94167	197
18.95000	198
18.95833	198
18.96667	199
18.97500	200
18.98333	201
18.99167	201
19.00000	202
19.00833	202
19.01667	203
19.02500	204
19.03333	204
19.04167	205
19.05000	206
19.05833	206
19.06667	207
19.07500	208
19.08333	209
19.09167	210
19.10000	210
19.10833	211
19.11667	212
19.12500	213
19.13333	214
19.14167	215
19.15000	216
19.15833	217
19.16667	217
19.17500	218
19.18333	218
19.19167	219
19.20000	220
19.20833	220
19.21667	221
19.22500	221
19.23333	222
19.24167	223
19.25000	224
19.25833	224
19.26667	225
19.27500	226
19.28333	226
19.29167	227
19.30000	227
19.30833	228
19.31667	229
19.32500	229
19.33333	229
19.34167	230
19.35000	231
19.35833	233
19.36667	234
19.37500	235
19.38333	235
19.39167	236
19.40000	237
19.40833	237
19.41667	238
19.42500	238
19.43333	239
19.44167	240
19.45000	241
19.45833	242
19.46667	243
19.47500	244
19.48333	244
19.49167	245
19.50000	245
19.50833	246
19.51667	247
19.52500	248
19.53333	248
19.54167	249
19.55000	250
19.55833	250
19.56667	251
19.57500	252
19.58333	253
19.59167	254
19.60000	255
19.60833	256
19.61667	257
19.62500	258
19.63333	258
19.64167	259
19.65000	260
19.65833	261
19.66667	261
19.67500	262
19.68333	263
19.69167	264
19.70000	264
19.70833	265
19.71667	266
19.72500	267
19.73333	268
19.74167	269
19.75000	270
19.75833	271
19.76667	272
19.77500	273
19.78333	274
19.79167	274
19.80000	275
19.80833	276
19.81667	276
19.82500	277
19.83333	278
19.84167	278
19.85000	279
19.85833	280
19.86667	281
19.87500	282
19.88333	283
19.89167	283
19.90000	284
19.90833	285
19.91667	285
19.92500	287
19.93333	288
19.94167	289
19.95000	290
19.95833	291
19.96667	292
19.97500	292
19.98333	293
19.99167	293
20.00000	294
20.00833	295
20.01667	296
20.02500	296
20.03333	297
20.04167	298
20.05000	299
20.05833	300
20.06667	302
20.07500	302
20.08333	303
20.09167	304
20.10000	305
20.10833	305
20.11667	306
20.12500	307
20.13333	308
20.14167	309
20.15000	310
20.15833	310
20.16667	311
20.17500	312
20.18333	313
20.19167	314
20.20000	314
20.20833	315
20.21667	316
20.22500	317
20.23333	318
20.24167	319
20.25000	320
20.25833	320
20.26667	321
20.27500	322
20.28333	324
20.29167	325
20.30000	326
20.30833	327
20.31667	327
20.32500	328
20.33333	329
20.34167	330
20.35000	331
20.35833	331
20.36667	332
20.37500	333
20.38333	334
20.39167	335
20.40000	336
20.40833	337
20.41667	337
20.42500	338
20.43333	339
20.44167	339
20.45000	340
20.45833	341
20.46667	342
20.47500	343
20.48333	344
20.49167	344
20.50000	345
20.50833	346
20.51667	347
20.52500	348
20.53333	349
20.54167	349
20.55000	350
20.55833	350
20.56667	351
20.57500	351
20.58333	352
20.59167	353
20.60000	354
20.60833	355
20.61667	356
20.62500	357
20.63333	358
20.64167	359
20.65000	360
20.65833	361
20.66667	361
20.67500	362
20.68333	362
20.69167	363
20.70000	363
20.70833	364
20.71667	365
20.72500	366
20.73333	367
20.74167	368
20.75000	368
20.75833	369
20.76667	370
20.77500	370
20.78333	371
20.79167	371
20.80000	372
20.80833	372
20.81667	373
20.82500	373
20.83333	374
20.84167	375
20.85000	376
20.85833	377
20.86667	378
20.87500	379
20.88333	380
20.89167	380
20.90000	381
20.90833	382
20.91667	383
20.92500	384
20.93333	384
20.94167	385
20.95000	385
20.95833	386
20.96667	387
20.97500	388
20.98333	388
20.99167	389
21.00000	389
21.00833	390
21.01667	390
21.02500	391
21.03333	392
21.04167	393
21.05000	394
21.05833	395
21.06667	396
21.07500	396
21.08333	397
21.09167	398
21.10000	399
21.10833	400
21.11667	401
21.12500	401
21.13333	402
21.14167	402
21.15000	403
21.15833	403
21.16667	404
21.17500	405
21.18333	405
21.19167	406
21.20000	406
21.20833	407
21.21667	407
21.22500	408
21.23333	409
21.24167	409
21.25000	411
21.25833	412
21.26667	412
21.27500	413
21.28333	414
21.29167	415
21.30000	415
21.30833	416
21.31667	417
21.32500	417
21.33333	418
21.34167	418
21.35000	419
21.35833	420
21.36667	420
21.37500	421
21.38333	422
21.39167	423
21.40000	423
21.40833	424
21.41667	425
21.42500	425
21.43333	426
21.44167	426
21.45000	427
21.45833	427
21.46667	428
21.47500	429
21.48333	429
21.49167	430
21.50000	430
21.50833	430
21.51667	431
21.52500	431
21.53333	432
21.54167	432
21.55000	433
21.55833	433
21.56667	434
21.57500	435
21.58333	435
21.59167	436
21.60000	437
21.60833	437
21.61667	438
21.62500	438
21.63333	439
21.64167	440
21.65000	441
21.65833	441
21.66667	442
21.67500	443
21.68333	444
21.69167	445
21.70000	445
21.70833	446
21.71667	447
21.72500	447
21.73333	447
21.74167	448
21.75000	449
21.75833	449
21.76667	449
21.77500	449
21.78333	450
21.79167	451
21.80000	451
21.80833	452
21.81667	453
21.82500	454
21.83333	455
21.84167	456
21.85000	456
21.85833	456
21.86667	457
21.87500	457
21.88333	457
21.89167	458
21.90000	458
21.90833	459
21.91667	459
21.92500	460
21.93333	460
21.94167	461
21.95000	461
21.95833	462
21.96667	462
21.97500	463
21.98333	463
21.99167	464
22.00000	464
22.00833	464
22.01667	464
22.02500	465
22.03333	465
22.04167	465
22.05000	466
22.05833	466
22.06667	466
22.07500	466
22.08333	466
22.09167	466
22.10000	466
22.10833	466
22.11667	466
22.12500	466
22.13333	466
22.14167	466
22.15000	465
22.15833	465
22.16667	465
22.17500	465
22.18333	464
22.19167	464
22.20000	463
22.20833	462
22.21667	460
22.22500	459
22.23333	458
22.24167	457
22.25000	456
22.25833	455
22.26667	453
22.27500	451
22.28333	449
22.29167	446
22.30000	443
22.30833	440
22.31667	436
22.32500	432
22.33333	428
22.34167	423
22.35000	417
22.35833	411
22.36667	404
22.37500	397
22.38333	389
22.39167	380
22.40000	371
22.40833	360
22.41667	349
22.42500	337
22.43333	323
22.44167	308
22.45000	292
22.45833	275
22.46667	256
22.47500	235
22.48333	213
22.49167	190
22.50000	165
22.50833	138
22.51667	109
22.52500	78
22.53333	45
22.54167	11
22.55000	-26
22.55833	-64
22.56667	-105
22.57500	-149
22.58333	-195
22.59167	-243
22.60000	-293
22.60833	-346
22.61667	-401
22.62500	-458
22.63333	-517
22.64167	-578
22.65000	-642
22.65833	-707
22.66667	-774
22.67500	-843
22.68333	-914
22.69167	-986
22.70000	-1060
22.70833	-1134
22.71667	-1210
22.72500	-1286
22.73333	-1363
22.74167	-1441
22.75000	-1518
22.75833	-1596
22.76667	-1673
22.77500	-1749
22.78333	-1825
22.79167	-1899
22.80000	-1972
22.80833	-2044
22.81667	-2114
22.82500	-2182
22.83333	-2248
22.84167	-2311
22.85000	-2372
22.85833	-2430
22.86667	-2485
22.87500	-2537
22.88333	-2586
22.89167	-2631
22.90000	-2674
22.90833	-2713
22.91667	-2748
22.92500	-2780
22.93333	-2808
22.94167	-2833
22.95000	-2854
22.95833	-2871
22.96667	-2885
22.97500	-2896
22.98333	-2903
22.99167	-2906
23.00000	-2907
23.00833	-2904
23.01667	-2898
23.02500	-2889
23.03333	-2877
23.04167	-2863
23.05000	-2846
23.05833	-2826
23.06667	-2804
23.07500	-2780
23.08333	-2753
23.09167	-2724
23.10000	-2694
23.10833	-2662
23.11667	-2629
23.12500	-2594
23.13333	-2557
23.14167	-2520
23.15000	-2481
23.15833	-2441
23.16667	-2400
23.17500	-2358
23.18333	-2316
23.19167	-2274
23.20000	-2231
23.20833	-2187
23.21667	-2143
23.22500	-2099
23.23333	-2055
23.24167	-2011
23.25000	-1966
23.25833	-1922
23.26667	-1878
23.27500	-1834
23.28333	-1790
23.29167	-1747
23.30000	-1704
23.30833	-1661
23.31667	-1619
23.32500	-1577
23.33333	-1535
23.34167	-1495
23.35000	-1455
23.35833	-1415
23.36667	-1376
23.37500	-1338
23.38333	-1301
23.39167	-1264
23.40000	-1228
23.40833	-1192
23.41667	-1158
23.42500	-1125
23.43333	-1093
23.44167	-1061
23.45000	-1030
23.45833	-999
23.46667	-969
23.47500	-941
23.48333	-913
23.49167	-886
23.50000	-859
23.50833	-833
23.51667	-807
23.52500	-783
23.53333	-759
23.54167	-735
23.55000	-712
23.55833	-690
23.56667	-669
23.57500	-648
23.58333	-627
23.59167	-607
23.60000	-587
23.60833	-568
23.61667	-549
23.62500	-531
23.63333	-513
23.64167	-495
23.65000	-478
23.65833	-462
23.66667	-446
23.67500	-430
23.68333	-414
23.69167	-399
23.70000	-383
23.70833	-368
23.71667	-353
23.72500	-338
23.73333	-323
23.74167	-309
23.75000	-294
23.75833	-280
23.76667	-265
23.77500	-251
23.78333	-237
23.79167	-222
23.80000	-208
23.80833	-194
23.81667	-179
23.82500	-165
23.83333	-151
23.84167	-137
23.85000	-124
23.85833	-111
23.86667	-97
23.87500	-84
23.88333	-71
23.89167	-59
23.90000	-46
23.90833	-34
23.91667	-22
23.92500	-9
23.93333	2
23.94167	14
23.95000	25
23.95833	36
23.96667	47
23.97500	58
23.98333	68
23.99167	78
24.00000	87
24.00833	97
24.01667	105
24.02500	113
24.03333	121
24.04167	128
24.05000	134
24.05833	140
24.06667	146
24.07500	151
24.08333	156
24.09167	160
24.10000	164
24.10833	167
24.11667	169
24.12500	171
24.13333	172
24.14167	173
24.15000	173
24.15833	172
24.16667	170
24.17500	168
24.18333	165
24.19167	162
24.20000	158
24.20833	153
24.21667	148
24.22500	142
24.23333	135
24.24167	127
24.25000	119
24.25833	109
24.26667	100
24.27500	89
24.28333	78
24.29167	66
24.30000	53
24.30833	40
24.31667	26
24.32500	12
24.33333	-4
24.34167	-19
24.35000	-36
24.35833	-53
24.36667	-71
24.37500	-88
24.38333	-106
24.39167	-125
24.40000	-143
24.40833	-161
24.41667	-179
24.42500	-197
24.43333	-216
24.44167	-235
24.45000	-253
24.45833	-272
24.46667	-290
24.47500	-308
24.48333	-325
24.49167	-341
24.50000	-357
24.50833	-372
24.51667	-387
24.52500	-401
24.53333	-414
24.54167	-427
24.55000	-439
24.55833	-451
24.56667	-461
24.57500	-470
24.58333	-478
24.59167	-484
24.60000	-490
24.60833	-494
24.61667	-498
24.62500	-501
24.63333	-502
24.64167	-503
24.65000	-503
24.65833	-501
24.66667	-499
24.67500	-496
24.68333	-491
24.69167	-486
24.70000	-480
24.70833	-473
24.71667	-465
24.72500	-456
24.73333	-447
24.74167	-437
24.75000	-426
24.75833	-415
24.76667	-403
24.77500	-390
24.78333	-377
24.79167	-363
24.80000	-349
24.80833	-335
24.81667	-321
24.82500	-307
24.83333	-292
24.84167	-277
24.85000	-262
24.85833	-247
24.86667	-231
24.87500	-216
24.88333	-200
24.89167	-184
24.90000	-169
24.90833	-153
24.91667	-138
24.92500	-123
24.93333	-108
24.94167	-93
24.95000	-78
24.95833	-64
24.96667	-50
24.97500	-36
24.98333	-22
24.99167	-9
25.00000	4
25.00833	17
25.01667	29
25.02500	42
25.03333	54
25.04167	65
25.05000	76
25.05833	87
25.06667	97
25.07500	108
25.08333	118
25.09167	128
25.10000	138
25.10833	147
25.11667	156
25.12500	164
25.13333	173
25.14167	181
25.15000	189
25.15833	196
25.16667	203
25.17500	210
25.18333	216
25.19167	222
25.20000	228
25.20833	234
25.21667	240
25.22500	245
25.23333	250
25.24167	255
25.25000	260
25.25833	265
25.26667	269
25.27500	273
25.28333	277
25.29167	281
25.30000	285
25.30833	288
25.31667	292
25.32500	295
25.33333	298
25.34167	302
25.35000	304
25.35833	307
25.36667	310
25.37500	312
25.38333	315
25.39167	318
25.40000	320
25.40833	321
25.41667	323
25.42500	325
25.43333	327
25.44167	329
25.45000	331
25.45833	332
25.46667	334
25.47500	335
25.48333	337
25.49167	339
25.50000	340
25.50833	341
25.51667	343
25.52500	344
25.53333	344
25.54167	345
25.55000	345
25.55833	346
25.56667	347
25.57500	348
25.58333	348
25.59167	349
25.60000	349
25.60833	350
25.61667	350
25.62500	350
25.63333	351
25.64167	351
25.65000	351
25.65833	351
25.66667	352
25.67500	352
25.68333	352
25.69167	353
25.70000	353
25.70833	353
25.71667	353
25.72500	353
25.73333	353
25.74167	353
25.75000	353
25.75833	352
25.76667	352
25.77500	352
25.78333	352
25.79167	352
25.80000	352
25.80833	351
25.81667	352
25.82500	352
25.83333	352
25.84167	351
25.85000	351
25.85833	351
25.86667	350
25.87500	350
25.88333	349
25.89167	349
25.90000	349
25.90833	349
25.91667	349
25.92500	349
25.93333	348
25.94167	348
25.95000	347
25.95833	347
25.96667	347
25.97500	346
25.98333	346
25.99167	346
26.00000	345
26.00833	345
26.01667	345
26.02500	344
26.03333	344
26.04167	343
26.05000	343
26.05833	342
26.06667	342
26.07500	341
26.08333	341
26.09167	340
26.10000	339
26.10833	339
26.11667	338
26.12500	338
26.13333	337
26.14167	336
26.15000	335
26.15833	335
26.16667	334
26.17500	333
26.18333	332
26.19167	332
26.20000	331
26.20833	330
26.21667	329
26.22500	328
26.23333	328
26.24167	327
26.25000	326
26.25833	326
26.26667	325
26.27500	325
26.28333	324
26.29167	323
26.30000	323
26.30833	322
26.31667	321
26.32500	320
26.33333	320
26.34167	319
26.35000	318
26.35833	318
26.36667	317
26.37500	317
26.38333	317
26.39167	316
26.40000	315
26.40833	315
26.41667	314
26.42500	314
26.43333	314
26.44167	313
26.45000	313
26.45833	313
26.46667	313
26.47500	312
26.48333	312
26.49167	311
26.50000	311
26.50833	311
26.51667	311
26.52500	310
26.53333	310
26.54167	310
26.55000	309
26.55833	309
26.56667	310
26.57500	310
26.58333	310
26.59167	309
26.60000	309
26.60833	309
26.61667	309
26.62500	308
26.63333	308
26.64167	308
26.65000	307
26.65833	307
26.66667	306
26.67500	306
26.68333	305
26.69167	305
26.70000	304
26.70833	304
26.71667	304
26.72500	304
26.73333	303
26.74167	303
26.75000	302
26.75833	301
26.76667	301
26.77500	300
26.78333	299
26.79167	299
26.80000	298
26.80833	297
26.81667	297
26.82500	296
26.83333	295
26.84167	294
26.85000	293
26.85833	291
26.86667	290
26.87500	289
26.88333	288
26.89167	288
26.90000	287
26.90833	286
26.91667	286
26.92500	285
26.93333	284
26.94167	284
26.95000	283
26.95833	282
26.96667	281
26.97500	281
26.98333	280
26.99167	280
27.00000	279
27.00833	278
27.01667	277
27.02500	276
27.03333	275
27.04167	275
27.05000	274
27.05833	273
27.06667	273
27.07500	273
27.08333	272
27.09167	272
27.10000	271
27.10833	270
27.11667	269
27.12500	269
27.13333	268
27.14167	268
27.15000	267
27.15833	266
27.16667	265
27.17500	264
27.18333	262
27.19167	261
27.20000	260
27.20833	259
27.21667	258
27.22500	257
27.23333	256
27.24167	255
27.25000	254
27.25833	253
27.26667	251
27.27500	250
27.28333	250
27.29167	249
27.30000	248
27.30833	247
27.31667	246
27.32500	244
27.33333	243
27.34167	242
27.35000	241
27.35833	240
27.36667	239
27.37500	238
27.38333	237
27.39167	236
27.40000	234
27.40833	233
27.41667	232
27.42500	231
27.43333	230
27.44167	229
27.45000	228
27.45833	226
27.46667	226
27.47500	225
27.48333	223
27.49167	222
27.50000	221
27.50833	220
27.51667	219
27.52500	217
27.53333	216
27.54167	215
27.55000	214
27.55833	213
27.56667	212
27.57500	211
27.58333	210
27.59167	209
27.60000	208
27.60833	208
27.61667	207
27.62500	207
27.63333	207
27.64167	206
27.65000	205
27.65833	204
27.66667	203
27.67500	203
27.68333	202
27.69167	202
27.70000	201
27.70833	201
27.71667	200
27.72500	199
27.73333	198
27.74167	197
27.75000	196
27.75833	195
27.76667	195
27.77500	194
27.78333	194
27.79167	193
27.80000	192
27.80833	191
27.81667	190
27.82500	190
27.83333	189
27.84167	189
27.85000	188
27.85833	188
27.86667	187
27.87500	186
27.88333	186
27.89167	185
27.90000	185
27.90833	184
27.91667	184
27.92500	183
27.93333	183
27.94167	182
27.95000	181
27.95833	180
27.96667	178
27.97500	177
27.98333	176
27.99167	175
28.00000	175

