R.Time (min)	Intensity
0.00000	-10
0.00833	-10
0.01667	-0
0.02500	-1
0.03333	-1
0.04167	-2
0.05000	-2
0.05833	-3
0.06667	-3
0.07500	-4
0.08333	-4
0.09167	-4
0.10000	-4
0.10833	-4
0.11667	-4
0.12500	-4
0.13333	-5
0.14167	-5
0.15000	-5
0.15833	-5
0.16667	-5
0.17500	-5
0.18333	-5
0.19167	-5
0.20000	-5
0.20833	-5
0.21667	-5
0.22500	-6
0.23333	-6
0.24167	-6
0.25000	-5
0.25833	-5
0.26667	-5
0.27500	-5
0.28333	-6
0.29167	-6
0.30000	-6
0.30833	-7
0.31667	-7
0.32500	-7
0.33333	-7
0.34167	-6
0.35000	-6
0.35833	-6
0.36667	-6
0.37500	-6
0.38333	-7
0.39167	-7
0.40000	-7
0.40833	-7
0.41667	-7
0.42500	-7
0.43333	-7
0.44167	-6
0.45000	-7
0.45833	-7
0.46667	-7
0.47500	-7
0.48333	-8
0.49167	-8
0.50000	-9
0.50833	-9
0.51667	-9
0.52500	-9
0.53333	-9
0.54167	-10
0.55000	-10
0.55833	-10
0.56667	-10
0.57500	-10
0.58333	-10
0.59167	-10
0.60000	-10
0.60833	-10
0.61667	-11
0.62500	-11
0.63333	-11
0.64167	-12
0.65000	-12
0.65833	-12
0.66667	-12
0.67500	-12
0.68333	-13
0.69167	-13
0.70000	-13
0.70833	-13
0.71667	-14
0.72500	-14
0.73333	-15
0.74167	-15
0.75000	-16
0.75833	-16
0.76667	-17
0.77500	-17
0.78333	-18
0.79167	-18
0.80000	-18
0.80833	-19
0.81667	-19
0.82500	-19
0.83333	-19
0.84167	-20
0.85000	-20
0.85833	-20
0.86667	-20
0.87500	-20
0.88333	-20
0.89167	-20
0.90000	-20
0.90833	-20
0.91667	-20
0.92500	-20
0.93333	-20
0.94167	-20
0.95000	-20
0.95833	-20
0.96667	-20
0.97500	-20
0.98333	-20
0.99167	-20
1.00000	-20
1.00833	-20
1.01667	-20
1.02500	-20
1.03333	-21
1.04167	-21
1.05000	-22
1.05833	-22
1.06667	-22
1.07500	-22
1.08333	-22
1.09167	-22
1.10000	-21
1.10833	-21
1.11667	-21
1.12500	-21
1.13333	-21
1.14167	-22
1.15000	-22
1.15833	-22
1.16667	-22
1.17500	-22
1.18333	-22
1.19167	-22
1.20000	-22
1.20833	-22
1.21667	-22
1.22500	-22
1.23333	-21
1.24167	-21
1.25000	-21
1.25833	-21
1.26667	-21
1.27500	-21
1.28333	-21
1.29167	-21
1.30000	-21
1.30833	-21
1.31667	-22
1.32500	-22
1.33333	-22
1.34167	-23
1.35000	-23
1.35833	-23
1.36667	-24
1.37500	-24
1.38333	-24
1.39167	-24
1.40000	-25
1.40833	-25
1.41667	-25
1.42500	-25
1.43333	-26
1.44167	-26
1.45000	-26
1.45833	-26
1.46667	-26
1.47500	-27
1.48333	-27
1.49167	-27
1.50000	-27
1.50833	-27
1.51667	-27
1.52500	-27
1.53333	-27
1.54167	-27
1.55000	-27
1.55833	-27
1.56667	-26
1.57500	-27
1.58333	-27
1.59167	-27
1.60000	-27
1.60833	-27
1.61667	-26
1.62500	-26
1.63333	-26
1.64167	-26
1.65000	-26
1.65833	-26
1.66667	-26
1.67500	-26
1.68333	-26
1.69167	-26
1.70000	-26
1.70833	-26
1.71667	-26
1.72500	-25
1.73333	-25
1.74167	-24
1.75000	-25
1.75833	-24
1.76667	-24
1.77500	-24
1.78333	-23
1.79167	-24
1.80000	-24
1.80833	-24
1.81667	-24
1.82500	-23
1.83333	-23
1.84167	-23
1.85000	-22
1.85833	-22
1.86667	-22
1.87500	-22
1.88333	-22
1.89167	-22
1.90000	-22
1.90833	-22
1.91667	-22
1.92500	-22
1.93333	-21
1.94167	-21
1.95000	-21
1.95833	-21
1.96667	-21
1.97500	-21
1.98333	-21
1.99167	-21
2.00000	-22
2.00833	-21
2.01667	-21
2.02500	-21
2.03333	-22
2.04167	-22
2.05000	-22
2.05833	-22
2.06667	-23
2.07500	-23
2.08333	-23
2.09167	-23
2.10000	-23
2.10833	-24
2.11667	-24
2.12500	-24
2.13333	-24
2.14167	-24
2.15000	-23
2.15833	-23
2.16667	-24
2.17500	-24
2.18333	-24
2.19167	-24
2.20000	-24
2.20833	-24
2.21667	-23
2.22500	-23
2.23333	-23
2.24167	-23
2.25000	-23
2.25833	-23
2.26667	-23
2.27500	-23
2.28333	-23
2.29167	-23
2.30000	-23
2.30833	-24
2.31667	-24
2.32500	-24
2.33333	-24
2.34167	-24
2.35000	-24
2.35833	-24
2.36667	-24
2.37500	-24
2.38333	-24
2.39167	-24
2.40000	-24
2.40833	-24
2.41667	-24
2.42500	-24
2.43333	-25
2.44167	-25
2.45000	-25
2.45833	-25
2.46667	-25
2.47500	-25
2.48333	-25
2.49167	-25
2.50000	-25
2.50833	-25
2.51667	-25
2.52500	-25
2.53333	-25
2.54167	-26
2.55000	-26
2.55833	-27
2.56667	-27
2.57500	-27
2.58333	-27
2.59167	-26
2.60000	-26
2.60833	-26
2.61667	-26
2.62500	-27
2.63333	-27
2.64167	-27
2.65000	-27
2.65833	-27
2.66667	-27
2.67500	-27
2.68333	-27
2.69167	-27
2.70000	-27
2.70833	-28
2.71667	-28
2.72500	-28
2.73333	-28
2.74167	-28
2.75000	-28
2.75833	-28
2.76667	-29
2.77500	-29
2.78333	-29
2.79167	-29
2.80000	-29
2.80833	-29
2.81667	-29
2.82500	-29
2.83333	-29
2.84167	-29
2.85000	-29
2.85833	-30
2.86667	-30
2.87500	-30
2.88333	-31
2.89167	-31
2.90000	-31
2.90833	-31
2.91667	-31
2.92500	-31
2.93333	-30
2.94167	-30
2.95000	-30
2.95833	-30
2.96667	-29
2.97500	-29
2.98333	-29
2.99167	-30
3.00000	-30
3.00833	-30
3.01667	-30
3.02500	-30
3.03333	-30
3.04167	-30
3.05000	-30
3.05833	-29
3.06667	-29
3.07500	-29
3.08333	-28
3.09167	-28
3.10000	-28
3.10833	-27
3.11667	-27
3.12500	-27
3.13333	-27
3.14167	-27
3.15000	-27
3.15833	-27
3.16667	-28
3.17500	-28
3.18333	-27
3.19167	-27
3.20000	-27
3.20833	-27
3.21667	-27
3.22500	-26
3.23333	-26
3.24167	-26
3.25000	-27
3.25833	-27
3.26667	-27
3.27500	-27
3.28333	-27
3.29167	-27
3.30000	-27
3.30833	-27
3.31667	-27
3.32500	-26
3.33333	-26
3.34167	-26
3.35000	-26
3.35833	-26
3.36667	-26
3.37500	-26
3.38333	-26
3.39167	-26
3.40000	-26
3.40833	-25
3.41667	-25
3.42500	-25
3.43333	-25
3.44167	-24
3.45000	-24
3.45833	-24
3.46667	-23
3.47500	-22
3.48333	-22
3.49167	-21
3.50000	-21
3.50833	-21
3.51667	-20
3.52500	-20
3.53333	-19
3.54167	-19
3.55000	-18
3.55833	-18
3.56667	-17
3.57500	-16
3.58333	-16
3.59167	-15
3.60000	-14
3.60833	-13
3.61667	-11
3.62500	-10
3.63333	-8
3.64167	-7
3.65000	-5
3.65833	-4
3.66667	-2
3.67500	-1
3.68333	0
3.69167	2
3.70000	4
3.70833	7
3.71667	9
3.72500	12
3.73333	15
3.74167	18
3.75000	20
3.75833	23
3.76667	25
3.77500	28
3.78333	30
3.79167	33
3.80000	36
3.80833	39
3.81667	42
3.82500	45
3.83333	48
3.84167	52
3.85000	56
3.85833	59
3.86667	63
3.87500	67
3.88333	71
3.89167	74
3.90000	78
3.90833	83
3.91667	87
3.92500	90
3.93333	94
3.94167	97
3.95000	101
3.95833	105
3.96667	108
3.97500	111
3.98333	114
3.99167	117
4.00000	120
4.00833	122
4.01667	124
4.02500	126
4.03333	128
4.04167	130
4.05000	132
4.05833	134
4.06667	136
4.07500	137
4.08333	138
4.09167	139
4.10000	140
4.10833	140
4.11667	140
4.12500	140
4.13333	139
4.14167	139
4.15000	138
4.15833	136
4.16667	134
4.17500	132
4.18333	131
4.19167	129
4.20000	127
4.20833	124
4.21667	121
4.22500	119
4.23333	116
4.24167	114
4.25000	111
4.25833	108
4.26667	104
4.27500	101
4.28333	97
4.29167	94
4.30000	90
4.30833	86
4.31667	83
4.32500	79
4.33333	75
4.34167	72
4.35000	68
4.35833	64
4.36667	61
4.37500	57
4.38333	53
4.39167	49
4.40000	46
4.40833	42
4.41667	39
4.42500	36
4.43333	33
4.44167	30
4.45000	27
4.45833	24
4.46667	22
4.47500	19
4.48333	16
4.49167	14
4.50000	11
4.50833	9
4.51667	7
4.52500	4
4.53333	2
4.54167	0
4.55000	-2
4.55833	-4
4.56667	-5
4.57500	-7
4.58333	-8
4.59167	-9
4.60000	-11
4.60833	-12
4.61667	-13
4.62500	-15
4.63333	-16
4.64167	-17
4.65000	-17
4.65833	-18
4.66667	-19
4.67500	-20
4.68333	-21
4.69167	-21
4.70000	-22
4.70833	-22
4.71667	-23
4.72500	-23
4.73333	-24
4.74167	-25
4.75000	-25
4.75833	-25
4.76667	-25
4.77500	-25
4.78333	-25
4.79167	-26
4.80000	-26
4.80833	-26
4.81667	-26
4.82500	-26
4.83333	-27
4.84167	-27
4.85000	-28
4.85833	-28
4.86667	-28
4.87500	-28
4.88333	-28
4.89167	-27
4.90000	-27
4.90833	-26
4.91667	-26
4.92500	-26
4.93333	-26
4.94167	-26
4.95000	-25
4.95833	-25
4.96667	-25
4.97500	-24
4.98333	-24
4.99167	-23
5.00000	-23
5.00833	-22
5.01667	-22
5.02500	-22
5.03333	-22
5.04167	-21
5.05000	-21
5.05833	-20
5.06667	-20
5.07500	-20
5.08333	-20
5.09167	-20
5.10000	-19
5.10833	-19
5.11667	-18
5.12500	-18
5.13333	-18
5.14167	-17
5.15000	-17
5.15833	-17
5.16667	-16
5.17500	-16
5.18333	-16
5.19167	-16
5.20000	-16
5.20833	-15
5.21667	-15
5.22500	-15
5.23333	-14
5.24167	-14
5.25000	-14
5.25833	-14
5.26667	-14
5.27500	-13
5.28333	-13
5.29167	-13
5.30000	-12
5.30833	-12
5.31667	-12
5.32500	-12
5.33333	-13
5.34167	-13
5.35000	-13
5.35833	-13
5.36667	-13
5.37500	-13
5.38333	-14
5.39167	-14
5.40000	-14
5.40833	-14
5.41667	-14
5.42500	-15
5.43333	-15
5.44167	-15
5.45000	-14
5.45833	-15
5.46667	-15
5.47500	-15
5.48333	-15
5.49167	-16
5.50000	-16
5.50833	-16
5.51667	-16
5.52500	-16
5.53333	-17
5.54167	-17
5.55000	-17
5.55833	-17
5.56667	-17
5.57500	-17
5.58333	-17
5.59167	-18
5.60000	-18
5.60833	-18
5.61667	-18
5.62500	-19
5.63333	-19
5.64167	-19
5.65000	-19
5.65833	-19
5.66667	-19
5.67500	-20
5.68333	-20
5.69167	-20
5.70000	-20
5.70833	-21
5.71667	-21
5.72500	-21
5.73333	-21
5.74167	-20
5.75000	-20
5.75833	-20
5.76667	-20
5.77500	-20
5.78333	-20
5.79167	-21
5.80000	-21
5.80833	-21
5.81667	-21
5.82500	-21
5.83333	-22
5.84167	-21
5.85000	-21
5.85833	-21
5.86667	-21
5.87500	-21
5.88333	-21
5.89167	-21
5.90000	-22
5.90833	-22
5.91667	-21
5.92500	-21
5.93333	-21
5.94167	-21
5.95000	-21
5.95833	-21
5.96667	-21
5.97500	-21
5.98333	-21
5.99167	-21
6.00000	-21
6.00833	-21
6.01667	-21
6.02500	-21
6.03333	-20
6.04167	-20
6.05000	-20
6.05833	-20
6.06667	-19
6.07500	-19
6.08333	-19
6.09167	-19
6.10000	-20
6.10833	-20
6.11667	-20
6.12500	-20
6.13333	-20
6.14167	-20
6.15000	-20
6.15833	-20
6.16667	-20
6.17500	-19
6.18333	-19
6.19167	-19
6.20000	-19
6.20833	-19
6.21667	-19
6.22500	-19
6.23333	-19
6.24167	-18
6.25000	-18
6.25833	-18
6.26667	-17
6.27500	-16
6.28333	-16
6.29167	-16
6.30000	-15
6.30833	-15
6.31667	-15
6.32500	-15
6.33333	-15
6.34167	-15
6.35000	-15
6.35833	-15
6.36667	-15
6.37500	-14
6.38333	-14
6.39167	-14
6.40000	-14
6.40833	-14
6.41667	-13
6.42500	-13
6.43333	-12
6.44167	-12
6.45000	-12
6.45833	-12
6.46667	-12
6.47500	-12
6.48333	-12
6.49167	-12
6.50000	-12
6.50833	-12
6.51667	-12
6.52500	-12
6.53333	-12
6.54167	-12
6.55000	-11
6.55833	-11
6.56667	-11
6.57500	-11
6.58333	-10
6.59167	-10
6.60000	-10
6.60833	-10
6.61667	-11
6.62500	-11
6.63333	-11
6.64167	-11
6.65000	-11
6.65833	-11
6.66667	-11
6.67500	-11
6.68333	-11
6.69167	-11
6.70000	-12
6.70833	-12
6.71667	-12
6.72500	-12
6.73333	-12
6.74167	-12
6.75000	-12
6.75833	-12
6.76667	-13
6.77500	-13
6.78333	-13
6.79167	-14
6.80000	-14
6.80833	-15
6.81667	-15
6.82500	-15
6.83333	-15
6.84167	-15
6.85000	-15
6.85833	-14
6.86667	-15
6.87500	-15
6.88333	-15
6.89167	-15
6.90000	-15
6.90833	-15
6.91667	-15
6.92500	-16
6.93333	-16
6.94167	-16
6.95000	-15
6.95833	-15
6.96667	-14
6.97500	-14
6.98333	-14
6.99167	-15
7.00000	-15
7.00833	-15
7.01667	-15
7.02500	-14
7.03333	-14
7.04167	-13
7.05000	-13
7.05833	-12
7.06667	-11
7.07500	-9
7.08333	-8
7.09167	-5
7.10000	-2
7.10833	1
7.11667	6
7.12500	13
7.13333	20
7.14167	29
7.15000	39
7.15833	52
7.16667	66
7.17500	83
7.18333	102
7.19167	123
7.20000	146
7.20833	172
7.21667	199
7.22500	229
7.23333	260
7.24167	292
7.25000	325
7.25833	357
7.26667	387
7.27500	414
7.28333	438
7.29167	455
7.30000	465
7.30833	466
7.31667	458
7.32500	440
7.33333	417
7.34167	393
7.35000	377
7.35833	381
7.36667	417
7.37500	505
7.38333	662
7.39167	911
7.40000	1270
7.40833	1760
7.41667	2396
7.42500	3191
7.43333	4152
7.44167	5281
7.45000	6571
7.45833	8004
7.46667	9556
7.47500	11190
7.48333	12860
7.49167	14506
7.50000	16066
7.50833	17469
7.51667	18647
7.52500	19540
7.53333	20100
7.54167	20299
7.55000	20132
7.55833	19616
7.56667	18788
7.57500	17703
7.58333	16425
7.59167	15024
7.60000	13566
7.60833	12109
7.61667	10703
7.62500	9385
7.63333	8179
7.64167	7101
7.65000	6156
7.65833	5340
7.66667	4646
7.67500	4063
7.68333	3578
7.69167	3176
7.70000	2846
7.70833	2574
7.71667	2350
7.72500	2164
7.73333	2008
7.74167	1876
7.75000	1762
7.75833	1662
7.76667	1572
7.77500	1491
7.78333	1416
7.79167	1345
7.80000	1279
7.80833	1215
7.81667	1155
7.82500	1097
7.83333	1042
7.84167	989
7.85000	939
7.85833	891
7.86667	845
7.87500	802
7.88333	762
7.89167	724
7.90000	689
7.90833	657
7.91667	628
7.92500	602
7.93333	579
7.94167	560
7.95000	544
7.95833	531
7.96667	522
7.97500	515
7.98333	512
7.99167	510
8.00000	510
8.00833	511
8.01667	513
8.02500	515
8.03333	517
8.04167	517
8.05000	517
8.05833	515
8.06667	512
8.07500	508
8.08333	501
8.09167	494
8.10000	485
8.10833	474
8.11667	463
8.12500	450
8.13333	437
8.14167	423
8.15000	410
8.15833	396
8.16667	382
8.17500	369
8.18333	357
8.19167	345
8.20000	334
8.20833	323
8.21667	314
8.22500	304
8.23333	296
8.24167	289
8.25000	283
8.25833	277
8.26667	272
8.27500	267
8.28333	264
8.29167	261
8.30000	258
8.30833	255
8.31667	253
8.32500	251
8.33333	250
8.34167	249
8.35000	248
8.35833	247
8.36667	246
8.37500	245
8.38333	244
8.39167	242
8.40000	241
8.40833	240
8.41667	239
8.42500	238
8.43333	238
8.44167	237
8.45000	236
8.45833	235
8.46667	234
8.47500	233
8.48333	232
8.49167	230
8.50000	229
8.50833	229
8.51667	228
8.52500	228
8.53333	227
8.54167	227
8.55000	227
8.55833	227
8.56667	228
8.57500	229
8.58333	231
8.59167	234
8.60000	238
8.60833	243
8.61667	249
8.62500	257
8.63333	267
8.64167	279
8.65000	293
8.65833	310
8.66667	329
8.67500	350
8.68333	374
8.69167	401
8.70000	429
8.70833	460
8.71667	491
8.72500	523
8.73333	555
8.74167	586
8.75000	615
8.75833	642
8.76667	667
8.77500	688
8.78333	705
8.79167	720
8.80000	730
8.80833	737
8.81667	742
8.82500	743
8.83333	742
8.84167	740
8.85000	736
8.85833	733
8.86667	732
8.87500	733
8.88333	737
8.89167	746
8.90000	761
8.90833	782
8.91667	811
8.92500	849
8.93333	897
8.94167	955
8.95000	1023
8.95833	1102
8.96667	1192
8.97500	1291
8.98333	1398
8.99167	1512
9.00000	1631
9.00833	1752
9.01667	1873
9.02500	1992
9.03333	2105
9.04167	2211
9.05000	2307
9.05833	2391
9.06667	2460
9.07500	2514
9.08333	2551
9.09167	2570
9.10000	2572
9.10833	2556
9.11667	2523
9.12500	2475
9.13333	2413
9.14167	2340
9.15000	2256
9.15833	2165
9.16667	2067
9.17500	1964
9.18333	1860
9.19167	1754
9.20000	1650
9.20833	1548
9.21667	1448
9.22500	1353
9.23333	1262
9.24167	1177
9.25000	1098
9.25833	1024
9.26667	957
9.27500	896
9.28333	840
9.29167	789
9.30000	743
9.30833	702
9.31667	667
9.32500	635
9.33333	607
9.34167	583
9.35000	564
9.35833	548
9.36667	535
9.37500	527
9.38333	522
9.39167	521
9.40000	525
9.40833	534
9.41667	550
9.42500	572
9.43333	602
9.44167	642
9.45000	693
9.45833	758
9.46667	839
9.47500	940
9.48333	1064
9.49167	1216
9.50000	1400
9.50833	1621
9.51667	1884
9.52500	2194
9.53333	2556
9.54167	2974
9.55000	3453
9.55833	3995
9.56667	4600
9.57500	5270
9.58333	6001
9.59167	6790
9.60000	7629
9.60833	8512
9.61667	9428
9.62500	10366
9.63333	11313
9.64167	12255
9.65000	13176
9.65833	14061
9.66667	14897
9.67500	15670
9.68333	16369
9.69167	16983
9.70000	17504
9.70833	17927
9.71667	18250
9.72500	18472
9.73333	18597
9.74167	18629
9.75000	18577
9.75833	18449
9.76667	18257
9.77500	18011
9.78333	17723
9.79167	17407
9.80000	17075
9.80833	16737
9.81667	16406
9.82500	16090
9.83333	15798
9.84167	15538
9.85000	15317
9.85833	15138
9.86667	15006
9.87500	14924
9.88333	14892
9.89167	14911
9.90000	14981
9.90833	15100
9.91667	15267
9.92500	15480
9.93333	15737
9.94167	16034
9.95000	16369
9.95833	16738
9.96667	17138
9.97500	17566
9.98333	18018
9.99167	18491
10.00000	18981
10.00833	19484
10.01667	19995
10.02500	20508
10.03333	21013
10.04167	21497
10.05000	21942
10.05833	22322
10.06667	22605
10.07500	22755
10.08333	22735
10.09167	22511
10.10000	22059
10.10833	21367
10.11667	20442
10.12500	19310
10.13333	18008
10.14167	16585
10.15000	15097
10.15833	13595
10.16667	12126
10.17500	10727
10.18333	9428
10.19167	8246
10.20000	7188
10.20833	6256
10.21667	5445
10.22500	4747
10.23333	4151
10.24167	3645
10.25000	3217
10.25833	2857
10.26667	2553
10.27500	2298
10.28333	2083
10.29167	1901
10.30000	1746
10.30833	1614
10.31667	1500
10.32500	1401
10.33333	1315
10.34167	1239
10.35000	1172
10.35833	1112
10.36667	1057
10.37500	1007
10.38333	962
10.39167	921
10.40000	883
10.40833	848
10.41667	816
10.42500	786
10.43333	759
10.44167	734
10.45000	712
10.45833	691
10.46667	673
10.47500	656
10.48333	642
10.49167	630
10.50000	619
10.50833	610
10.51667	603
10.52500	598
10.53333	593
10.54167	590
10.55000	586
10.55833	583
10.56667	579
10.57500	576
10.58333	572
10.59167	568
10.60000	562
10.60833	556
10.61667	549
10.62500	540
10.63333	529
10.64167	518
10.65000	506
10.65833	492
10.66667	477
10.67500	461
10.68333	444
10.69167	428
10.70000	410
10.70833	393
10.71667	375
10.72500	358
10.73333	342
10.74167	326
10.75000	311
10.75833	296
10.76667	281
10.77500	268
10.78333	255
10.79167	243
10.80000	232
10.80833	222
10.81667	212
10.82500	204
10.83333	196
10.84167	189
10.85000	182
10.85833	176
10.86667	171
10.87500	166
10.88333	162
10.89167	159
10.90000	156
10.90833	153
10.91667	150
10.92500	147
10.93333	145
10.94167	143
10.95000	141
10.95833	140
10.96667	140
10.97500	139
10.98333	138
10.99167	137
11.00000	137
11.00833	136
11.01667	136
11.02500	137
11.03333	137
11.04167	138
11.05000	138
11.05833	140
11.06667	142
11.07500	143
11.08333	145
11.09167	148
11.10000	150
11.10833	153
11.11667	156
11.12500	160
11.13333	164
11.14167	169
11.15000	173
11.15833	178
11.16667	184
11.17500	189
11.18333	196
11.19167	203
11.20000	210
11.20833	217
11.21667	224
11.22500	232
11.23333	240
11.24167	248
11.25000	255
11.25833	263
11.26667	270
11.27500	277
11.28333	283
11.29167	289
11.30000	294
11.30833	298
11.31667	302
11.32500	305
11.33333	307
11.34167	308
11.35000	309
11.35833	308
11.36667	306
11.37500	304
11.38333	300
11.39167	296
11.40000	291
11.40833	286
11.41667	281
11.42500	275
11.43333	268
11.44167	261
11.45000	254
11.45833	247
11.46667	240
11.47500	234
11.48333	227
11.49167	221
11.50000	215
11.50833	209
11.51667	203
11.52500	198
11.53333	193
11.54167	188
11.55000	184
11.55833	180
11.56667	177
11.57500	175
11.58333	172
11.59167	170
11.60000	168
11.60833	167
11.61667	166
11.62500	165
11.63333	165
11.64167	164
11.65000	164
11.65833	164
11.66667	164
11.67500	164
11.68333	164
11.69167	165
11.70000	165
11.70833	165
11.71667	164
11.72500	164
11.73333	164
11.74167	163
11.75000	162
11.75833	162
11.76667	161
11.77500	160
11.78333	159
11.79167	158
11.80000	157
11.80833	155
11.81667	154
11.82500	152
11.83333	151
11.84167	149
11.85000	147
11.85833	145
11.86667	142
11.87500	140
11.88333	137
11.89167	135
11.90000	132
11.90833	129
11.91667	127
11.92500	126
11.93333	124
11.94167	122
11.95000	120
11.95833	119
11.96667	117
11.97500	115
11.98333	114
11.99167	112
12.00000	111
12.00833	110
12.01667	110
12.02500	109
12.03333	109
12.04167	109
12.05000	109
12.05833	109
12.06667	110
12.07500	111
12.08333	111
12.09167	112
12.10000	113
12.10833	113
12.11667	113
12.12500	114
12.13333	115
12.14167	115
12.15000	116
12.15833	116
12.16667	116
12.17500	117
12.18333	117
12.19167	117
12.20000	117
12.20833	117
12.21667	116
12.22500	117
12.23333	117
12.24167	116
12.25000	116
12.25833	116
12.26667	116
12.27500	115
12.28333	115
12.29167	114
12.30000	114
12.30833	113
12.31667	111
12.32500	110
12.33333	108
12.34167	106
12.35000	104
12.35833	102
12.36667	100
12.37500	98
12.38333	96
12.39167	94
12.40000	92
12.40833	91
12.41667	89
12.42500	88
12.43333	86
12.44167	85
12.45000	84
12.45833	82
12.46667	81
12.47500	80
12.48333	79
12.49167	78
12.50000	78
12.50833	77
12.51667	77
12.52500	77
12.53333	77
12.54167	77
12.55000	78
12.55833	78
12.56667	79
12.57500	79
12.58333	80
12.59167	81
12.60000	81
12.60833	83
12.61667	84
12.62500	85
12.63333	86
12.64167	88
12.65000	89
12.65833	91
12.66667	92
12.67500	94
12.68333	96
12.69167	98
12.70000	100
12.70833	101
12.71667	103
12.72500	104
12.73333	106
12.74167	107
12.75000	109
12.75833	110
12.76667	112
12.77500	113
12.78333	114
12.79167	115
12.80000	117
12.80833	118
12.81667	119
12.82500	120
12.83333	120
12.84167	121
12.85000	122
12.85833	122
12.86667	123
12.87500	124
12.88333	125
12.89167	125
12.90000	126
12.90833	126
12.91667	127
12.92500	128
12.93333	129
12.94167	130
12.95000	131
12.95833	132
12.96667	133
12.97500	134
12.98333	135
12.99167	137
13.00000	138
13.00833	139
13.01667	140
13.02500	142
13.03333	143
13.04167	144
13.05000	145
13.05833	146
13.06667	147
13.07500	148
13.08333	149
13.09167	150
13.10000	150
13.10833	150
13.11667	150
13.12500	150
13.13333	150
13.14167	149
13.15000	149
13.15833	148
13.16667	148
13.17500	147
13.18333	146
13.19167	145
13.20000	144
13.20833	143
13.21667	142
13.22500	141
13.23333	141
13.24167	140
13.25000	139
13.25833	139
13.26667	138
13.27500	138
13.28333	138
13.29167	138
13.30000	137
13.30833	138
13.31667	138
13.32500	139
13.33333	139
13.34167	140
13.35000	140
13.35833	141
13.36667	142
13.37500	143
13.38333	143
13.39167	143
13.40000	144
13.40833	145
13.41667	145
13.42500	145
13.43333	146
13.44167	147
13.45000	148
13.45833	148
13.46667	149
13.47500	150
13.48333	150
13.49167	151
13.50000	152
13.50833	152
13.51667	153
13.52500	154
13.53333	154
13.54167	154
13.55000	154
13.55833	155
13.56667	155
13.57500	155
13.58333	156
13.59167	156
13.60000	156
13.60833	156
13.61667	157
13.62500	157
13.63333	158
13.64167	159
13.65000	159
13.65833	160
13.66667	161
13.67500	162
13.68333	164
13.69167	166
13.70000	168
13.70833	171
13.71667	174
13.72500	177
13.73333	181
13.74167	185
13.75000	190
13.75833	196
13.76667	202
13.77500	208
13.78333	216
13.79167	224
13.80000	233
13.80833	242
13.81667	253
13.82500	264
13.83333	276
13.84167	288
13.85000	301
13.85833	315
13.86667	329
13.87500	343
13.88333	358
13.89167	372
13.90000	386
13.90833	401
13.91667	414
13.92500	428
13.93333	441
13.94167	453
13.95000	463
13.95833	472
13.96667	480
13.97500	487
13.98333	492
13.99167	496
14.00000	499
14.00833	500
14.01667	499
14.02500	497
14.03333	494
14.04167	490
14.05000	485
14.05833	479
14.06667	472
14.07500	465
14.08333	457
14.09167	450
14.10000	442
14.10833	434
14.11667	425
14.12500	418
14.13333	410
14.14167	403
14.15000	397
14.15833	390
14.16667	384
14.17500	378
14.18333	373
14.19167	368
14.20000	365
14.20833	362
14.21667	359
14.22500	357
14.23333	356
14.24167	355
14.25000	354
14.25833	354
14.26667	354
14.27500	354
14.28333	354
14.29167	355
14.30000	355
14.30833	357
14.31667	358
14.32500	360
14.33333	362
14.34167	365
14.35000	367
14.35833	370
14.36667	373
14.37500	375
14.38333	378
14.39167	381
14.40000	383
14.40833	386
14.41667	389
14.42500	392
14.43333	395
14.44167	397
14.45000	400
14.45833	402
14.46667	405
14.47500	407
14.48333	409
14.49167	411
14.50000	413
14.50833	415
14.51667	417
14.52500	418
14.53333	420
14.54167	421
14.55000	422
14.55833	423
14.56667	424
14.57500	424
14.58333	425
14.59167	424
14.60000	424
14.60833	424
14.61667	423
14.62500	423
14.63333	422
14.64167	421
14.65000	420
14.65833	419
14.66667	418
14.67500	417
14.68333	415
14.69167	414
14.70000	413
14.70833	411
14.71667	409
14.72500	407
14.73333	405
14.74167	403
14.75000	402
14.75833	400
14.76667	398
14.77500	397
14.78333	396
14.79167	395
14.80000	393
14.80833	392
14.81667	390
14.82500	389
14.83333	387
14.84167	385
14.85000	384
14.85833	383
14.86667	381
14.87500	380
14.88333	379
14.89167	377
14.90000	375
14.90833	373
14.91667	371
14.92500	369
14.93333	368
14.94167	366
14.95000	364
14.95833	363
14.96667	361
14.97500	360
14.98333	358
14.99167	356
15.00000	355
15.00833	353
15.01667	352
15.02500	351
15.03333	350
15.04167	349
15.05000	349
15.05833	348
15.06667	348
15.07500	348
15.08333	348
15.09167	349
15.10000	349
15.10833	350
15.11667	351
15.12500	353
15.13333	355
15.14167	356
15.15000	358
15.15833	360
15.16667	362
15.17500	365
15.18333	368
15.19167	370
15.20000	372
15.20833	374
15.21667	377
15.22500	379
15.23333	381
15.24167	383
15.25000	384
15.25833	385
15.26667	385
15.27500	385
15.28333	384
15.29167	383
15.30000	382
15.30833	380
15.31667	378
15.32500	374
15.33333	371
15.34167	367
15.35000	363
15.35833	358
15.36667	353
15.37500	348
15.38333	343
15.39167	339
15.40000	333
15.40833	328
15.41667	322
15.42500	316
15.43333	311
15.44167	306
15.45000	301
15.45833	296
15.46667	292
15.47500	288
15.48333	284
15.49167	280
15.50000	276
15.50833	272
15.51667	269
15.52500	267
15.53333	264
15.54167	262
15.55000	260
15.55833	258
15.56667	257
15.57500	256
15.58333	255
15.59167	255
15.60000	254
15.60833	254
15.61667	254
15.62500	254
15.63333	254
15.64167	255
15.65000	256
15.65833	257
15.66667	259
15.67500	261
15.68333	263
15.69167	265
15.70000	268
15.70833	271
15.71667	274
15.72500	277
15.73333	282
15.74167	286
15.75000	290
15.75833	294
15.76667	298
15.77500	303
15.78333	308
15.79167	313
15.80000	318
15.80833	323
15.81667	328
15.82500	334
15.83333	339
15.84167	345
15.85000	350
15.85833	356
15.86667	362
15.87500	368
15.88333	374
15.89167	381
15.90000	387
15.90833	393
15.91667	400
15.92500	408
15.93333	415
15.94167	424
15.95000	432
15.95833	441
15.96667	451
15.97500	461
15.98333	471
15.99167	483
16.00000	495
16.00833	507
16.01667	520
16.02500	534
16.03333	547
16.04167	561
16.05000	576
16.05833	590
16.06667	605
16.07500	619
16.08333	633
16.09167	647
16.10000	661
16.10833	674
16.11667	686
16.12500	697
16.13333	708
16.14167	717
16.15000	726
16.15833	733
16.16667	739
16.17500	745
16.18333	748
16.19167	751
16.20000	753
16.20833	754
16.21667	754
16.22500	753
16.23333	751
16.24167	749
16.25000	746
16.25833	742
16.26667	738
16.27500	734
16.28333	729
16.29167	725
16.30000	720
16.30833	715
16.31667	710
16.32500	706
16.33333	701
16.34167	697
16.35000	694
16.35833	690
16.36667	687
16.37500	685
16.38333	682
16.39167	680
16.40000	678
16.40833	676
16.41667	674
16.42500	673
16.43333	671
16.44167	670
16.45000	669
16.45833	667
16.46667	666
16.47500	664
16.48333	663
16.49167	661
16.50000	660
16.50833	659
16.51667	657
16.52500	655
16.53333	654
16.54167	653
16.55000	651
16.55833	649
16.56667	647
16.57500	645
16.58333	643
16.59167	640
16.60000	637
16.60833	633
16.61667	629
16.62500	625
16.63333	620
16.64167	615
16.65000	609
16.65833	602
16.66667	595
16.67500	587
16.68333	578
16.69167	568
16.70000	558
16.70833	547
16.71667	536
16.72500	525
16.73333	513
16.74167	500
16.75000	487
16.75833	474
16.76667	460
16.77500	447
16.78333	433
16.79167	419
16.80000	406
16.80833	393
16.81667	380
16.82500	367
16.83333	354
16.84167	343
16.85000	331
16.85833	320
16.86667	309
16.87500	298
16.88333	288
16.89167	278
16.90000	268
16.90833	259
16.91667	250
16.92500	242
16.93333	234
16.94167	226
16.95000	219
16.95833	212
16.96667	205
16.97500	199
16.98333	193
16.99167	187
17.00000	181
17.00833	175
17.01667	170
17.02500	165
17.03333	160
17.04167	155
17.05000	150
17.05833	146
17.06667	141
17.07500	137
17.08333	133
17.09167	129
17.10000	126
17.10833	122
17.11667	119
17.12500	115
17.13333	112
17.14167	109
17.15000	106
17.15833	103
17.16667	100
17.17500	97
17.18333	95
17.19167	92
17.20000	89
17.20833	87
17.21667	84
17.22500	81
17.23333	79
17.24167	77
17.25000	76
17.25833	74
17.26667	72
17.27500	70
17.28333	68
17.29167	67
17.30000	65
17.30833	63
17.31667	62
17.32500	60
17.33333	58
17.34167	57
17.35000	55
17.35833	54
17.36667	53
17.37500	52
17.38333	51
17.39167	50
17.40000	50
17.40833	49
17.41667	49
17.42500	48
17.43333	48
17.44167	47
17.45000	47
17.45833	46
17.46667	45
17.47500	45
17.48333	45
17.49167	45
17.50000	45
17.50833	45
17.51667	45
17.52500	45
17.53333	45
17.54167	45
17.55000	45
17.55833	45
17.56667	45
17.57500	45
17.58333	46
17.59167	46
17.60000	46
17.60833	47
17.61667	48
17.62500	49
17.63333	50
17.64167	51
17.65000	52
17.65833	54
17.66667	56
17.67500	58
17.68333	60
17.69167	62
17.70000	65
17.70833	68
17.71667	71
17.72500	74
17.73333	77
17.74167	81
17.75000	85
17.75833	90
17.76667	95
17.77500	102
17.78333	108
17.79167	116
17.80000	124
17.80833	133
17.81667	143
17.82500	153
17.83333	166
17.84167	179
17.85000	193
17.85833	209
17.86667	226
17.87500	246
17.88333	267
17.89167	290
17.90000	315
17.90833	342
17.91667	372
17.92500	404
17.93333	438
17.94167	475
17.95000	515
17.95833	557
17.96667	602
17.97500	649
17.98333	698
17.99167	749
18.00000	802
18.00833	856
18.01667	911
18.02500	967
18.03333	1024
18.04167	1080
18.05000	1135
18.05833	1190
18.06667	1242
18.07500	1292
18.08333	1339
18.09167	1383
18.10000	1422
18.10833	1457
18.11667	1486
18.12500	1511
18.13333	1531
18.14167	1544
18.15000	1552
18.15833	1553
18.16667	1549
18.17500	1539
18.18333	1523
18.19167	1503
18.20000	1477
18.20833	1447
18.21667	1412
18.22500	1374
18.23333	1332
18.24167	1287
18.25000	1240
18.25833	1191
18.26667	1141
18.27500	1090
18.28333	1039
18.29167	988
18.30000	937
18.30833	887
18.31667	838
18.32500	791
18.33333	745
18.34167	700
18.35000	658
18.35833	617
18.36667	579
18.37500	543
18.38333	509
18.39167	477
18.40000	447
18.40833	418
18.41667	392
18.42500	368
18.43333	346
18.44167	325
18.45000	307
18.45833	290
18.46667	274
18.47500	259
18.48333	247
18.49167	235
18.50000	225
18.50833	216
18.51667	208
18.52500	200
18.53333	193
18.54167	188
18.55000	183
18.55833	179
18.56667	177
18.57500	175
18.58333	173
18.59167	173
18.60000	173
18.60833	173
18.61667	175
18.62500	178
18.63333	182
18.64167	186
18.65000	192
18.65833	198
18.66667	205
18.67500	213
18.68333	222
18.69167	232
18.70000	243
18.70833	255
18.71667	268
18.72500	283
18.73333	299
18.74167	316
18.75000	334
18.75833	353
18.76667	372
18.77500	392
18.78333	413
18.79167	434
18.80000	456
18.80833	478
18.81667	501
18.82500	523
18.83333	545
18.84167	566
18.85000	587
18.85833	607
18.86667	627
18.87500	644
18.88333	660
18.89167	675
18.90000	688
18.90833	699
18.91667	708
18.92500	715
18.93333	720
18.94167	723
18.95000	724
18.95833	723
18.96667	719
18.97500	713
18.98333	705
18.99167	695
19.00000	683
19.00833	669
19.01667	654
19.02500	636
19.03333	618
19.04167	599
19.05000	579
19.05833	558
19.06667	537
19.07500	515
19.08333	493
19.09167	471
19.10000	449
19.10833	427
19.11667	405
19.12500	384
19.13333	364
19.14167	344
19.15000	325
19.15833	307
19.16667	289
19.17500	272
19.18333	256
19.19167	240
19.20000	225
19.20833	212
19.21667	199
19.22500	187
19.23333	176
19.24167	166
19.25000	156
19.25833	147
19.26667	139
19.27500	132
19.28333	126
19.29167	120
19.30000	114
19.30833	109
19.31667	104
19.32500	100
19.33333	97
19.34167	94
19.35000	91
19.35833	89
19.36667	87
19.37500	86
19.38333	85
19.39167	84
19.40000	83
19.40833	82
19.41667	81
19.42500	81
19.43333	81
19.44167	81
19.45000	81
19.45833	81
19.46667	81
19.47500	81
19.48333	80
19.49167	80
19.50000	80
19.50833	79
19.51667	79
19.52500	78
19.53333	78
19.54167	78
19.55000	77
19.55833	77
19.56667	76
19.57500	75
19.58333	74
19.59167	72
19.60000	71
19.60833	69
19.61667	67
19.62500	65
19.63333	64
19.64167	62
19.65000	60
19.65833	59
19.66667	57
19.67500	56
19.68333	54
19.69167	52
19.70000	51
19.70833	49
19.71667	48
19.72500	47
19.73333	45
19.74167	44
19.75000	43
19.75833	41
19.76667	40
19.77500	38
19.78333	37
19.79167	36
19.80000	35
19.80833	34
19.81667	34
19.82500	33
19.83333	33
19.84167	32
19.85000	31
19.85833	31
19.86667	31
19.87500	30
19.88333	30
19.89167	30
19.90000	30
19.90833	30
19.91667	30
19.92500	30
19.93333	30
19.94167	30
19.95000	30
19.95833	30
19.96667	30
19.97500	30
19.98333	31
19.99167	31
20.00000	30
20.00833	30
20.01667	30
20.02500	31
20.03333	31
20.04167	31
20.05000	32
20.05833	32
20.06667	32
20.07500	32
20.08333	33
20.09167	33
20.10000	33
20.10833	33
20.11667	34
20.12500	34
20.13333	34
20.14167	34
20.15000	34
20.15833	34
20.16667	34
20.17500	34
20.18333	34
20.19167	35
20.20000	35
20.20833	36
20.21667	36
20.22500	37
20.23333	37
20.24167	37
20.25000	38
20.25833	38
20.26667	39
20.27500	40
20.28333	40
20.29167	41
20.30000	42
20.30833	43
20.31667	44
20.32500	45
20.33333	46
20.34167	48
20.35000	49
20.35833	50
20.36667	51
20.37500	53
20.38333	55
20.39167	57
20.40000	60
20.40833	63
20.41667	65
20.42500	68
20.43333	71
20.44167	75
20.45000	78
20.45833	82
20.46667	86
20.47500	90
20.48333	95
20.49167	100
20.50000	105
20.50833	111
20.51667	117
20.52500	123
20.53333	130
20.54167	138
20.55000	147
20.55833	156
20.56667	165
20.57500	176
20.58333	187
20.59167	199
20.60000	211
20.60833	225
20.61667	239
20.62500	255
20.63333	271
20.64167	289
20.65000	308
20.65833	328
20.66667	350
20.67500	374
20.68333	399
20.69167	425
20.70000	452
20.70833	481
20.71667	511
20.72500	543
20.73333	577
20.74167	611
20.75000	648
20.75833	685
20.76667	723
20.77500	763
20.78333	804
20.79167	845
20.80000	887
20.80833	930
20.81667	972
20.82500	1015
20.83333	1058
20.84167	1101
20.85000	1144
20.85833	1186
20.86667	1228
20.87500	1269
20.88333	1309
20.89167	1349
20.90000	1387
20.90833	1424
20.91667	1460
20.92500	1495
20.93333	1529
20.94167	1563
20.95000	1595
20.95833	1627
20.96667	1659
20.97500	1689
20.98333	1720
20.99167	1750
21.00000	1780
21.00833	1810
21.01667	1840
21.02500	1871
21.03333	1902
21.04167	1935
21.05000	1969
21.05833	2006
21.06667	2044
21.07500	2084
21.08333	2128
21.09167	2174
21.10000	2224
21.10833	2278
21.11667	2338
21.12500	2402
21.13333	2472
21.14167	2548
21.15000	2632
21.15833	2723
21.16667	2821
21.17500	2930
21.18333	3047
21.19167	3175
21.20000	3315
21.20833	3466
21.21667	3629
21.22500	3804
21.23333	3994
21.24167	4197
21.25000	4416
21.25833	4648
21.26667	4896
21.27500	5159
21.28333	5436
21.29167	5728
21.30000	6034
21.30833	6354
21.31667	6687
21.32500	7033
21.33333	7389
21.34167	7755
21.35000	8129
21.35833	8509
21.36667	8894
21.37500	9281
21.38333	9669
21.39167	10054
21.40000	10435
21.40833	10810
21.41667	11175
21.42500	11528
21.43333	11867
21.44167	12189
21.45000	12492
21.45833	12774
21.46667	13033
21.47500	13267
21.48333	13474
21.49167	13652
21.50000	13801
21.50833	13919
21.51667	14006
21.52500	14061
21.53333	14083
21.54167	14073
21.55000	14032
21.55833	13959
21.56667	13855
21.57500	13722
21.58333	13561
21.59167	13373
21.60000	13160
21.60833	12923
21.61667	12664
21.62500	12386
21.63333	12090
21.64167	11778
21.65000	11453
21.65833	11116
21.66667	10770
21.67500	10416
21.68333	10057
21.69167	9694
21.70000	9330
21.70833	8965
21.71667	8601
21.72500	8241
21.73333	7885
21.74167	7535
21.75000	7191
21.75833	6854
21.76667	6527
21.77500	6208
21.78333	5899
21.79167	5600
21.80000	5312
21.80833	5035
21.81667	4769
21.82500	4513
21.83333	4269
21.84167	4035
21.85000	3812
21.85833	3600
21.86667	3399
21.87500	3208
21.88333	3026
21.89167	2854
21.90000	2690
21.90833	2536
21.91667	2390
21.92500	2252
21.93333	2122
21.94167	2000
21.95000	1885
21.95833	1775
21.96667	1673
21.97500	1576
21.98333	1485
21.99167	1399
22.00000	1318
22.00833	1242
22.01667	1171
22.02500	1104
22.03333	1041
22.04167	982
22.05000	927
22.05833	875
22.06667	826
22.07500	781
22.08333	739
22.09167	699
22.10000	663
22.10833	628
22.11667	596
22.12500	567
22.13333	540
22.14167	515
22.15000	492
22.15833	470
22.16667	450
22.17500	432
22.18333	415
22.19167	401
22.20000	387
22.20833	375
22.21667	364
22.22500	354
22.23333	345
22.24167	337
22.25000	330
22.25833	324
22.26667	319
22.27500	314
22.28333	310
22.29167	306
22.30000	302
22.30833	300
22.31667	297
22.32500	295
22.33333	293
22.34167	292
22.35000	290
22.35833	289
22.36667	287
22.37500	285
22.38333	284
22.39167	282
22.40000	280
22.40833	278
22.41667	276
22.42500	273
22.43333	270
22.44167	267
22.45000	264
22.45833	260
22.46667	256
22.47500	252
22.48333	247
22.49167	242
22.50000	236
22.50833	230
22.51667	223
22.52500	217
22.53333	210
22.54167	203
22.55000	195
22.55833	187
22.56667	179
22.57500	172
22.58333	163
22.59167	154
22.60000	145
22.60833	137
22.61667	127
22.62500	118
22.63333	109
22.64167	100
22.65000	92
22.65833	83
22.66667	75
22.67500	67
22.68333	59
22.69167	50
22.70000	42
22.70833	35
22.71667	27
22.72500	20
22.73333	13
22.74167	6
22.75000	-0
22.75833	-6
22.76667	-12
22.77500	-17
22.78333	-22
22.79167	-26
22.80000	-30
22.80833	-34
22.81667	-37
22.82500	-40
22.83333	-43
22.84167	-45
22.85000	-47
22.85833	-48
22.86667	-49
22.87500	-49
22.88333	-50
22.89167	-50
22.90000	-50
22.90833	-49
22.91667	-48
22.92500	-47
22.93333	-46
22.94167	-44
22.95000	-42
22.95833	-40
22.96667	-38
22.97500	-36
22.98333	-34
22.99167	-32
23.00000	-29
23.00833	-27
23.01667	-24
23.02500	-22
23.03333	-20
23.04167	-18
23.05000	-15
23.05833	-13
23.06667	-11
23.07500	-8
23.08333	-6
23.09167	-4
23.10000	-2
23.10833	0
23.11667	2
23.12500	3
23.13333	5
23.14167	6
23.15000	7
23.15833	9
23.16667	10
23.17500	11
23.18333	12
23.19167	12
23.20000	13
23.20833	13
23.21667	13
23.22500	13
23.23333	14
23.24167	14
23.25000	14
23.25833	14
23.26667	15
23.27500	15
23.28333	14
23.29167	14
23.30000	14
23.30833	13
23.31667	13
23.32500	12
23.33333	12
23.34167	12
23.35000	11
23.35833	10
23.36667	10
23.37500	9
23.38333	8
23.39167	8
23.40000	7
23.40833	7
23.41667	7
23.42500	6
23.43333	5
23.44167	5
23.45000	4
23.45833	4
23.46667	4
23.47500	3
23.48333	3
23.49167	2
23.50000	1
23.50833	1
23.51667	0
23.52500	-0
23.53333	-1
23.54167	-2
23.55000	-2
23.55833	-2
23.56667	-2
23.57500	-2
23.58333	-2
23.59167	-3
23.60000	-3
23.60833	-3
23.61667	-4
23.62500	-4
23.63333	-4
23.64167	-4
23.65000	-4
23.65833	-4
23.66667	-5
23.67500	-4
23.68333	-4
23.69167	-5
23.70000	-5
23.70833	-5
23.71667	-5
23.72500	-5
23.73333	-5
23.74167	-5
23.75000	-5
23.75833	-5
23.76667	-4
23.77500	-4
23.78333	-5
23.79167	-5
23.80000	-5
23.80833	-5
23.81667	-5
23.82500	-5
23.83333	-5
23.84167	-5
23.85000	-5
23.85833	-5
23.86667	-4
23.87500	-5
23.88333	-5
23.89167	-4
23.90000	-4
23.90833	-4
23.91667	-4
23.92500	-3
23.93333	-3
23.94167	-3
23.95000	-3
23.95833	-3
23.96667	-3
23.97500	-3
23.98333	-3
23.99167	-3
24.00000	-3
24.00833	-3
24.01667	-3
24.02500	-3
24.03333	-4
24.04167	-3
24.05000	-3
24.05833	-3
24.06667	-3
24.07500	-4
24.08333	-4
24.09167	-4
24.10000	-5
24.10833	-5
24.11667	-5
24.12500	-6
24.13333	-6
24.14167	-7
24.15000	-8
24.15833	-9
24.16667	-10
24.17500	-11
24.18333	-12
24.19167	-13
24.20000	-14
24.20833	-14
24.21667	-15
24.22500	-17
24.23333	-18
24.24167	-20
24.25000	-21
24.25833	-23
24.26667	-24
24.27500	-26
24.28333	-28
24.29167	-29
24.30000	-31
24.30833	-32
24.31667	-34
24.32500	-36
24.33333	-37
24.34167	-39
24.35000	-40
24.35833	-42
24.36667	-44
24.37500	-45
24.38333	-47
24.39167	-49
24.40000	-50
24.40833	-52
24.41667	-53
24.42500	-55
24.43333	-57
24.44167	-58
24.45000	-59
24.45833	-60
24.46667	-61
24.47500	-62
24.48333	-63
24.49167	-64
24.50000	-64
24.50833	-64
24.51667	-65
24.52500	-65
24.53333	-66
24.54167	-67
24.55000	-67
24.55833	-67
24.56667	-67
24.57500	-67
24.58333	-67
24.59167	-67
24.60000	-67
24.60833	-67
24.61667	-67
24.62500	-66
24.63333	-66
24.64167	-66
24.65000	-65
24.65833	-65
24.66667	-65
24.67500	-64
24.68333	-64
24.69167	-63
24.70000	-62
24.70833	-61
24.71667	-60
24.72500	-59
24.73333	-58
24.74167	-57
24.75000	-56
24.75833	-55
24.76667	-55
24.77500	-54
24.78333	-53
24.79167	-52
24.80000	-51
24.80833	-51
24.81667	-50
24.82500	-49
24.83333	-48
24.84167	-47
24.85000	-46
24.85833	-46
24.86667	-45
24.87500	-44
24.88333	-42
24.89167	-42
24.90000	-41
24.90833	-40
24.91667	-39
24.92500	-38
24.93333	-37
24.94167	-36
24.95000	-35
24.95833	-35
24.96667	-34
24.97500	-34
24.98333	-33
24.99167	-33
25.00000	-32
25.00833	-31
25.01667	-31
25.02500	-30
25.03333	-29
25.04167	-29
25.05000	-28
25.05833	-28
25.06667	-27
25.07500	-27
25.08333	-27
25.09167	-27
25.10000	-27
25.10833	-27
25.11667	-27
25.12500	-26
25.13333	-26
25.14167	-25
25.15000	-24
25.15833	-23
25.16667	-23
25.17500	-22
25.18333	-22
25.19167	-21
25.20000	-21
25.20833	-21
25.21667	-20
25.22500	-20
25.23333	-19
25.24167	-18
25.25000	-18
25.25833	-17
25.26667	-16
25.27500	-16
25.28333	-15
25.29167	-15
25.30000	-14
25.30833	-13
25.31667	-12
25.32500	-11
25.33333	-10
25.34167	-9
25.35000	-8
25.35833	-7
25.36667	-6
25.37500	-5
25.38333	-4
25.39167	-3
25.40000	-2
25.40833	-1
25.41667	-0
25.42500	1
25.43333	2
25.44167	3
25.45000	5
25.45833	6
25.46667	7
25.47500	9
25.48333	10
25.49167	11
25.50000	12
25.50833	14
25.51667	15
25.52500	17
25.53333	19
25.54167	21
25.55000	23
25.55833	24
25.56667	26
25.57500	27
25.58333	29
25.59167	30
25.60000	32
25.60833	33
25.61667	35
25.62500	36
25.63333	38
25.64167	40
25.65000	42
25.65833	44
25.66667	45
25.67500	47
25.68333	49
25.69167	50
25.70000	52
25.70833	54
25.71667	56
25.72500	58
25.73333	59
25.74167	61
25.75000	63
25.75833	64
25.76667	66
25.77500	67
25.78333	69
25.79167	70
25.80000	72
25.80833	73
25.81667	74
25.82500	76
25.83333	77
25.84167	78
25.85000	80
25.85833	81
25.86667	83
25.87500	84
25.88333	85
25.89167	87
25.90000	89
25.90833	91
25.91667	93
25.92500	95
25.93333	97
25.94167	99
25.95000	101
25.95833	103
25.96667	105
25.97500	108
25.98333	111
25.99167	114
26.00000	117
26.00833	120
26.01667	124
26.02500	128
26.03333	132
26.04167	137
26.05000	142
26.05833	147
26.06667	153
26.07500	159
26.08333	165
26.09167	172
26.10000	179
26.10833	186
26.11667	194
26.12500	203
26.13333	212
26.14167	221
26.15000	230
26.15833	241
26.16667	252
26.17500	264
26.18333	276
26.19167	289
26.20000	303
26.20833	318
26.21667	333
26.22500	349
26.23333	366
26.24167	383
26.25000	402
26.25833	421
26.26667	441
26.27500	462
26.28333	483
26.29167	505
26.30000	527
26.30833	551
26.31667	575
26.32500	600
26.33333	625
26.34167	651
26.35000	676
26.35833	702
26.36667	728
26.37500	754
26.38333	780
26.39167	806
26.40000	831
26.40833	857
26.41667	882
26.42500	906
26.43333	929
26.44167	952
26.45000	974
26.45833	994
26.46667	1013
26.47500	1031
26.48333	1047
26.49167	1062
26.50000	1075
26.50833	1087
26.51667	1096
26.52500	1103
26.53333	1109
26.54167	1113
26.55000	1114
26.55833	1114
26.56667	1111
26.57500	1106
26.58333	1100
26.59167	1092
26.60000	1082
26.60833	1070
26.61667	1057
26.62500	1042
26.63333	1025
26.64167	1007
26.65000	987
26.65833	966
26.66667	944
26.67500	921
26.68333	897
26.69167	872
26.70000	847
26.70833	821
26.71667	794
26.72500	768
26.73333	741
26.74167	714
26.75000	688
26.75833	661
26.76667	634
26.77500	608
26.78333	582
26.79167	556
26.80000	531
26.80833	506
26.81667	482
26.82500	459
26.83333	436
26.84167	414
26.85000	393
26.85833	372
26.86667	353
26.87500	334
26.88333	316
26.89167	298
26.90000	281
26.90833	265
26.91667	250
26.92500	235
26.93333	222
26.94167	209
26.95000	197
26.95833	185
26.96667	174
26.97500	164
26.98333	154
26.99167	144
27.00000	135
27.00833	127
27.01667	119
27.02500	112
27.03333	105
27.04167	98
27.05000	92
27.05833	87
27.06667	81
27.07500	76
27.08333	71
27.09167	66
27.10000	62
27.10833	59
27.11667	55
27.12500	52
27.13333	48
27.14167	45
27.15000	42
27.15833	39
27.16667	37
27.17500	34
27.18333	32
27.19167	30
27.20000	28
27.20833	26
27.21667	24
27.22500	22
27.23333	20
27.24167	18
27.25000	17
27.25833	16
27.26667	14
27.27500	13
27.28333	11
27.29167	10
27.30000	9
27.30833	7
27.31667	7
27.32500	6
27.33333	6
27.34167	5
27.35000	4
27.35833	3
27.36667	3
27.37500	2
27.38333	2
27.39167	1
27.40000	1
27.40833	0
27.41667	0
27.42500	0
27.43333	-0
27.44167	-0
27.45000	-0
27.45833	-0
27.46667	-1
27.47500	-1
27.48333	-1
27.49167	-1
27.50000	-1
27.50833	-1
27.51667	-1
27.52500	-2
27.53333	-2
27.54167	-3
27.55000	-3
27.55833	-2
27.56667	-2
27.57500	-2
27.58333	-2
27.59167	-2
27.60000	-1
27.60833	-1
27.61667	-1
27.62500	-1
27.63333	-1
27.64167	-1
27.65000	-1
27.65833	-0
27.66667	-0
27.67500	-1
27.68333	-1
27.69167	-1
27.70000	-1
27.70833	-1
27.71667	-1
27.72500	-1
27.73333	-1
27.74167	-0
27.75000	0
27.75833	1
27.76667	1
27.77500	1
27.78333	1
27.79167	1
27.80000	1
27.80833	1
27.81667	1
27.82500	1
27.83333	0
27.84167	1
27.85000	1
27.85833	1
27.86667	1
27.87500	2
27.88333	2
27.89167	2
27.90000	2
27.90833	2
27.91667	2
27.92500	3
27.93333	3
27.94167	3
27.95000	3
27.95833	3
27.96667	3
27.97500	3
27.98333	4
27.99167	4
28.00000	4

