R.Time (min)	Intensity
0.00000	-18
0.00833	-18
0.01667	0
0.02500	0
0.03333	0
0.04167	-0
0.05000	-1
0.05833	-1
0.06667	-2
0.07500	-2
0.08333	-2
0.09167	-2
0.10000	-1
0.10833	-1
0.11667	-1
0.12500	-0
0.13333	-0
0.14167	-0
0.15000	0
0.15833	0
0.16667	0
0.17500	0
0.18333	0
0.19167	0
0.20000	1
0.20833	1
0.21667	1
0.22500	1
0.23333	1
0.24167	1
0.25000	1
0.25833	1
0.26667	1
0.27500	1
0.28333	1
0.29167	1
0.30000	1
0.30833	1
0.31667	1
0.32500	0
0.33333	0
0.34167	0
0.35000	0
0.35833	0
0.36667	1
0.37500	1
0.38333	1
0.39167	1
0.40000	1
0.40833	1
0.41667	1
0.42500	0
0.43333	0
0.44167	0
0.45000	-0
0.45833	-1
0.46667	-0
0.47500	0
0.48333	1
0.49167	1
0.50000	1
0.50833	1
0.51667	0
0.52500	0
0.53333	0
0.54167	-0
0.55000	-0
0.55833	-0
0.56667	0
0.57500	0
0.58333	0
0.59167	0
0.60000	-0
0.60833	-0
0.61667	-1
0.62500	-1
0.63333	-1
0.64167	-1
0.65000	-1
0.65833	-1
0.66667	-1
0.67500	-1
0.68333	-1
0.69167	-1
0.70000	-0
0.70833	-0
0.71667	-1
0.72500	-1
0.73333	-1
0.74167	-1
0.75000	-1
0.75833	-1
0.76667	-1
0.77500	-1
0.78333	-1
0.79167	-1
0.80000	-1
0.80833	-1
0.81667	-1
0.82500	-1
0.83333	-1
0.84167	-1
0.85000	-1
0.85833	-2
0.86667	-3
0.87500	-3
0.88333	-3
0.89167	-3
0.90000	-4
0.90833	-4
0.91667	-4
0.92500	-5
0.93333	-5
0.94167	-5
0.95000	-5
0.95833	-6
0.96667	-6
0.97500	-6
0.98333	-6
0.99167	-7
1.00000	-7
1.00833	-7
1.01667	-7
1.02500	-8
1.03333	-9
1.04167	-9
1.05000	-9
1.05833	-9
1.06667	-9
1.07500	-10
1.08333	-10
1.09167	-10
1.10000	-10
1.10833	-9
1.11667	-9
1.12500	-9
1.13333	-9
1.14167	-9
1.15000	-9
1.15833	-10
1.16667	-10
1.17500	-10
1.18333	-10
1.19167	-10
1.20000	-10
1.20833	-10
1.21667	-10
1.22500	-10
1.23333	-10
1.24167	-10
1.25000	-10
1.25833	-10
1.26667	-10
1.27500	-10
1.28333	-10
1.29167	-10
1.30000	-10
1.30833	-10
1.31667	-10
1.32500	-10
1.33333	-9
1.34167	-9
1.35000	-9
1.35833	-9
1.36667	-9
1.37500	-9
1.38333	-8
1.39167	-8
1.40000	-8
1.40833	-7
1.41667	-7
1.42500	-7
1.43333	-7
1.44167	-7
1.45000	-7
1.45833	-6
1.46667	-6
1.47500	-6
1.48333	-5
1.49167	-5
1.50000	-5
1.50833	-5
1.51667	-5
1.52500	-5
1.53333	-5
1.54167	-5
1.55000	-4
1.55833	-4
1.56667	-4
1.57500	-5
1.58333	-5
1.59167	-5
1.60000	-5
1.60833	-5
1.61667	-5
1.62500	-6
1.63333	-6
1.64167	-7
1.65000	-7
1.65833	-7
1.66667	-7
1.67500	-7
1.68333	-7
1.69167	-7
1.70000	-6
1.70833	-6
1.71667	-6
1.72500	-6
1.73333	-6
1.74167	-7
1.75000	-7
1.75833	-6
1.76667	-6
1.77500	-6
1.78333	-6
1.79167	-6
1.80000	-6
1.80833	-6
1.81667	-5
1.82500	-4
1.83333	-4
1.84167	-4
1.85000	-3
1.85833	-2
1.86667	-2
1.87500	-1
1.88333	-1
1.89167	-1
1.90000	-1
1.90833	-0
1.91667	-0
1.92500	0
1.93333	0
1.94167	0
1.95000	0
1.95833	0
1.96667	1
1.97500	1
1.98333	1
1.99167	1
2.00000	2
2.00833	2
2.01667	3
2.02500	3
2.03333	3
2.04167	3
2.05000	3
2.05833	4
2.06667	4
2.07500	4
2.08333	4
2.09167	4
2.10000	5
2.10833	5
2.11667	5
2.12500	5
2.13333	4
2.14167	4
2.15000	4
2.15833	4
2.16667	5
2.17500	4
2.18333	4
2.19167	4
2.20000	4
2.20833	4
2.21667	4
2.22500	4
2.23333	4
2.24167	3
2.25000	3
2.25833	3
2.26667	2
2.27500	2
2.28333	2
2.29167	2
2.30000	2
2.30833	2
2.31667	2
2.32500	3
2.33333	3
2.34167	3
2.35000	3
2.35833	3
2.36667	3
2.37500	3
2.38333	4
2.39167	4
2.40000	4
2.40833	4
2.41667	4
2.42500	4
2.43333	4
2.44167	4
2.45000	4
2.45833	4
2.46667	4
2.47500	5
2.48333	5
2.49167	5
2.50000	5
2.50833	6
2.51667	6
2.52500	5
2.53333	5
2.54167	5
2.55000	5
2.55833	5
2.56667	5
2.57500	4
2.58333	4
2.59167	4
2.60000	4
2.60833	4
2.61667	4
2.62500	4
2.63333	3
2.64167	3
2.65000	3
2.65833	3
2.66667	3
2.67500	4
2.68333	4
2.69167	3
2.70000	3
2.70833	2
2.71667	2
2.72500	2
2.73333	1
2.74167	1
2.75000	0
2.75833	0
2.76667	-0
2.77500	-0
2.78333	0
2.79167	0
2.80000	-0
2.80833	-0
2.81667	-0
2.82500	-0
2.83333	-1
2.84167	-1
2.85000	-1
2.85833	-0
2.86667	0
2.87500	0
2.88333	0
2.89167	0
2.90000	0
2.90833	-0
2.91667	-0
2.92500	-0
2.93333	-0
2.94167	-0
2.95000	-0
2.95833	-0
2.96667	-0
2.97500	-0
2.98333	-0
2.99167	-1
3.00000	-1
3.00833	-1
3.01667	-1
3.02500	-1
3.03333	-1
3.04167	-1
3.05000	-1
3.05833	-2
3.06667	-2
3.07500	-3
3.08333	-3
3.09167	-3
3.10000	-3
3.10833	-4
3.11667	-4
3.12500	-4
3.13333	-4
3.14167	-4
3.15000	-4
3.15833	-4
3.16667	-4
3.17500	-5
3.18333	-5
3.19167	-5
3.20000	-5
3.20833	-5
3.21667	-5
3.22500	-5
3.23333	-5
3.24167	-5
3.25000	-5
3.25833	-5
3.26667	-5
3.27500	-5
3.28333	-5
3.29167	-5
3.30000	-4
3.30833	-4
3.31667	-4
3.32500	-4
3.33333	-4
3.34167	-3
3.35000	-3
3.35833	-3
3.36667	-2
3.37500	-2
3.38333	-1
3.39167	-1
3.40000	-0
3.40833	1
3.41667	1
3.42500	2
3.43333	2
3.44167	3
3.45000	4
3.45833	4
3.46667	5
3.47500	5
3.48333	6
3.49167	6
3.50000	7
3.50833	7
3.51667	8
3.52500	9
3.53333	10
3.54167	11
3.55000	12
3.55833	13
3.56667	14
3.57500	14
3.58333	14
3.59167	15
3.60000	16
3.60833	17
3.61667	18
3.62500	19
3.63333	21
3.64167	22
3.65000	24
3.65833	26
3.66667	27
3.67500	29
3.68333	31
3.69167	33
3.70000	35
3.70833	38
3.71667	40
3.72500	42
3.73333	45
3.74167	48
3.75000	51
3.75833	54
3.76667	57
3.77500	60
3.78333	64
3.79167	67
3.80000	70
3.80833	73
3.81667	77
3.82500	80
3.83333	84
3.84167	88
3.85000	91
3.85833	95
3.86667	99
3.87500	103
3.88333	107
3.89167	111
3.90000	115
3.90833	118
3.91667	122
3.92500	125
3.93333	129
3.94167	132
3.95000	135
3.95833	138
3.96667	141
3.97500	144
3.98333	147
3.99167	150
4.00000	152
4.00833	154
4.01667	156
4.02500	158
4.03333	160
4.04167	161
4.05000	163
4.05833	164
4.06667	165
4.07500	165
4.08333	166
4.09167	166
4.10000	166
4.10833	166
4.11667	165
4.12500	164
4.13333	163
4.14167	162
4.15000	161
4.15833	159
4.16667	158
4.17500	156
4.18333	154
4.19167	151
4.20000	149
4.20833	146
4.21667	143
4.22500	140
4.23333	137
4.24167	134
4.25000	130
4.25833	126
4.26667	123
4.27500	119
4.28333	115
4.29167	111
4.30000	107
4.30833	103
4.31667	100
4.32500	96
4.33333	92
4.34167	89
4.35000	85
4.35833	82
4.36667	79
4.37500	76
4.38333	72
4.39167	68
4.40000	64
4.40833	61
4.41667	57
4.42500	54
4.43333	51
4.44167	47
4.45000	44
4.45833	42
4.46667	39
4.47500	36
4.48333	34
4.49167	32
4.50000	29
4.50833	27
4.51667	26
4.52500	24
4.53333	23
4.54167	21
4.55000	19
4.55833	18
4.56667	16
4.57500	15
4.58333	14
4.59167	13
4.60000	11
4.60833	10
4.61667	9
4.62500	8
4.63333	7
4.64167	6
4.65000	5
4.65833	4
4.66667	3
4.67500	2
4.68333	2
4.69167	1
4.70000	1
4.70833	1
4.71667	1
4.72500	0
4.73333	-0
4.74167	-1
4.75000	-1
4.75833	-1
4.76667	-1
4.77500	-2
4.78333	-1
4.79167	-1
4.80000	-2
4.80833	-2
4.81667	-1
4.82500	-1
4.83333	-1
4.84167	-1
4.85000	-1
4.85833	-1
4.86667	-1
4.87500	-1
4.88333	-0
4.89167	0
4.90000	1
4.90833	0
4.91667	0
4.92500	0
4.93333	1
4.94167	1
4.95000	2
4.95833	2
4.96667	2
4.97500	3
4.98333	3
4.99167	3
5.00000	4
5.00833	4
5.01667	4
5.02500	4
5.03333	5
5.04167	5
5.05000	5
5.05833	5
5.06667	6
5.07500	6
5.08333	7
5.09167	7
5.10000	7
5.10833	8
5.11667	9
5.12500	9
5.13333	9
5.14167	9
5.15000	9
5.15833	9
5.16667	9
5.17500	10
5.18333	10
5.19167	10
5.20000	10
5.20833	10
5.21667	10
5.22500	11
5.23333	11
5.24167	12
5.25000	12
5.25833	12
5.26667	12
5.27500	12
5.28333	13
5.29167	13
5.30000	13
5.30833	13
5.31667	13
5.32500	13
5.33333	13
5.34167	13
5.35000	13
5.35833	13
5.36667	13
5.37500	13
5.38333	13
5.39167	12
5.40000	12
5.40833	12
5.41667	12
5.42500	13
5.43333	13
5.44167	12
5.45000	12
5.45833	12
5.46667	12
5.47500	12
5.48333	11
5.49167	11
5.50000	11
5.50833	11
5.51667	10
5.52500	10
5.53333	10
5.54167	9
5.55000	9
5.55833	9
5.56667	9
5.57500	9
5.58333	8
5.59167	8
5.60000	9
5.60833	9
5.61667	9
5.62500	9
5.63333	9
5.64167	9
5.65000	9
5.65833	9
5.66667	9
5.67500	8
5.68333	8
5.69167	8
5.70000	7
5.70833	7
5.71667	7
5.72500	6
5.73333	6
5.74167	7
5.75000	7
5.75833	7
5.76667	7
5.77500	7
5.78333	6
5.79167	6
5.80000	6
5.80833	6
5.81667	6
5.82500	5
5.83333	5
5.84167	6
5.85000	6
5.85833	7
5.86667	7
5.87500	7
5.88333	7
5.89167	7
5.90000	6
5.90833	6
5.91667	6
5.92500	6
5.93333	6
5.94167	7
5.95000	7
5.95833	7
5.96667	7
5.97500	7
5.98333	7
5.99167	7
6.00000	7
6.00833	7
6.01667	7
6.02500	7
6.03333	7
6.04167	7
6.05000	7
6.05833	8
6.06667	8
6.07500	9
6.08333	9
6.09167	9
6.10000	9
6.10833	9
6.11667	9
6.12500	9
6.13333	9
6.14167	9
6.15000	10
6.15833	10
6.16667	10
6.17500	10
6.18333	10
6.19167	11
6.20000	11
6.20833	11
6.21667	11
6.22500	11
6.23333	12
6.24167	12
6.25000	12
6.25833	12
6.26667	12
6.27500	12
6.28333	12
6.29167	12
6.30000	13
6.30833	12
6.31667	13
6.32500	13
6.33333	13
6.34167	13
6.35000	13
6.35833	13
6.36667	13
6.37500	13
6.38333	13
6.39167	13
6.40000	12
6.40833	12
6.41667	12
6.42500	12
6.43333	12
6.44167	12
6.45000	12
6.45833	11
6.46667	12
6.47500	12
6.48333	12
6.49167	11
6.50000	11
6.50833	11
6.51667	11
6.52500	11
6.53333	11
6.54167	11
6.55000	11
6.55833	11
6.56667	11
6.57500	10
6.58333	10
6.59167	10
6.60000	10
6.60833	10
6.61667	10
6.62500	10
6.63333	10
6.64167	10
6.65000	10
6.65833	10
6.66667	10
6.67500	10
6.68333	9
6.69167	9
6.70000	9
6.70833	9
6.71667	8
6.72500	8
6.73333	8
6.74167	9
6.75000	9
6.75833	9
6.76667	9
6.77500	9
6.78333	9
6.79167	9
6.80000	8
6.80833	8
6.81667	8
6.82500	8
6.83333	8
6.84167	8
6.85000	9
6.85833	9
6.86667	10
6.87500	10
6.88333	10
6.89167	10
6.90000	10
6.90833	11
6.91667	11
6.92500	11
6.93333	11
6.94167	11
6.95000	11
6.95833	11
6.96667	11
6.97500	11
6.98333	11
6.99167	11
7.00000	11
7.00833	11
7.01667	11
7.02500	11
7.03333	12
7.04167	12
7.05000	13
7.05833	14
7.06667	15
7.07500	17
7.08333	18
7.09167	20
7.10000	23
7.10833	27
7.11667	32
7.12500	38
7.13333	46
7.14167	55
7.15000	66
7.15833	79
7.16667	95
7.17500	112
7.18333	132
7.19167	154
7.20000	179
7.20833	205
7.21667	234
7.22500	265
7.23333	297
7.24167	331
7.25000	365
7.25833	399
7.26667	432
7.27500	462
7.28333	487
7.29167	506
7.30000	517
7.30833	519
7.31667	511
7.32500	496
7.33333	475
7.34167	455
7.35000	446
7.35833	458
7.36667	508
7.37500	614
7.38333	796
7.39167	1074
7.40000	1470
7.40833	2001
7.41667	2686
7.42500	3535
7.43333	4554
7.44167	5743
7.45000	7093
7.45833	8587
7.46667	10195
7.47500	11879
7.48333	13589
7.49167	15264
7.50000	16837
7.50833	18237
7.51667	19395
7.52500	20250
7.53333	20758
7.54167	20893
7.55000	20655
7.55833	20066
7.56667	19167
7.57500	18016
7.58333	16681
7.59167	15232
7.60000	13737
7.60833	12253
7.61667	10828
7.62500	9499
7.63333	8288
7.64167	7209
7.65000	6265
7.65833	5453
7.66667	4763
7.67500	4184
7.68333	3702
7.69167	3304
7.70000	2976
7.70833	2705
7.71667	2481
7.72500	2294
7.73333	2136
7.74167	2001
7.75000	1883
7.75833	1779
7.76667	1686
7.77500	1600
7.78333	1521
7.79167	1447
7.80000	1376
7.80833	1310
7.81667	1246
7.82500	1184
7.83333	1125
7.84167	1069
7.85000	1015
7.85833	964
7.86667	917
7.87500	872
7.88333	829
7.89167	789
7.90000	753
7.90833	719
7.91667	689
7.92500	662
7.93333	638
7.94167	618
7.95000	602
7.95833	589
7.96667	579
7.97500	573
7.98333	569
7.99167	568
8.00000	569
8.00833	571
8.01667	573
8.02500	576
8.03333	578
8.04167	579
8.05000	579
8.05833	576
8.06667	572
8.07500	567
8.08333	559
8.09167	550
8.10000	540
8.10833	528
8.11667	515
8.12500	502
8.13333	488
8.14167	474
8.15000	460
8.15833	445
8.16667	431
8.17500	418
8.18333	405
8.19167	392
8.20000	380
8.20833	369
8.21667	359
8.22500	349
8.23333	341
8.24167	333
8.25000	326
8.25833	320
8.26667	314
8.27500	309
8.28333	306
8.29167	302
8.30000	299
8.30833	296
8.31667	294
8.32500	292
8.33333	290
8.34167	289
8.35000	287
8.35833	286
8.36667	285
8.37500	285
8.38333	284
8.39167	283
8.40000	281
8.40833	280
8.41667	279
8.42500	278
8.43333	277
8.44167	275
8.45000	274
8.45833	272
8.46667	271
8.47500	270
8.48333	268
8.49167	267
8.50000	266
8.50833	265
8.51667	264
8.52500	264
8.53333	264
8.54167	264
8.55000	265
8.55833	265
8.56667	267
8.57500	268
8.58333	271
8.59167	274
8.60000	278
8.60833	284
8.61667	291
8.62500	301
8.63333	312
8.64167	325
8.65000	340
8.65833	359
8.66667	379
8.67500	403
8.68333	428
8.69167	457
8.70000	487
8.70833	520
8.71667	553
8.72500	587
8.73333	620
8.74167	652
8.75000	682
8.75833	710
8.76667	735
8.77500	757
8.78333	774
8.79167	788
8.80000	798
8.80833	805
8.81667	808
8.82500	808
8.83333	806
8.84167	803
8.85000	800
8.85833	797
8.86667	795
8.87500	797
8.88333	802
8.89167	812
8.90000	828
8.90833	851
8.91667	883
8.92500	925
8.93333	976
8.94167	1038
8.95000	1112
8.95833	1196
8.96667	1290
8.97500	1394
8.98333	1506
8.99167	1625
9.00000	1749
9.00833	1874
9.01667	1999
9.02500	2121
9.03333	2236
9.04167	2344
9.05000	2439
9.05833	2522
9.06667	2589
9.07500	2640
9.08333	2673
9.09167	2688
9.10000	2684
9.10833	2663
9.11667	2624
9.12500	2570
9.13333	2503
9.14167	2423
9.15000	2334
9.15833	2237
9.16667	2135
9.17500	2028
9.18333	1920
9.19167	1812
9.20000	1704
9.20833	1600
9.21667	1499
9.22500	1402
9.23333	1311
9.24167	1225
9.25000	1145
9.25833	1070
9.26667	1003
9.27500	941
9.28333	885
9.29167	835
9.30000	789
9.30833	749
9.31667	713
9.32500	682
9.33333	654
9.34167	631
9.35000	613
9.35833	597
9.36667	586
9.37500	579
9.38333	576
9.39167	577
9.40000	582
9.40833	594
9.41667	611
9.42500	636
9.43333	669
9.44167	712
9.45000	768
9.45833	839
9.46667	927
9.47500	1036
9.48333	1171
9.49167	1335
9.50000	1534
9.50833	1771
9.51667	2054
9.52500	2386
9.53333	2773
9.54167	3219
9.55000	3728
9.55833	4301
9.56667	4941
9.57500	5645
9.58333	6412
9.59167	7236
9.60000	8112
9.60833	9030
9.61667	9980
9.62500	10948
9.63333	11921
9.64167	12884
9.65000	13821
9.65833	14719
9.66667	15561
9.67500	16335
9.68333	17028
9.69167	17631
9.70000	18136
9.70833	18540
9.71667	18840
9.72500	19036
9.73333	19134
9.74167	19137
9.75000	19054
9.75833	18896
9.76667	18674
9.77500	18399
9.78333	18085
9.79167	17745
9.80000	17391
9.80833	17034
9.81667	16686
9.82500	16355
9.83333	16052
9.84167	15784
9.85000	15556
9.85833	15373
9.86667	15238
9.87500	15155
9.88333	15123
9.89167	15144
9.90000	15217
9.90833	15340
9.91667	15513
9.92500	15731
9.93333	15994
9.94167	16298
9.95000	16640
9.95833	17017
9.96667	17426
9.97500	17863
9.98333	18326
9.99167	18810
10.00000	19312
10.00833	19829
10.01667	20356
10.02500	20888
10.03333	21417
10.04167	21933
10.05000	22421
10.05833	22859
10.06667	23219
10.07500	23466
10.08333	23563
10.09167	23470
10.10000	23157
10.10833	22601
10.11667	21798
10.12500	20761
10.13333	19522
10.14167	18125
10.15000	16622
10.15833	15071
10.16667	13524
10.17500	12026
10.18333	10613
10.19167	9310
10.20000	8131
10.20833	7084
10.21667	6166
10.22500	5371
10.23333	4688
10.24167	4107
10.25000	3615
10.25833	3201
10.26667	2852
10.27500	2559
10.28333	2312
10.29167	2103
10.30000	1927
10.30833	1776
10.31667	1647
10.32500	1536
10.33333	1440
10.34167	1356
10.35000	1281
10.35833	1215
10.36667	1155
10.37500	1101
10.38333	1051
10.39167	1006
10.40000	964
10.40833	926
10.41667	891
10.42500	859
10.43333	829
10.44167	802
10.45000	777
10.45833	755
10.46667	735
10.47500	717
10.48333	702
10.49167	688
10.50000	677
10.50833	667
10.51667	659
10.52500	652
10.53333	646
10.54167	641
10.55000	636
10.55833	632
10.56667	628
10.57500	624
10.58333	619
10.59167	614
10.60000	608
10.60833	601
10.61667	593
10.62500	583
10.63333	572
10.64167	560
10.65000	546
10.65833	530
10.66667	514
10.67500	497
10.68333	480
10.69167	462
10.70000	444
10.70833	426
10.71667	408
10.72500	390
10.73333	373
10.74167	355
10.75000	339
10.75833	323
10.76667	308
10.77500	294
10.78333	281
10.79167	269
10.80000	258
10.80833	248
10.81667	238
10.82500	230
10.83333	223
10.84167	216
10.85000	209
10.85833	203
10.86667	198
10.87500	194
10.88333	190
10.89167	186
10.90000	183
10.90833	180
10.91667	178
10.92500	176
10.93333	174
10.94167	172
10.95000	171
10.95833	169
10.96667	168
10.97500	167
10.98333	166
10.99167	166
11.00000	166
11.00833	166
11.01667	166
11.02500	166
11.03333	167
11.04167	168
11.05000	169
11.05833	171
11.06667	173
11.07500	175
11.08333	177
11.09167	179
11.10000	182
11.10833	186
11.11667	190
11.12500	194
11.13333	198
11.14167	203
11.15000	208
11.15833	214
11.16667	219
11.17500	225
11.18333	232
11.19167	239
11.20000	246
11.20833	253
11.21667	261
11.22500	269
11.23333	277
11.24167	284
11.25000	292
11.25833	299
11.26667	307
11.27500	313
11.28333	319
11.29167	325
11.30000	330
11.30833	335
11.31667	339
11.32500	342
11.33333	344
11.34167	345
11.35000	346
11.35833	345
11.36667	344
11.37500	341
11.38333	338
11.39167	334
11.40000	329
11.40833	323
11.41667	317
11.42500	311
11.43333	304
11.44167	297
11.45000	290
11.45833	283
11.46667	276
11.47500	269
11.48333	263
11.49167	256
11.50000	250
11.50833	244
11.51667	239
11.52500	234
11.53333	230
11.54167	227
11.55000	223
11.55833	220
11.56667	217
11.57500	214
11.58333	212
11.59167	210
11.60000	209
11.60833	208
11.61667	208
11.62500	208
11.63333	207
11.64167	207
11.65000	207
11.65833	207
11.66667	206
11.67500	207
11.68333	207
11.69167	207
11.70000	207
11.70833	207
11.71667	207
11.72500	207
11.73333	207
11.74167	207
11.75000	206
11.75833	206
11.76667	205
11.77500	204
11.78333	203
11.79167	201
11.80000	199
11.80833	197
11.81667	195
11.82500	193
11.83333	192
11.84167	190
11.85000	188
11.85833	186
11.86667	183
11.87500	181
11.88333	178
11.89167	175
11.90000	173
11.90833	171
11.91667	168
11.92500	166
11.93333	164
11.94167	161
11.95000	159
11.95833	158
11.96667	156
11.97500	154
11.98333	153
11.99167	152
12.00000	151
12.00833	150
12.01667	150
12.02500	149
12.03333	149
12.04167	149
12.05000	149
12.05833	150
12.06667	150
12.07500	150
12.08333	150
12.09167	151
12.10000	152
12.10833	152
12.11667	153
12.12500	153
12.13333	154
12.14167	154
12.15000	155
12.15833	155
12.16667	156
12.17500	156
12.18333	157
12.19167	157
12.20000	157
12.20833	158
12.21667	158
12.22500	158
12.23333	158
12.24167	158
12.25000	158
12.25833	157
12.26667	157
12.27500	157
12.28333	156
12.29167	155
12.30000	154
12.30833	154
12.31667	153
12.32500	152
12.33333	150
12.34167	149
12.35000	147
12.35833	145
12.36667	143
12.37500	141
12.38333	140
12.39167	138
12.40000	136
12.40833	134
12.41667	133
12.42500	131
12.43333	130
12.44167	129
12.45000	128
12.45833	127
12.46667	126
12.47500	125
12.48333	124
12.49167	124
12.50000	123
12.50833	123
12.51667	123
12.52500	124
12.53333	124
12.54167	124
12.55000	125
12.55833	125
12.56667	125
12.57500	126
12.58333	127
12.59167	127
12.60000	128
12.60833	128
12.61667	129
12.62500	130
12.63333	131
12.64167	132
12.65000	133
12.65833	135
12.66667	136
12.67500	138
12.68333	140
12.69167	142
12.70000	144
12.70833	145
12.71667	147
12.72500	149
12.73333	150
12.74167	151
12.75000	153
12.75833	154
12.76667	156
12.77500	157
12.78333	158
12.79167	159
12.80000	160
12.80833	161
12.81667	162
12.82500	163
12.83333	164
12.84167	165
12.85000	166
12.85833	167
12.86667	168
12.87500	168
12.88333	169
12.89167	170
12.90000	171
12.90833	171
12.91667	172
12.92500	174
12.93333	175
12.94167	176
12.95000	178
12.95833	179
12.96667	180
12.97500	182
12.98333	183
12.99167	185
13.00000	186
13.00833	188
13.01667	190
13.02500	191
13.03333	193
13.04167	194
13.05000	195
13.05833	196
13.06667	197
13.07500	198
13.08333	198
13.09167	199
13.10000	199
13.10833	199
13.11667	199
13.12500	199
13.13333	199
13.14167	199
13.15000	199
13.15833	198
13.16667	197
13.17500	196
13.18333	195
13.19167	195
13.20000	193
13.20833	192
13.21667	191
13.22500	191
13.23333	190
13.24167	189
13.25000	189
13.25833	188
13.26667	188
13.27500	187
13.28333	187
13.29167	187
13.30000	188
13.30833	188
13.31667	188
13.32500	188
13.33333	188
13.34167	189
13.35000	190
13.35833	190
13.36667	191
13.37500	191
13.38333	192
13.39167	193
13.40000	194
13.40833	195
13.41667	196
13.42500	197
13.43333	198
13.44167	199
13.45000	201
13.45833	202
13.46667	203
13.47500	204
13.48333	205
13.49167	206
13.50000	208
13.50833	209
13.51667	210
13.52500	211
13.53333	213
13.54167	213
13.55000	214
13.55833	215
13.56667	216
13.57500	216
13.58333	217
13.59167	218
13.60000	218
13.60833	218
13.61667	219
13.62500	220
13.63333	221
13.64167	222
13.65000	223
13.65833	225
13.66667	226
13.67500	228
13.68333	230
13.69167	233
13.70000	235
13.70833	237
13.71667	240
13.72500	244
13.73333	248
13.74167	252
13.75000	258
13.75833	264
13.76667	271
13.77500	278
13.78333	286
13.79167	295
13.80000	304
13.80833	314
13.81667	324
13.82500	336
13.83333	348
13.84167	361
13.85000	375
13.85833	389
13.86667	404
13.87500	418
13.88333	433
13.89167	448
13.90000	463
13.90833	477
13.91667	491
13.92500	504
13.93333	517
13.94167	529
13.95000	540
13.95833	550
13.96667	558
13.97500	564
13.98333	570
13.99167	574
14.00000	576
14.00833	576
14.01667	575
14.02500	573
14.03333	570
14.04167	567
14.05000	561
14.05833	555
14.06667	549
14.07500	542
14.08333	534
14.09167	526
14.10000	518
14.10833	509
14.11667	501
14.12500	493
14.13333	486
14.14167	479
14.15000	473
14.15833	467
14.16667	462
14.17500	457
14.18333	453
14.19167	448
14.20000	445
14.20833	442
14.21667	439
14.22500	437
14.23333	436
14.24167	435
14.25000	435
14.25833	435
14.26667	435
14.27500	436
14.28333	436
14.29167	437
14.30000	438
14.30833	439
14.31667	441
14.32500	443
14.33333	446
14.34167	448
14.35000	451
14.35833	454
14.36667	456
14.37500	459
14.38333	462
14.39167	464
14.40000	467
14.40833	470
14.41667	473
14.42500	475
14.43333	478
14.44167	481
14.45000	483
14.45833	486
14.46667	488
14.47500	490
14.48333	492
14.49167	493
14.50000	495
14.50833	496
14.51667	497
14.52500	498
14.53333	499
14.54167	500
14.55000	501
14.55833	501
14.56667	500
14.57500	500
14.58333	499
14.59167	499
14.60000	498
14.60833	498
14.61667	497
14.62500	496
14.63333	494
14.64167	493
14.65000	492
14.65833	490
14.66667	489
14.67500	486
14.68333	484
14.69167	482
14.70000	480
14.70833	478
14.71667	476
14.72500	474
14.73333	472
14.74167	470
14.75000	468
14.75833	466
14.76667	465
14.77500	462
14.78333	461
14.79167	459
14.80000	457
14.80833	455
14.81667	453
14.82500	451
14.83333	449
14.84167	447
14.85000	445
14.85833	444
14.86667	441
14.87500	439
14.88333	436
14.89167	434
14.90000	432
14.90833	430
14.91667	428
14.92500	427
14.93333	425
14.94167	423
14.95000	420
14.95833	418
14.96667	416
14.97500	415
14.98333	413
14.99167	411
15.00000	410
15.00833	408
15.01667	406
15.02500	405
15.03333	404
15.04167	403
15.05000	403
15.05833	403
15.06667	403
15.07500	403
15.08333	403
15.09167	403
15.10000	403
15.10833	404
15.11667	405
15.12500	406
15.13333	407
15.14167	409
15.15000	412
15.15833	414
15.16667	416
15.17500	418
15.18333	420
15.19167	423
15.20000	425
15.20833	427
15.21667	429
15.22500	431
15.23333	433
15.24167	434
15.25000	435
15.25833	435
15.26667	436
15.27500	435
15.28333	434
15.29167	432
15.30000	430
15.30833	427
15.31667	423
15.32500	419
15.33333	415
15.34167	410
15.35000	405
15.35833	399
15.36667	394
15.37500	388
15.38333	381
15.39167	375
15.40000	369
15.40833	362
15.41667	356
15.42500	350
15.43333	344
15.44167	338
15.45000	332
15.45833	326
15.46667	321
15.47500	315
15.48333	311
15.49167	306
15.50000	302
15.50833	298
15.51667	294
15.52500	291
15.53333	288
15.54167	285
15.55000	283
15.55833	281
15.56667	279
15.57500	278
15.58333	276
15.59167	274
15.60000	273
15.60833	273
15.61667	272
15.62500	272
15.63333	272
15.64167	273
15.65000	273
15.65833	273
15.66667	274
15.67500	275
15.68333	276
15.69167	277
15.70000	279
15.70833	281
15.71667	283
15.72500	286
15.73333	288
15.74167	291
15.75000	294
15.75833	298
15.76667	300
15.77500	304
15.78333	307
15.79167	310
15.80000	314
15.80833	317
15.81667	321
15.82500	324
15.83333	327
15.84167	331
15.85000	334
15.85833	338
15.86667	341
15.87500	344
15.88333	348
15.89167	352
15.90000	356
15.90833	361
15.91667	365
15.92500	369
15.93333	374
15.94167	380
15.95000	386
15.95833	392
15.96667	399
15.97500	407
15.98333	414
15.99167	423
16.00000	432
16.00833	441
16.01667	452
16.02500	463
16.03333	474
16.04167	485
16.05000	498
16.05833	510
16.06667	522
16.07500	534
16.08333	547
16.09167	558
16.10000	570
16.10833	580
16.11667	590
16.12500	600
16.13333	608
16.14167	615
16.15000	622
16.15833	627
16.16667	631
16.17500	635
16.18333	637
16.19167	638
16.20000	638
16.20833	636
16.21667	635
16.22500	632
16.23333	629
16.24167	625
16.25000	621
16.25833	617
16.26667	612
16.27500	607
16.28333	602
16.29167	598
16.30000	593
16.30833	589
16.31667	586
16.32500	583
16.33333	579
16.34167	576
16.35000	574
16.35833	572
16.36667	569
16.37500	568
16.38333	566
16.39167	566
16.40000	566
16.40833	566
16.41667	566
16.42500	566
16.43333	567
16.44167	569
16.45000	570
16.45833	571
16.46667	573
16.47500	574
16.48333	576
16.49167	577
16.50000	579
16.50833	581
16.51667	583
16.52500	585
16.53333	587
16.54167	588
16.55000	590
16.55833	591
16.56667	593
16.57500	594
16.58333	595
16.59167	596
16.60000	596
16.60833	596
16.61667	595
16.62500	594
16.63333	592
16.64167	590
16.65000	587
16.65833	583
16.66667	579
16.67500	574
16.68333	567
16.69167	561
16.70000	553
16.70833	545
16.71667	536
16.72500	527
16.73333	517
16.74167	506
16.75000	496
16.75833	485
16.76667	473
16.77500	461
16.78333	449
16.79167	437
16.80000	425
16.80833	413
16.81667	402
16.82500	391
16.83333	380
16.84167	369
16.85000	358
16.85833	348
16.86667	338
16.87500	328
16.88333	319
16.89167	311
16.90000	302
16.90833	294
16.91667	287
16.92500	280
16.93333	272
16.94167	266
16.95000	260
16.95833	254
16.96667	249
16.97500	243
16.98333	238
16.99167	233
17.00000	228
17.00833	223
17.01667	219
17.02500	214
17.03333	209
17.04167	205
17.05000	201
17.05833	197
17.06667	193
17.07500	190
17.08333	186
17.09167	183
17.10000	180
17.10833	177
17.11667	174
17.12500	171
17.13333	168
17.14167	165
17.15000	162
17.15833	159
17.16667	156
17.17500	153
17.18333	151
17.19167	149
17.20000	146
17.20833	144
17.21667	142
17.22500	140
17.23333	138
17.24167	136
17.25000	134
17.25833	132
17.26667	130
17.27500	129
17.28333	128
17.29167	126
17.30000	125
17.30833	123
17.31667	122
17.32500	120
17.33333	119
17.34167	118
17.35000	116
17.35833	115
17.36667	115
17.37500	114
17.38333	113
17.39167	113
17.40000	113
17.40833	112
17.41667	112
17.42500	112
17.43333	111
17.44167	111
17.45000	111
17.45833	111
17.46667	111
17.47500	111
17.48333	111
17.49167	111
17.50000	111
17.50833	110
17.51667	110
17.52500	110
17.53333	110
17.54167	111
17.55000	111
17.55833	111
17.56667	111
17.57500	112
17.58333	113
17.59167	113
17.60000	114
17.60833	114
17.61667	115
17.62500	116
17.63333	117
17.64167	118
17.65000	119
17.65833	121
17.66667	122
17.67500	124
17.68333	126
17.69167	128
17.70000	130
17.70833	132
17.71667	135
17.72500	139
17.73333	143
17.74167	148
17.75000	153
17.75833	158
17.76667	163
17.77500	169
17.78333	176
17.79167	183
17.80000	191
17.80833	200
17.81667	210
17.82500	222
17.83333	234
17.84167	247
17.85000	262
17.85833	279
17.86667	297
17.87500	316
17.88333	338
17.89167	362
17.90000	387
17.90833	415
17.91667	445
17.92500	478
17.93333	513
17.94167	551
17.95000	592
17.95833	635
17.96667	681
17.97500	729
17.98333	780
17.99167	832
18.00000	886
18.00833	941
18.01667	998
18.02500	1055
18.03333	1112
18.04167	1168
18.05000	1224
18.05833	1278
18.06667	1330
18.07500	1380
18.08333	1426
18.09167	1469
18.10000	1507
18.10833	1541
18.11667	1570
18.12500	1593
18.13333	1611
18.14167	1624
18.15000	1630
18.15833	1630
18.16667	1625
18.17500	1613
18.18333	1596
18.19167	1574
18.20000	1547
18.20833	1515
18.21667	1479
18.22500	1439
18.23333	1396
18.24167	1350
18.25000	1302
18.25833	1253
18.26667	1202
18.27500	1151
18.28333	1099
18.29167	1048
18.30000	997
18.30833	947
18.31667	899
18.32500	851
18.33333	805
18.34167	761
18.35000	718
18.35833	678
18.36667	640
18.37500	604
18.38333	571
18.39167	539
18.40000	509
18.40833	481
18.41667	456
18.42500	432
18.43333	410
18.44167	390
18.45000	372
18.45833	355
18.46667	340
18.47500	326
18.48333	314
18.49167	303
18.50000	293
18.50833	284
18.51667	276
18.52500	269
18.53333	263
18.54167	258
18.55000	254
18.55833	250
18.56667	247
18.57500	244
18.58333	243
18.59167	242
18.60000	243
18.60833	244
18.61667	246
18.62500	249
18.63333	253
18.64167	257
18.65000	263
18.65833	269
18.66667	277
18.67500	285
18.68333	295
18.69167	306
18.70000	318
18.70833	331
18.71667	346
18.72500	362
18.73333	379
18.74167	397
18.75000	416
18.75833	436
18.76667	457
18.77500	478
18.78333	501
18.79167	524
18.80000	547
18.80833	570
18.81667	594
18.82500	617
18.83333	639
18.84167	662
18.85000	684
18.85833	704
18.86667	724
18.87500	743
18.88333	759
18.89167	775
18.90000	788
18.90833	799
18.91667	808
18.92500	815
18.93333	820
18.94167	822
18.95000	822
18.95833	820
18.96667	815
18.97500	809
18.98333	800
18.99167	789
19.00000	776
19.00833	761
19.01667	744
19.02500	726
19.03333	707
19.04167	687
19.05000	665
19.05833	644
19.06667	621
19.07500	598
19.08333	575
19.09167	552
19.10000	529
19.10833	506
19.11667	483
19.12500	461
19.13333	440
19.14167	419
19.15000	399
19.15833	380
19.16667	362
19.17500	344
19.18333	328
19.19167	312
19.20000	297
19.20833	283
19.21667	270
19.22500	258
19.23333	246
19.24167	236
19.25000	226
19.25833	217
19.26667	209
19.27500	201
19.28333	194
19.29167	188
19.30000	182
19.30833	176
19.31667	172
19.32500	168
19.33333	164
19.34167	161
19.35000	158
19.35833	156
19.36667	153
19.37500	151
19.38333	150
19.39167	149
19.40000	148
19.40833	147
19.41667	147
19.42500	146
19.43333	146
19.44167	147
19.45000	147
19.45833	146
19.46667	146
19.47500	147
19.48333	147
19.49167	147
19.50000	147
19.50833	147
19.51667	147
19.52500	147
19.53333	147
19.54167	147
19.55000	146
19.55833	146
19.56667	145
19.57500	145
19.58333	144
19.59167	143
19.60000	141
19.60833	140
19.61667	138
19.62500	136
19.63333	135
19.64167	133
19.65000	131
19.65833	129
19.66667	128
19.67500	127
19.68333	126
19.69167	124
19.70000	123
19.70833	122
19.71667	121
19.72500	120
19.73333	118
19.74167	117
19.75000	115
19.75833	114
19.76667	113
19.77500	112
19.78333	112
19.79167	111
19.80000	110
19.80833	109
19.81667	108
19.82500	108
19.83333	107
19.84167	106
19.85000	106
19.85833	106
19.86667	105
19.87500	105
19.88333	105
19.89167	105
19.90000	104
19.90833	104
19.91667	104
19.92500	103
19.93333	103
19.94167	102
19.95000	102
19.95833	103
19.96667	102
19.97500	102
19.98333	102
19.99167	102
20.00000	102
20.00833	102
20.01667	103
20.02500	103
20.03333	103
20.04167	103
20.05000	103
20.05833	103
20.06667	103
20.07500	103
20.08333	102
20.09167	102
20.10000	102
20.10833	102
20.11667	102
20.12500	103
20.13333	103
20.14167	103
20.15000	103
20.15833	104
20.16667	104
20.17500	104
20.18333	104
20.19167	104
20.20000	104
20.20833	104
20.21667	104
20.22500	105
20.23333	105
20.24167	106
20.25000	107
20.25833	108
20.26667	109
20.27500	110
20.28333	111
20.29167	112
20.30000	113
20.30833	114
20.31667	115
20.32500	116
20.33333	117
20.34167	119
20.35000	121
20.35833	123
20.36667	125
20.37500	127
20.38333	129
20.39167	131
20.40000	133
20.40833	136
20.41667	139
20.42500	143
20.43333	146
20.44167	150
20.45000	154
20.45833	158
20.46667	162
20.47500	166
20.48333	171
20.49167	176
20.50000	181
20.50833	188
20.51667	194
20.52500	201
20.53333	208
20.54167	216
20.55000	224
20.55833	233
20.56667	243
20.57500	254
20.58333	265
20.59167	277
20.60000	290
20.60833	304
20.61667	319
20.62500	336
20.63333	354
20.64167	372
20.65000	392
20.65833	413
20.66667	436
20.67500	460
20.68333	486
20.69167	513
20.70000	542
20.70833	572
20.71667	604
20.72500	637
20.73333	672
20.74167	708
20.75000	746
20.75833	784
20.76667	824
20.77500	865
20.78333	907
20.79167	950
20.80000	994
20.80833	1038
20.81667	1082
20.82500	1127
20.83333	1171
20.84167	1216
20.85000	1260
20.85833	1304
20.86667	1347
20.87500	1390
20.88333	1432
20.89167	1473
20.90000	1513
20.90833	1551
20.91667	1589
20.92500	1625
20.93333	1660
20.94167	1695
20.95000	1728
20.95833	1762
20.96667	1794
20.97500	1826
20.98333	1858
20.99167	1889
21.00000	1921
21.00833	1952
21.01667	1984
21.02500	2016
21.03333	2049
21.04167	2083
21.05000	2119
21.05833	2157
21.06667	2197
21.07500	2239
21.08333	2285
21.09167	2334
21.10000	2387
21.10833	2443
21.11667	2505
21.12500	2573
21.13333	2646
21.14167	2726
21.15000	2813
21.15833	2909
21.16667	3013
21.17500	3126
21.18333	3250
21.19167	3384
21.20000	3529
21.20833	3687
21.21667	3858
21.22500	4043
21.23333	4241
21.24167	4454
21.25000	4682
21.25833	4925
21.26667	5183
21.27500	5457
21.28333	5746
21.29167	6050
21.30000	6369
21.30833	6703
21.31667	7049
21.32500	7408
21.33333	7777
21.34167	8156
21.35000	8543
21.35833	8936
21.36667	9333
21.37500	9732
21.38333	10130
21.39167	10526
21.40000	10916
21.40833	11299
21.41667	11671
21.42500	12031
21.43333	12375
21.44167	12702
21.45000	13008
21.45833	13291
21.46667	13550
21.47500	13782
21.48333	13986
21.49167	14161
21.50000	14305
21.50833	14417
21.51667	14496
21.52500	14542
21.53333	14556
21.54167	14536
21.55000	14484
21.55833	14399
21.56667	14284
21.57500	14138
21.58333	13964
21.59167	13763
21.60000	13536
21.60833	13286
21.61667	13014
21.62500	12721
21.63333	12412
21.64167	12087
21.65000	11748
21.65833	11399
21.66667	11040
21.67500	10675
21.68333	10304
21.69167	9930
21.70000	9555
21.70833	9180
21.71667	8807
21.72500	8438
21.73333	8073
21.74167	7715
21.75000	7364
21.75833	7021
21.76667	6687
21.77500	6362
21.78333	6047
21.79167	5743
21.80000	5450
21.80833	5169
21.81667	4898
21.82500	4639
21.83333	4391
21.84167	4154
21.85000	3929
21.85833	3715
21.86667	3511
21.87500	3317
21.88333	3133
21.89167	2959
21.90000	2794
21.90833	2639
21.91667	2492
21.92500	2352
21.93333	2221
21.94167	2097
21.95000	1980
21.95833	1870
21.96667	1766
21.97500	1668
21.98333	1576
21.99167	1490
22.00000	1408
22.00833	1332
22.01667	1259
22.02500	1192
22.03333	1128
22.04167	1068
22.05000	1012
22.05833	960
22.06667	911
22.07500	864
22.08333	821
22.09167	781
22.10000	744
22.10833	709
22.11667	678
22.12500	648
22.13333	620
22.14167	595
22.15000	572
22.15833	550
22.16667	530
22.17500	512
22.18333	496
22.19167	481
22.20000	467
22.20833	455
22.21667	444
22.22500	434
22.23333	425
22.24167	417
22.25000	410
22.25833	404
22.26667	398
22.27500	394
22.28333	390
22.29167	387
22.30000	384
22.30833	381
22.31667	379
22.32500	377
22.33333	375
22.34167	373
22.35000	371
22.35833	370
22.36667	369
22.37500	367
22.38333	366
22.39167	364
22.40000	362
22.40833	360
22.41667	357
22.42500	355
22.43333	352
22.44167	349
22.45000	346
22.45833	342
22.46667	337
22.47500	332
22.48333	327
22.49167	322
22.50000	316
22.50833	310
22.51667	304
22.52500	297
22.53333	290
22.54167	282
22.55000	274
22.55833	267
22.56667	258
22.57500	250
22.58333	241
22.59167	233
22.60000	224
22.60833	215
22.61667	206
22.62500	197
22.63333	188
22.64167	179
22.65000	169
22.65833	160
22.66667	151
22.67500	142
22.68333	134
22.69167	126
22.70000	117
22.70833	109
22.71667	102
22.72500	94
22.73333	87
22.74167	81
22.75000	74
22.75833	68
22.76667	62
22.77500	57
22.78333	52
22.79167	48
22.80000	44
22.80833	40
22.81667	37
22.82500	35
22.83333	32
22.84167	30
22.85000	28
22.85833	27
22.86667	26
22.87500	26
22.88333	26
22.89167	26
22.90000	26
22.90833	27
22.91667	28
22.92500	29
22.93333	30
22.94167	31
22.95000	33
22.95833	35
22.96667	38
22.97500	40
22.98333	42
22.99167	45
23.00000	48
23.00833	51
23.01667	53
23.02500	56
23.03333	58
23.04167	61
23.05000	63
23.05833	66
23.06667	67
23.07500	69
23.08333	71
23.09167	74
23.10000	76
23.10833	78
23.11667	80
23.12500	81
23.13333	83
23.14167	84
23.15000	85
23.15833	86
23.16667	87
23.17500	88
23.18333	89
23.19167	89
23.20000	90
23.20833	90
23.21667	90
23.22500	89
23.23333	89
23.24167	89
23.25000	89
23.25833	88
23.26667	88
23.27500	87
23.28333	87
23.29167	86
23.30000	85
23.30833	84
23.31667	84
23.32500	84
23.33333	83
23.34167	82
23.35000	82
23.35833	81
23.36667	81
23.37500	80
23.38333	80
23.39167	79
23.40000	79
23.40833	78
23.41667	77
23.42500	76
23.43333	75
23.44167	75
23.45000	74
23.45833	74
23.46667	73
23.47500	72
23.48333	72
23.49167	72
23.50000	71
23.50833	71
23.51667	70
23.52500	70
23.53333	69
23.54167	69
23.55000	69
23.55833	69
23.56667	68
23.57500	68
23.58333	67
23.59167	67
23.60000	67
23.60833	66
23.61667	66
23.62500	66
23.63333	66
23.64167	66
23.65000	66
23.65833	67
23.66667	66
23.67500	66
23.68333	66
23.69167	66
23.70000	66
23.70833	66
23.71667	66
23.72500	66
23.73333	66
23.74167	66
23.75000	66
23.75833	66
23.76667	66
23.77500	66
23.78333	66
23.79167	66
23.80000	66
23.80833	65
23.81667	65
23.82500	65
23.83333	65
23.84167	65
23.85000	65
23.85833	66
23.86667	66
23.87500	66
23.88333	66
23.89167	66
23.90000	66
23.90833	66
23.91667	66
23.92500	66
23.93333	66
23.94167	66
23.95000	65
23.95833	65
23.96667	65
23.97500	66
23.98333	66
23.99167	65
24.00000	65
24.00833	65
24.01667	66
24.02500	66
24.03333	66
24.04167	66
24.05000	66
24.05833	67
24.06667	67
24.07500	67
24.08333	67
24.09167	66
24.10000	66
24.10833	65
24.11667	65
24.12500	65
24.13333	64
24.14167	64
24.15000	63
24.15833	62
24.16667	61
24.17500	60
24.18333	59
24.19167	58
24.20000	57
24.20833	56
24.21667	55
24.22500	53
24.23333	52
24.24167	51
24.25000	49
24.25833	48
24.26667	47
24.27500	45
24.28333	44
24.29167	43
24.30000	41
24.30833	40
24.31667	38
24.32500	37
24.33333	35
24.34167	34
24.35000	32
24.35833	30
24.36667	28
24.37500	27
24.38333	25
24.39167	24
24.40000	22
24.40833	21
24.41667	20
24.42500	19
24.43333	18
24.44167	17
24.45000	16
24.45833	15
24.46667	13
24.47500	13
24.48333	12
24.49167	12
24.50000	11
24.50833	11
24.51667	10
24.52500	10
24.53333	9
24.54167	9
24.55000	9
24.55833	9
24.56667	9
24.57500	9
24.58333	9
24.59167	9
24.60000	9
24.60833	9
24.61667	10
24.62500	10
24.63333	10
24.64167	10
24.65000	11
24.65833	11
24.66667	12
24.67500	13
24.68333	13
24.69167	14
24.70000	15
24.70833	15
24.71667	15
24.72500	16
24.73333	16
24.74167	17
24.75000	18
24.75833	19
24.76667	19
24.77500	20
24.78333	20
24.79167	21
24.80000	22
24.80833	22
24.81667	23
24.82500	23
24.83333	24
24.84167	25
24.85000	26
24.85833	26
24.86667	27
24.87500	27
24.88333	28
24.89167	28
24.90000	29
24.90833	29
24.91667	30
24.92500	31
24.93333	32
24.94167	32
24.95000	33
24.95833	33
24.96667	34
24.97500	34
24.98333	35
24.99167	35
25.00000	36
25.00833	36
25.01667	37
25.02500	37
25.03333	37
25.04167	38
25.05000	38
25.05833	39
25.06667	39
25.07500	40
25.08333	40
25.09167	41
25.10000	41
25.10833	42
25.11667	43
25.12500	43
25.13333	44
25.14167	44
25.15000	45
25.15833	46
25.16667	46
25.17500	47
25.18333	47
25.19167	48
25.20000	48
25.20833	49
25.21667	49
25.22500	50
25.23333	51
25.24167	52
25.25000	53
25.25833	53
25.26667	54
25.27500	55
25.28333	56
25.29167	56
25.30000	57
25.30833	57
25.31667	58
25.32500	59
25.33333	60
25.34167	61
25.35000	63
25.35833	64
25.36667	65
25.37500	66
25.38333	68
25.39167	69
25.40000	70
25.40833	71
25.41667	72
25.42500	73
25.43333	74
25.44167	75
25.45000	76
25.45833	77
25.46667	78
25.47500	79
25.48333	80
25.49167	82
25.50000	84
25.50833	85
25.51667	87
25.52500	88
25.53333	90
25.54167	91
25.55000	92
25.55833	94
25.56667	95
25.57500	97
25.58333	99
25.59167	101
25.60000	102
25.60833	104
25.61667	106
25.62500	107
25.63333	109
25.64167	110
25.65000	112
25.65833	114
25.66667	116
25.67500	117
25.68333	119
25.69167	120
25.70000	122
25.70833	123
25.71667	125
25.72500	127
25.73333	129
25.74167	131
25.75000	132
25.75833	135
25.76667	137
25.77500	138
25.78333	140
25.79167	141
25.80000	143
25.80833	144
25.81667	146
25.82500	147
25.83333	148
25.84167	149
25.85000	150
25.85833	151
25.86667	152
25.87500	153
25.88333	154
25.89167	155
25.90000	156
25.90833	157
25.91667	159
25.92500	160
25.93333	161
25.94167	162
25.95000	163
25.95833	164
25.96667	165
25.97500	166
25.98333	168
25.99167	169
26.00000	171
26.00833	173
26.01667	175
26.02500	177
26.03333	180
26.04167	182
26.05000	185
26.05833	188
26.06667	191
26.07500	195
26.08333	199
26.09167	203
26.10000	207
26.10833	211
26.11667	215
26.12500	220
26.13333	224
26.14167	229
26.15000	235
26.15833	241
26.16667	248
26.17500	255
26.18333	262
26.19167	270
26.20000	279
26.20833	287
26.21667	296
26.22500	306
26.23333	315
26.24167	326
26.25000	337
26.25833	348
26.26667	361
26.27500	373
26.28333	386
26.29167	399
26.30000	413
26.30833	427
26.31667	441
26.32500	455
26.33333	469
26.34167	484
26.35000	500
26.35833	515
26.36667	530
26.37500	546
26.38333	562
26.39167	577
26.40000	592
26.40833	607
26.41667	622
26.42500	636
26.43333	649
26.44167	663
26.45000	675
26.45833	687
26.46667	699
26.47500	709
26.48333	718
26.49167	727
26.50000	734
26.50833	740
26.51667	745
26.52500	749
26.53333	751
26.54167	753
26.55000	753
26.55833	752
26.56667	751
26.57500	748
26.58333	744
26.59167	738
26.60000	732
26.60833	725
26.61667	716
26.62500	706
26.63333	695
26.64167	684
26.65000	671
26.65833	658
26.66667	644
26.67500	630
26.68333	615
26.69167	600
26.70000	584
26.70833	569
26.71667	552
26.72500	536
26.73333	519
26.74167	503
26.75000	487
26.75833	470
26.76667	454
26.77500	438
26.78333	422
26.79167	406
26.80000	391
26.80833	376
26.81667	361
26.82500	346
26.83333	332
26.84167	318
26.85000	305
26.85833	293
26.86667	280
26.87500	269
26.88333	258
26.89167	247
26.90000	237
26.90833	227
26.91667	218
26.92500	210
26.93333	202
26.94167	194
26.95000	186
26.95833	179
26.96667	173
26.97500	167
26.98333	161
26.99167	155
27.00000	150
27.00833	144
27.01667	139
27.02500	134
27.03333	129
27.04167	126
27.05000	122
27.05833	118
27.06667	115
27.07500	112
27.08333	110
27.09167	107
27.10000	104
27.10833	102
27.11667	99
27.12500	97
27.13333	95
27.14167	93
27.15000	91
27.15833	89
27.16667	88
27.17500	86
27.18333	85
27.19167	84
27.20000	82
27.20833	81
27.21667	80
27.22500	79
27.23333	78
27.24167	76
27.25000	75
27.25833	74
27.26667	72
27.27500	71
27.28333	70
27.29167	69
27.30000	69
27.30833	68
27.31667	67
27.32500	66
27.33333	65
27.34167	64
27.35000	63
27.35833	63
27.36667	62
27.37500	62
27.38333	61
27.39167	60
27.40000	59
27.40833	58
27.41667	58
27.42500	57
27.43333	57
27.44167	57
27.45000	57
27.45833	57
27.46667	56
27.47500	56
27.48333	56
27.49167	56
27.50000	55
27.50833	55
27.51667	55
27.52500	55
27.53333	55
27.54167	55
27.55000	55
27.55833	55
27.56667	55
27.57500	55
27.58333	56
27.59167	56
27.60000	56
27.60833	56
27.61667	56
27.62500	56
27.63333	57
27.64167	57
27.65000	57
27.65833	57
27.66667	58
27.67500	58
27.68333	58
27.69167	59
27.70000	60
27.70833	60
27.71667	60
27.72500	60
27.73333	61
27.74167	61
27.75000	61
27.75833	60
27.76667	60
27.77500	61
27.78333	61
27.79167	62
27.80000	62
27.80833	62
27.81667	62
27.82500	62
27.83333	62
27.84167	63
27.85000	63
27.85833	63
27.86667	63
27.87500	63
27.88333	63
27.89167	63
27.90000	64
27.90833	64
27.91667	64
27.92500	65
27.93333	65
27.94167	65
27.95000	65
27.95833	65
27.96667	65
27.97500	65
27.98333	64
27.99167	64
28.00000	64

