R.Time (min)	Intensity
0.00000	-32
0.00833	-32
0.01667	-16
0.02500	-1
0.03333	-1
0.04167	-3
0.05000	-4
0.05833	-4
0.06667	-5
0.07500	-6
0.08333	-6
0.09167	-6
0.10000	-7
0.10833	-7
0.11667	-7
0.12500	-8
0.13333	-8
0.14167	-9
0.15000	-9
0.15833	-10
0.16667	-11
0.17500	-11
0.18333	-12
0.19167	-12
0.20000	-13
0.20833	-14
0.21667	-15
0.22500	-15
0.23333	-16
0.24167	-16
0.25000	-16
0.25833	-17
0.26667	-17
0.27500	-18
0.28333	-18
0.29167	-19
0.30000	-20
0.30833	-20
0.31667	-21
0.32500	-21
0.33333	-21
0.34167	-22
0.35000	-22
0.35833	-23
0.36667	-23
0.37500	-24
0.38333	-24
0.39167	-24
0.40000	-25
0.40833	-25
0.41667	-25
0.42500	-26
0.43333	-27
0.44167	-27
0.45000	-28
0.45833	-29
0.46667	-30
0.47500	-30
0.48333	-31
0.49167	-31
0.50000	-31
0.50833	-31
0.51667	-32
0.52500	-32
0.53333	-33
0.54167	-34
0.55000	-34
0.55833	-34
0.56667	-35
0.57500	-35
0.58333	-36
0.59167	-36
0.60000	-37
0.60833	-37
0.61667	-38
0.62500	-39
0.63333	-39
0.64167	-39
0.65000	-40
0.65833	-40
0.66667	-40
0.67500	-41
0.68333	-41
0.69167	-41
0.70000	-42
0.70833	-42
0.71667	-43
0.72500	-43
0.73333	-44
0.74167	-44
0.75000	-45
0.75833	-45
0.76667	-45
0.77500	-45
0.78333	-46
0.79167	-46
0.80000	-46
0.80833	-47
0.81667	-47
0.82500	-48
0.83333	-49
0.84167	-50
0.85000	-50
0.85833	-50
0.86667	-51
0.87500	-51
0.88333	-51
0.89167	-51
0.90000	-51
0.90833	-51
0.91667	-52
0.92500	-52
0.93333	-52
0.94167	-52
0.95000	-53
0.95833	-53
0.96667	-54
0.97500	-54
0.98333	-55
0.99167	-55
1.00000	-55
1.00833	-56
1.01667	-56
1.02500	-57
1.03333	-57
1.04167	-57
1.05000	-57
1.05833	-57
1.06667	-57
1.07500	-57
1.08333	-58
1.09167	-58
1.10000	-59
1.10833	-60
1.11667	-60
1.12500	-61
1.13333	-61
1.14167	-61
1.15000	-61
1.15833	-61
1.16667	-62
1.17500	-62
1.18333	-62
1.19167	-63
1.20000	-63
1.20833	-63
1.21667	-64
1.22500	-64
1.23333	-64
1.24167	-64
1.25000	-64
1.25833	-65
1.26667	-65
1.27500	-65
1.28333	-65
1.29167	-65
1.30000	-65
1.30833	-66
1.31667	-66
1.32500	-67
1.33333	-68
1.34167	-68
1.35000	-68
1.35833	-69
1.36667	-69
1.37500	-70
1.38333	-70
1.39167	-71
1.40000	-72
1.40833	-72
1.41667	-72
1.42500	-73
1.43333	-73
1.44167	-73
1.45000	-74
1.45833	-74
1.46667	-74
1.47500	-74
1.48333	-74
1.49167	-74
1.50000	-74
1.50833	-75
1.51667	-75
1.52500	-75
1.53333	-75
1.54167	-75
1.55000	-76
1.55833	-76
1.56667	-76
1.57500	-76
1.58333	-76
1.59167	-76
1.60000	-77
1.60833	-77
1.61667	-77
1.62500	-78
1.63333	-78
1.64167	-78
1.65000	-78
1.65833	-78
1.66667	-78
1.67500	-78
1.68333	-78
1.69167	-79
1.70000	-79
1.70833	-80
1.71667	-80
1.72500	-80
1.73333	-80
1.74167	-81
1.75000	-82
1.75833	-82
1.76667	-82
1.77500	-82
1.78333	-82
1.79167	-83
1.80000	-83
1.80833	-84
1.81667	-84
1.82500	-84
1.83333	-84
1.84167	-85
1.85000	-84
1.85833	-85
1.86667	-85
1.87500	-85
1.88333	-85
1.89167	-85
1.90000	-86
1.90833	-86
1.91667	-86
1.92500	-87
1.93333	-87
1.94167	-87
1.95000	-88
1.95833	-88
1.96667	-89
1.97500	-89
1.98333	-90
1.99167	-89
2.00000	-89
2.00833	-89
2.01667	-89
2.02500	-89
2.03333	-90
2.04167	-90
2.05000	-91
2.05833	-91
2.06667	-92
2.07500	-92
2.08333	-92
2.09167	-93
2.10000	-93
2.10833	-92
2.11667	-92
2.12500	-93
2.13333	-93
2.14167	-93
2.15000	-93
2.15833	-93
2.16667	-93
2.17500	-93
2.18333	-93
2.19167	-93
2.20000	-93
2.20833	-94
2.21667	-94
2.22500	-94
2.23333	-95
2.24167	-95
2.25000	-96
2.25833	-96
2.26667	-96
2.27500	-96
2.28333	-96
2.29167	-96
2.30000	-97
2.30833	-97
2.31667	-97
2.32500	-97
2.33333	-97
2.34167	-97
2.35000	-98
2.35833	-98
2.36667	-98
2.37500	-98
2.38333	-99
2.39167	-99
2.40000	-99
2.40833	-100
2.41667	-100
2.42500	-100
2.43333	-100
2.44167	-100
2.45000	-100
2.45833	-100
2.46667	-100
2.47500	-100
2.48333	-100
2.49167	-101
2.50000	-101
2.50833	-101
2.51667	-101
2.52500	-101
2.53333	-101
2.54167	-101
2.55000	-101
2.55833	-102
2.56667	-102
2.57500	-102
2.58333	-103
2.59167	-103
2.60000	-103
2.60833	-104
2.61667	-104
2.62500	-105
2.63333	-105
2.64167	-105
2.65000	-105
2.65833	-105
2.66667	-106
2.67500	-106
2.68333	-106
2.69167	-106
2.70000	-106
2.70833	-107
2.71667	-107
2.72500	-107
2.73333	-107
2.74167	-108
2.75000	-108
2.75833	-107
2.76667	-107
2.77500	-108
2.78333	-108
2.79167	-108
2.80000	-108
2.80833	-108
2.81667	-109
2.82500	-109
2.83333	-110
2.84167	-110
2.85000	-110
2.85833	-110
2.86667	-110
2.87500	-109
2.88333	-109
2.89167	-109
2.90000	-108
2.90833	-108
2.91667	-108
2.92500	-108
2.93333	-108
2.94167	-109
2.95000	-109
2.95833	-109
2.96667	-109
2.97500	-109
2.98333	-109
2.99167	-110
3.00000	-110
3.00833	-110
3.01667	-110
3.02500	-110
3.03333	-110
3.04167	-110
3.05000	-111
3.05833	-111
3.06667	-111
3.07500	-111
3.08333	-111
3.09167	-111
3.10000	-110
3.10833	-110
3.11667	-110
3.12500	-110
3.13333	-110
3.14167	-110
3.15000	-111
3.15833	-111
3.16667	-111
3.17500	-111
3.18333	-111
3.19167	-111
3.20000	-111
3.20833	-112
3.21667	-112
3.22500	-112
3.23333	-112
3.24167	-112
3.25000	-112
3.25833	-111
3.26667	-111
3.27500	-111
3.28333	-110
3.29167	-110
3.30000	-110
3.30833	-110
3.31667	-110
3.32500	-111
3.33333	-111
3.34167	-111
3.35000	-111
3.35833	-111
3.36667	-111
3.37500	-111
3.38333	-111
3.39167	-111
3.40000	-111
3.40833	-111
3.41667	-111
3.42500	-111
3.43333	-112
3.44167	-112
3.45000	-112
3.45833	-112
3.46667	-113
3.47500	-113
3.48333	-114
3.49167	-114
3.50000	-114
3.50833	-114
3.51667	-114
3.52500	-114
3.53333	-114
3.54167	-114
3.55000	-114
3.55833	-114
3.56667	-114
3.57500	-113
3.58333	-113
3.59167	-113
3.60000	-113
3.60833	-113
3.61667	-114
3.62500	-114
3.63333	-114
3.64167	-115
3.65000	-115
3.65833	-115
3.66667	-115
3.67500	-115
3.68333	-115
3.69167	-114
3.70000	-114
3.70833	-114
3.71667	-114
3.72500	-115
3.73333	-115
3.74167	-116
3.75000	-116
3.75833	-116
3.76667	-116
3.77500	-116
3.78333	-116
3.79167	-116
3.80000	-116
3.80833	-117
3.81667	-117
3.82500	-117
3.83333	-117
3.84167	-118
3.85000	-118
3.85833	-118
3.86667	-118
3.87500	-118
3.88333	-118
3.89167	-118
3.90000	-118
3.90833	-118
3.91667	-119
3.92500	-119
3.93333	-119
3.94167	-120
3.95000	-120
3.95833	-120
3.96667	-120
3.97500	-120
3.98333	-120
3.99167	-120
4.00000	-120
4.00833	-121
4.01667	-121
4.02500	-121
4.03333	-120
4.04167	-120
4.05000	-120
4.05833	-120
4.06667	-121
4.07500	-122
4.08333	-122
4.09167	-123
4.10000	-123
4.10833	-123
4.11667	-123
4.12500	-123
4.13333	-123
4.14167	-123
4.15000	-124
4.15833	-124
4.16667	-123
4.17500	-123
4.18333	-123
4.19167	-123
4.20000	-124
4.20833	-123
4.21667	-123
4.22500	-123
4.23333	-124
4.24167	-123
4.25000	-123
4.25833	-123
4.26667	-123
4.27500	-123
4.28333	-124
4.29167	-124
4.30000	-124
4.30833	-123
4.31667	-123
4.32500	-123
4.33333	-123
4.34167	-123
4.35000	-123
4.35833	-123
4.36667	-123
4.37500	-123
4.38333	-123
4.39167	-123
4.40000	-123
4.40833	-123
4.41667	-123
4.42500	-123
4.43333	-123
4.44167	-122
4.45000	-122
4.45833	-122
4.46667	-122
4.47500	-121
4.48333	-121
4.49167	-121
4.50000	-121
4.50833	-122
4.51667	-122
4.52500	-122
4.53333	-122
4.54167	-122
4.55000	-122
4.55833	-122
4.56667	-122
4.57500	-122
4.58333	-123
4.59167	-123
4.60000	-123
4.60833	-124
4.61667	-124
4.62500	-125
4.63333	-125
4.64167	-125
4.65000	-125
4.65833	-125
4.66667	-125
4.67500	-125
4.68333	-126
4.69167	-126
4.70000	-126
4.70833	-126
4.71667	-126
4.72500	-126
4.73333	-127
4.74167	-127
4.75000	-128
4.75833	-128
4.76667	-128
4.77500	-128
4.78333	-128
4.79167	-128
4.80000	-128
4.80833	-129
4.81667	-129
4.82500	-129
4.83333	-129
4.84167	-129
4.85000	-129
4.85833	-129
4.86667	-128
4.87500	-129
4.88333	-129
4.89167	-129
4.90000	-128
4.90833	-128
4.91667	-128
4.92500	-128
4.93333	-128
4.94167	-128
4.95000	-128
4.95833	-128
4.96667	-127
4.97500	-128
4.98333	-127
4.99167	-127
5.00000	-127
5.00833	-127
5.01667	-127
5.02500	-127
5.03333	-128
5.04167	-128
5.05000	-128
5.05833	-128
5.06667	-128
5.07500	-127
5.08333	-127
5.09167	-127
5.10000	-127
5.10833	-127
5.11667	-127
5.12500	-127
5.13333	-127
5.14167	-127
5.15000	-127
5.15833	-127
5.16667	-127
5.17500	-127
5.18333	-128
5.19167	-128
5.20000	-128
5.20833	-128
5.21667	-129
5.22500	-128
5.23333	-128
5.24167	-128
5.25000	-128
5.25833	-129
5.26667	-129
5.27500	-130
5.28333	-130
5.29167	-130
5.30000	-130
5.30833	-130
5.31667	-131
5.32500	-131
5.33333	-131
5.34167	-131
5.35000	-131
5.35833	-131
5.36667	-131
5.37500	-131
5.38333	-131
5.39167	-131
5.40000	-131
5.40833	-131
5.41667	-131
5.42500	-131
5.43333	-132
5.44167	-133
5.45000	-133
5.45833	-133
5.46667	-134
5.47500	-134
5.48333	-134
5.49167	-135
5.50000	-135
5.50833	-135
5.51667	-136
5.52500	-136
5.53333	-136
5.54167	-136
5.55000	-136
5.55833	-136
5.56667	-136
5.57500	-136
5.58333	-136
5.59167	-136
5.60000	-137
5.60833	-137
5.61667	-137
5.62500	-137
5.63333	-137
5.64167	-137
5.65000	-137
5.65833	-137
5.66667	-137
5.67500	-137
5.68333	-137
5.69167	-137
5.70000	-137
5.70833	-137
5.71667	-137
5.72500	-137
5.73333	-137
5.74167	-137
5.75000	-137
5.75833	-137
5.76667	-137
5.77500	-136
5.78333	-136
5.79167	-137
5.80000	-137
5.80833	-136
5.81667	-136
5.82500	-136
5.83333	-136
5.84167	-136
5.85000	-135
5.85833	-135
5.86667	-135
5.87500	-135
5.88333	-135
5.89167	-135
5.90000	-135
5.90833	-135
5.91667	-135
5.92500	-136
5.93333	-136
5.94167	-136
5.95000	-136
5.95833	-136
5.96667	-136
5.97500	-136
5.98333	-136
5.99167	-136
6.00000	-136
6.00833	-136
6.01667	-136
6.02500	-136
6.03333	-136
6.04167	-135
6.05000	-135
6.05833	-136
6.06667	-136
6.07500	-136
6.08333	-136
6.09167	-137
6.10000	-137
6.10833	-137
6.11667	-137
6.12500	-138
6.13333	-138
6.14167	-138
6.15000	-138
6.15833	-138
6.16667	-138
6.17500	-138
6.18333	-138
6.19167	-139
6.20000	-139
6.20833	-139
6.21667	-139
6.22500	-139
6.23333	-140
6.24167	-140
6.25000	-139
6.25833	-139
6.26667	-138
6.27500	-138
6.28333	-138
6.29167	-138
6.30000	-138
6.30833	-138
6.31667	-138
6.32500	-138
6.33333	-138
6.34167	-138
6.35000	-138
6.35833	-138
6.36667	-138
6.37500	-138
6.38333	-138
6.39167	-138
6.40000	-139
6.40833	-139
6.41667	-139
6.42500	-139
6.43333	-139
6.44167	-139
6.45000	-140
6.45833	-140
6.46667	-140
6.47500	-141
6.48333	-141
6.49167	-141
6.50000	-141
6.50833	-141
6.51667	-141
6.52500	-141
6.53333	-141
6.54167	-141
6.55000	-141
6.55833	-141
6.56667	-141
6.57500	-142
6.58333	-142
6.59167	-142
6.60000	-142
6.60833	-142
6.61667	-143
6.62500	-143
6.63333	-143
6.64167	-143
6.65000	-144
6.65833	-144
6.66667	-144
6.67500	-145
6.68333	-145
6.69167	-145
6.70000	-145
6.70833	-145
6.71667	-145
6.72500	-145
6.73333	-145
6.74167	-145
6.75000	-145
6.75833	-145
6.76667	-144
6.77500	-145
6.78333	-145
6.79167	-145
6.80000	-145
6.80833	-145
6.81667	-144
6.82500	-144
6.83333	-144
6.84167	-143
6.85000	-143
6.85833	-143
6.86667	-143
6.87500	-143
6.88333	-142
6.89167	-142
6.90000	-142
6.90833	-142
6.91667	-141
6.92500	-141
6.93333	-140
6.94167	-140
6.95000	-139
6.95833	-139
6.96667	-138
6.97500	-137
6.98333	-137
6.99167	-136
7.00000	-136
7.00833	-135
7.01667	-135
7.02500	-134
7.03333	-134
7.04167	-133
7.05000	-132
7.05833	-131
7.06667	-129
7.07500	-127
7.08333	-124
7.09167	-120
7.10000	-115
7.10833	-110
7.11667	-103
7.12500	-94
7.13333	-84
7.14167	-71
7.15000	-56
7.15833	-39
7.16667	-19
7.17500	5
7.18333	32
7.19167	63
7.20000	97
7.20833	135
7.21667	177
7.22500	222
7.23333	269
7.24167	319
7.25000	371
7.25833	423
7.26667	475
7.27500	524
7.28333	568
7.29167	607
7.30000	636
7.30833	655
7.31667	662
7.32500	658
7.33333	645
7.34167	628
7.35000	615
7.35833	619
7.36667	653
7.37500	736
7.38333	886
7.39167	1126
7.40000	1476
7.40833	1956
7.41667	2582
7.42500	3367
7.43333	4320
7.44167	5440
7.45000	6719
7.45833	8141
7.46667	9677
7.47500	11291
7.48333	12934
7.49167	14547
7.50000	16065
7.50833	17419
7.51667	18542
7.52500	19377
7.53333	19881
7.54167	20028
7.55000	19818
7.55833	19270
7.56667	18426
7.57500	17339
7.58333	16074
7.59167	14697
7.60000	13271
7.60833	11853
7.61667	10488
7.62500	9210
7.63333	8043
7.64167	6998
7.65000	6079
7.65833	5285
7.66667	4606
7.67500	4032
7.68333	3550
7.69167	3147
7.70000	2812
7.70833	2534
7.71667	2301
7.72500	2104
7.73333	1938
7.74167	1796
7.75000	1673
7.75833	1565
7.76667	1469
7.77500	1383
7.78333	1305
7.79167	1234
7.80000	1167
7.80833	1105
7.81667	1046
7.82500	991
7.83333	939
7.84167	889
7.85000	842
7.85833	796
7.86667	753
7.87500	712
7.88333	673
7.89167	636
7.90000	603
7.90833	571
7.91667	542
7.92500	516
7.93333	492
7.94167	471
7.95000	453
7.95833	438
7.96667	426
7.97500	415
7.98333	407
7.99167	401
8.00000	396
8.00833	392
8.01667	389
8.02500	386
8.03333	383
8.04167	380
8.05000	376
8.05833	371
8.06667	365
8.07500	358
8.08333	350
8.09167	342
8.10000	332
8.10833	323
8.11667	313
8.12500	302
8.13333	291
8.14167	280
8.15000	269
8.15833	259
8.16667	248
8.17500	238
8.18333	229
8.19167	220
8.20000	213
8.20833	206
8.21667	200
8.22500	194
8.23333	189
8.24167	185
8.25000	181
8.25833	178
8.26667	175
8.27500	172
8.28333	170
8.29167	168
8.30000	167
8.30833	165
8.31667	164
8.32500	164
8.33333	163
8.34167	163
8.35000	163
8.35833	164
8.36667	164
8.37500	164
8.38333	163
8.39167	163
8.40000	163
8.40833	163
8.41667	163
8.42500	164
8.43333	164
8.44167	164
8.45000	164
8.45833	164
8.46667	164
8.47500	164
8.48333	164
8.49167	163
8.50000	162
8.50833	161
8.51667	160
8.52500	159
8.53333	158
8.54167	157
8.55000	156
8.55833	155
8.56667	154
8.57500	153
8.58333	153
8.59167	152
8.60000	153
8.60833	153
8.61667	155
8.62500	157
8.63333	160
8.64167	164
8.65000	168
8.65833	174
8.66667	181
8.67500	190
8.68333	200
8.69167	210
8.70000	221
8.70833	234
8.71667	247
8.72500	260
8.73333	273
8.74167	285
8.75000	297
8.75833	309
8.76667	320
8.77500	330
8.78333	339
8.79167	347
8.80000	353
8.80833	358
8.81667	363
8.82500	367
8.83333	371
8.84167	375
8.85000	381
8.85833	388
8.86667	397
8.87500	409
8.88333	426
8.89167	448
8.90000	475
8.90833	509
8.91667	550
8.92500	600
8.93333	660
8.94167	729
8.95000	808
8.95833	898
8.96667	996
8.97500	1103
8.98333	1218
8.99167	1339
9.00000	1464
9.00833	1591
9.01667	1717
9.02500	1839
9.03333	1956
9.04167	2064
9.05000	2161
9.05833	2246
9.06667	2316
9.07500	2370
9.08333	2406
9.09167	2424
9.10000	2425
9.10833	2408
9.11667	2375
9.12500	2327
9.13333	2265
9.14167	2192
9.15000	2108
9.15833	2017
9.16667	1919
9.17500	1818
9.18333	1714
9.19167	1610
9.20000	1507
9.20833	1406
9.21667	1309
9.22500	1216
9.23333	1127
9.24167	1044
9.25000	966
9.25833	893
9.26667	826
9.27500	765
9.28333	709
9.29167	659
9.30000	613
9.30833	573
9.31667	537
9.32500	506
9.33333	478
9.34167	453
9.35000	433
9.35833	416
9.36667	403
9.37500	394
9.38333	389
9.39167	388
9.40000	393
9.40833	402
9.41667	418
9.42500	442
9.43333	473
9.44167	515
9.45000	570
9.45833	639
9.46667	726
9.47500	835
9.48333	969
9.49167	1132
9.50000	1331
9.50833	1570
9.51667	1854
9.52500	2189
9.53333	2580
9.54167	3031
9.55000	3546
9.55833	4126
9.56667	4775
9.57500	5490
9.58333	6268
9.59167	7106
9.60000	7994
9.60833	8926
9.61667	9889
9.62500	10870
9.63333	11854
9.64167	12827
9.65000	13773
9.65833	14677
9.66667	15522
9.67500	16295
9.68333	16985
9.69167	17580
9.70000	18074
9.70833	18462
9.71667	18743
9.72500	18917
9.73333	18990
9.74167	18967
9.75000	18858
9.75833	18672
9.76667	18422
9.77500	18121
9.78333	17782
9.79167	17417
9.80000	17040
9.80833	16664
9.81667	16298
9.82500	15953
9.83333	15638
9.84167	15361
9.85000	15126
9.85833	14939
9.86667	14802
9.87500	14717
9.88333	14686
9.89167	14709
9.90000	14784
9.90833	14910
9.91667	15085
9.92500	15308
9.93333	15574
9.94167	15881
9.95000	16225
9.95833	16604
9.96667	17013
9.97500	17449
9.98333	17909
9.99167	18388
10.00000	18883
10.00833	19390
10.01667	19903
10.02500	20415
10.03333	20915
10.04167	21390
10.05000	21817
10.05833	22171
10.06667	22416
10.07500	22517
10.08333	22436
10.09167	22142
10.10000	21616
10.10833	20853
10.11667	19864
10.12500	18678
10.13333	17339
10.14167	15898
10.15000	14408
10.15833	12921
10.16667	11480
10.17500	10120
10.18333	8865
10.19167	7730
10.20000	6720
10.20833	5834
10.21667	5066
10.22500	4407
10.23333	3845
10.24167	3369
10.25000	2967
10.25833	2630
10.26667	2346
10.27500	2107
10.28333	1905
10.29167	1735
10.30000	1590
10.30833	1466
10.31667	1359
10.32500	1266
10.33333	1184
10.34167	1112
10.35000	1048
10.35833	990
10.36667	938
10.37500	891
10.38333	847
10.39167	807
10.40000	770
10.40833	736
10.41667	704
10.42500	675
10.43333	648
10.44167	624
10.45000	602
10.45833	582
10.46667	564
10.47500	549
10.48333	535
10.49167	524
10.50000	514
10.50833	506
10.51667	499
10.52500	494
10.53333	490
10.54167	486
10.55000	483
10.55833	481
10.56667	478
10.57500	475
10.58333	472
10.59167	467
10.60000	462
10.60833	455
10.61667	447
10.62500	438
10.63333	428
10.64167	417
10.65000	404
10.65833	390
10.66667	375
10.67500	359
10.68333	342
10.69167	325
10.70000	308
10.70833	290
10.71667	272
10.72500	255
10.73333	239
10.74167	223
10.75000	207
10.75833	193
10.76667	179
10.77500	166
10.78333	154
10.79167	143
10.80000	133
10.80833	123
10.81667	115
10.82500	107
10.83333	100
10.84167	93
10.85000	88
10.85833	83
10.86667	78
10.87500	74
10.88333	70
10.89167	67
10.90000	64
10.90833	61
10.91667	59
10.92500	56
10.93333	54
10.94167	53
10.95000	51
10.95833	50
10.96667	49
10.97500	48
10.98333	47
10.99167	46
11.00000	46
11.00833	45
11.01667	45
11.02500	46
11.03333	46
11.04167	46
11.05000	47
11.05833	49
11.06667	50
11.07500	52
11.08333	54
11.09167	56
11.10000	59
11.10833	62
11.11667	65
11.12500	69
11.13333	74
11.14167	78
11.15000	84
11.15833	89
11.16667	95
11.17500	101
11.18333	107
11.19167	114
11.20000	121
11.20833	128
11.21667	136
11.22500	144
11.23333	152
11.24167	160
11.25000	168
11.25833	175
11.26667	182
11.27500	189
11.28333	196
11.29167	201
11.30000	207
11.30833	211
11.31667	214
11.32500	217
11.33333	219
11.34167	220
11.35000	219
11.35833	218
11.36667	216
11.37500	213
11.38333	209
11.39167	205
11.40000	200
11.40833	194
11.41667	188
11.42500	182
11.43333	176
11.44167	169
11.45000	162
11.45833	154
11.46667	147
11.47500	139
11.48333	132
11.49167	125
11.50000	119
11.50833	113
11.51667	107
11.52500	102
11.53333	96
11.54167	91
11.55000	86
11.55833	82
11.56667	78
11.57500	74
11.58333	70
11.59167	67
11.60000	64
11.60833	61
11.61667	59
11.62500	56
11.63333	54
11.64167	52
11.65000	50
11.65833	49
11.66667	48
11.67500	47
11.68333	47
11.69167	46
11.70000	46
11.70833	45
11.71667	44
11.72500	44
11.73333	44
11.74167	44
11.75000	44
11.75833	44
11.76667	44
11.77500	44
11.78333	43
11.79167	43
11.80000	42
11.80833	41
11.81667	40
11.82500	39
11.83333	38
11.84167	37
11.85000	35
11.85833	33
11.86667	31
11.87500	29
11.88333	28
11.89167	26
11.90000	24
11.90833	22
11.91667	21
11.92500	19
11.93333	18
11.94167	17
11.95000	15
11.95833	14
11.96667	14
11.97500	13
11.98333	12
11.99167	12
12.00000	11
12.00833	11
12.01667	11
12.02500	11
12.03333	12
12.04167	11
12.05000	11
12.05833	11
12.06667	12
12.07500	12
12.08333	13
12.09167	13
12.10000	13
12.10833	14
12.11667	14
12.12500	14
12.13333	15
12.14167	15
12.15000	15
12.15833	16
12.16667	17
12.17500	17
12.18333	17
12.19167	17
12.20000	17
12.20833	16
12.21667	16
12.22500	16
12.23333	15
12.24167	15
12.25000	14
12.25833	13
12.26667	13
12.27500	13
12.28333	12
12.29167	11
12.30000	10
12.30833	9
12.31667	8
12.32500	7
12.33333	6
12.34167	5
12.35000	3
12.35833	1
12.36667	-0
12.37500	-2
12.38333	-3
12.39167	-4
12.40000	-6
12.40833	-7
12.41667	-8
12.42500	-9
12.43333	-10
12.44167	-12
12.45000	-13
12.45833	-14
12.46667	-15
12.47500	-16
12.48333	-16
12.49167	-17
12.50000	-17
12.50833	-17
12.51667	-17
12.52500	-17
12.53333	-17
12.54167	-17
12.55000	-16
12.55833	-16
12.56667	-15
12.57500	-15
12.58333	-15
12.59167	-14
12.60000	-13
12.60833	-12
12.61667	-11
12.62500	-10
12.63333	-9
12.64167	-8
12.65000	-7
12.65833	-6
12.66667	-5
12.67500	-4
12.68333	-3
12.69167	-1
12.70000	-0
12.70833	1
12.71667	2
12.72500	4
12.73333	5
12.74167	6
12.75000	7
12.75833	8
12.76667	9
12.77500	10
12.78333	11
12.79167	12
12.80000	12
12.80833	13
12.81667	14
12.82500	15
12.83333	16
12.84167	17
12.85000	17
12.85833	17
12.86667	17
12.87500	18
12.88333	18
12.89167	19
12.90000	20
12.90833	21
12.91667	21
12.92500	22
12.93333	23
12.94167	24
12.95000	25
12.95833	26
12.96667	27
12.97500	29
12.98333	30
12.99167	32
13.00000	33
13.00833	34
13.01667	36
13.02500	37
13.03333	38
13.04167	40
13.05000	41
13.05833	42
13.06667	42
13.07500	43
13.08333	43
13.09167	43
13.10000	44
13.10833	44
13.11667	44
13.12500	43
13.13333	43
13.14167	42
13.15000	41
13.15833	40
13.16667	39
13.17500	38
13.18333	37
13.19167	35
13.20000	34
13.20833	33
13.21667	32
13.22500	31
13.23333	30
13.24167	29
13.25000	29
13.25833	28
13.26667	28
13.27500	28
13.28333	27
13.29167	27
13.30000	27
13.30833	27
13.31667	26
13.32500	26
13.33333	26
13.34167	26
13.35000	27
13.35833	27
13.36667	28
13.37500	28
13.38333	29
13.39167	29
13.40000	30
13.40833	30
13.41667	31
13.42500	31
13.43333	32
13.44167	33
13.45000	33
13.45833	33
13.46667	34
13.47500	34
13.48333	35
13.49167	35
13.50000	35
13.50833	34
13.51667	34
13.52500	34
13.53333	34
13.54167	33
13.55000	33
13.55833	33
13.56667	32
13.57500	32
13.58333	31
13.59167	31
13.60000	30
13.60833	30
13.61667	29
13.62500	28
13.63333	27
13.64167	26
13.65000	26
13.65833	26
13.66667	25
13.67500	25
13.68333	25
13.69167	25
13.70000	26
13.70833	27
13.71667	28
13.72500	30
13.73333	32
13.74167	34
13.75000	37
13.75833	40
13.76667	44
13.77500	49
13.78333	55
13.79167	61
13.80000	68
13.80833	75
13.81667	83
13.82500	92
13.83333	102
13.84167	111
13.85000	122
13.85833	133
13.86667	144
13.87500	156
13.88333	167
13.89167	179
13.90000	191
13.90833	203
13.91667	215
13.92500	226
13.93333	236
13.94167	245
13.95000	254
13.95833	261
13.96667	266
13.97500	270
13.98333	272
13.99167	273
14.00000	273
14.00833	272
14.01667	269
14.02500	265
14.03333	259
14.04167	253
14.05000	245
14.05833	236
14.06667	228
14.07500	218
14.08333	207
14.09167	196
14.10000	186
14.10833	175
14.11667	165
14.12500	155
14.13333	145
14.14167	136
14.15000	127
14.15833	118
14.16667	110
14.17500	102
14.18333	95
14.19167	89
14.20000	83
14.20833	77
14.21667	72
14.22500	68
14.23333	64
14.24167	60
14.25000	57
14.25833	54
14.26667	51
14.27500	49
14.28333	46
14.29167	44
14.30000	42
14.30833	41
14.31667	40
14.32500	39
14.33333	39
14.34167	38
14.35000	38
14.35833	38
14.36667	38
14.37500	38
14.38333	38
14.39167	39
14.40000	39
14.40833	40
14.41667	41
14.42500	41
14.43333	42
14.44167	42
14.45000	42
14.45833	43
14.46667	44
14.47500	45
14.48333	45
14.49167	46
14.50000	47
14.50833	47
14.51667	48
14.52500	49
14.53333	49
14.54167	50
14.55000	50
14.55833	50
14.56667	50
14.57500	50
14.58333	50
14.59167	50
14.60000	49
14.60833	49
14.61667	48
14.62500	47
14.63333	47
14.64167	46
14.65000	45
14.65833	44
14.66667	43
14.67500	42
14.68333	40
14.69167	39
14.70000	37
14.70833	36
14.71667	35
14.72500	34
14.73333	32
14.74167	31
14.75000	30
14.75833	28
14.76667	27
14.77500	26
14.78333	25
14.79167	24
14.80000	24
14.80833	23
14.81667	22
14.82500	21
14.83333	20
14.84167	19
14.85000	18
14.85833	17
14.86667	17
14.87500	16
14.88333	16
14.89167	15
14.90000	15
14.90833	14
14.91667	13
14.92500	13
14.93333	12
14.94167	12
14.95000	12
14.95833	12
14.96667	12
14.97500	12
14.98333	12
14.99167	12
15.00000	12
15.00833	12
15.01667	13
15.02500	13
15.03333	13
15.04167	14
15.05000	14
15.05833	15
15.06667	17
15.07500	18
15.08333	19
15.09167	21
15.10000	23
15.10833	25
15.11667	28
15.12500	31
15.13333	34
15.14167	38
15.15000	42
15.15833	46
15.16667	50
15.17500	54
15.18333	59
15.19167	63
15.20000	68
15.20833	73
15.21667	77
15.22500	81
15.23333	85
15.24167	89
15.25000	92
15.25833	94
15.26667	97
15.27500	98
15.28333	100
15.29167	101
15.30000	101
15.30833	101
15.31667	100
15.32500	98
15.33333	96
15.34167	93
15.35000	90
15.35833	88
15.36667	84
15.37500	81
15.38333	77
15.39167	73
15.40000	69
15.40833	65
15.41667	61
15.42500	57
15.43333	53
15.44167	49
15.45000	46
15.45833	42
15.46667	38
15.47500	35
15.48333	33
15.49167	30
15.50000	28
15.50833	26
15.51667	23
15.52500	22
15.53333	20
15.54167	19
15.55000	18
15.55833	17
15.56667	16
15.57500	16
15.58333	16
15.59167	15
15.60000	16
15.60833	16
15.61667	16
15.62500	16
15.63333	17
15.64167	19
15.65000	20
15.65833	22
15.66667	23
15.67500	24
15.68333	26
15.69167	28
15.70000	30
15.70833	32
15.71667	34
15.72500	36
15.73333	39
15.74167	41
15.75000	43
15.75833	45
15.76667	48
15.77500	50
15.78333	52
15.79167	55
15.80000	57
15.80833	59
15.81667	61
15.82500	64
15.83333	66
15.84167	68
15.85000	70
15.85833	73
15.86667	76
15.87500	79
15.88333	82
15.89167	85
15.90000	89
15.90833	93
15.91667	97
15.92500	102
15.93333	107
15.94167	113
15.95000	120
15.95833	128
15.96667	137
15.97500	146
15.98333	157
15.99167	168
16.00000	180
16.00833	193
16.01667	207
16.02500	222
16.03333	238
16.04167	254
16.05000	271
16.05833	288
16.06667	305
16.07500	322
16.08333	339
16.09167	355
16.10000	370
16.10833	385
16.11667	398
16.12500	411
16.13333	421
16.14167	430
16.15000	437
16.15833	442
16.16667	445
16.17500	447
16.18333	447
16.19167	445
16.20000	442
16.20833	437
16.21667	430
16.22500	423
16.23333	414
16.24167	405
16.25000	394
16.25833	383
16.26667	371
16.27500	360
16.28333	348
16.29167	337
16.30000	326
16.30833	315
16.31667	306
16.32500	297
16.33333	288
16.34167	280
16.35000	274
16.35833	268
16.36667	263
16.37500	259
16.38333	256
16.39167	253
16.40000	251
16.40833	250
16.41667	249
16.42500	249
16.43333	249
16.44167	250
16.45000	250
16.45833	252
16.46667	254
16.47500	256
16.48333	259
16.49167	262
16.50000	264
16.50833	267
16.51667	271
16.52500	274
16.53333	277
16.54167	280
16.55000	283
16.55833	286
16.56667	289
16.57500	292
16.58333	295
16.59167	298
16.60000	300
16.60833	302
16.61667	303
16.62500	304
16.63333	305
16.64167	306
16.65000	306
16.65833	305
16.66667	303
16.67500	301
16.68333	299
16.69167	297
16.70000	294
16.70833	290
16.71667	286
16.72500	281
16.73333	276
16.74167	271
16.75000	265
16.75833	259
16.76667	253
16.77500	246
16.78333	239
16.79167	233
16.80000	226
16.80833	219
16.81667	212
16.82500	206
16.83333	199
16.84167	194
16.85000	188
16.85833	182
16.86667	176
16.87500	170
16.88333	165
16.89167	160
16.90000	156
16.90833	151
16.91667	147
16.92500	143
16.93333	140
16.94167	136
16.95000	132
16.95833	128
16.96667	125
16.97500	121
16.98333	118
16.99167	115
17.00000	113
17.00833	110
17.01667	108
17.02500	105
17.03333	103
17.04167	101
17.05000	99
17.05833	97
17.06667	94
17.07500	92
17.08333	90
17.09167	88
17.10000	86
17.10833	84
17.11667	82
17.12500	79
17.13333	77
17.14167	76
17.15000	74
17.15833	72
17.16667	70
17.17500	68
17.18333	66
17.19167	65
17.20000	64
17.20833	63
17.21667	62
17.22500	61
17.23333	60
17.24167	58
17.25000	57
17.25833	56
17.26667	54
17.27500	53
17.28333	52
17.29167	51
17.30000	50
17.30833	49
17.31667	49
17.32500	48
17.33333	47
17.34167	47
17.35000	46
17.35833	46
17.36667	46
17.37500	46
17.38333	46
17.39167	46
17.40000	45
17.40833	45
17.41667	46
17.42500	46
17.43333	46
17.44167	46
17.45000	46
17.45833	46
17.46667	46
17.47500	47
17.48333	47
17.49167	48
17.50000	48
17.50833	49
17.51667	49
17.52500	49
17.53333	49
17.54167	50
17.55000	50
17.55833	51
17.56667	51
17.57500	52
17.58333	53
17.59167	54
17.60000	54
17.60833	55
17.61667	57
17.62500	58
17.63333	59
17.64167	61
17.65000	63
17.65833	65
17.66667	66
17.67500	68
17.68333	70
17.69167	72
17.70000	75
17.70833	77
17.71667	80
17.72500	82
17.73333	86
17.74167	89
17.75000	93
17.75833	97
17.76667	101
17.77500	106
17.78333	111
17.79167	117
17.80000	123
17.80833	130
17.81667	137
17.82500	145
17.83333	154
17.84167	163
17.85000	174
17.85833	186
17.86667	199
17.87500	213
17.88333	228
17.89167	245
17.90000	263
17.90833	283
17.91667	304
17.92500	327
17.93333	351
17.94167	378
17.95000	406
17.95833	436
17.96667	467
17.97500	500
17.98333	534
17.99167	569
18.00000	606
18.00833	644
18.01667	682
18.02500	721
18.03333	761
18.04167	799
18.05000	837
18.05833	875
18.06667	911
18.07500	945
18.08333	977
18.09167	1007
18.10000	1034
18.10833	1058
18.11667	1079
18.12500	1096
18.13333	1110
18.14167	1119
18.15000	1125
18.15833	1126
18.16667	1123
18.17500	1117
18.18333	1106
18.19167	1092
18.20000	1075
18.20833	1055
18.21667	1032
18.22500	1006
18.23333	978
18.24167	948
18.25000	916
18.25833	883
18.26667	849
18.27500	815
18.28333	781
18.29167	746
18.30000	713
18.30833	679
18.31667	647
18.32500	615
18.33333	585
18.34167	556
18.35000	528
18.35833	501
18.36667	476
18.37500	452
18.38333	430
18.39167	409
18.40000	389
18.40833	372
18.41667	356
18.42500	341
18.43333	327
18.44167	314
18.45000	302
18.45833	292
18.46667	282
18.47500	273
18.48333	265
18.49167	258
18.50000	252
18.50833	247
18.51667	242
18.52500	239
18.53333	236
18.54167	233
18.55000	232
18.55833	231
18.56667	231
18.57500	231
18.58333	232
18.59167	234
18.60000	236
18.60833	239
18.61667	243
18.62500	247
18.63333	253
18.64167	259
18.65000	265
18.65833	273
18.66667	282
18.67500	292
18.68333	303
18.69167	314
18.70000	327
18.70833	341
18.71667	356
18.72500	372
18.73333	389
18.74167	407
18.75000	427
18.75833	447
18.76667	468
18.77500	490
18.78333	512
18.79167	535
18.80000	558
18.80833	581
18.81667	605
18.82500	628
18.83333	651
18.84167	674
18.85000	696
18.85833	717
18.86667	736
18.87500	755
18.88333	772
18.89167	788
18.90000	801
18.90833	813
18.91667	822
18.92500	830
18.93333	835
18.94167	838
18.95000	839
18.95833	838
18.96667	834
18.97500	828
18.98333	820
18.99167	810
19.00000	798
19.00833	784
19.01667	769
19.02500	752
19.03333	734
19.04167	715
19.05000	695
19.05833	674
19.06667	653
19.07500	631
19.08333	609
19.09167	587
19.10000	565
19.10833	543
19.11667	522
19.12500	501
19.13333	481
19.14167	461
19.15000	442
19.15833	424
19.16667	407
19.17500	391
19.18333	375
19.19167	361
19.20000	347
19.20833	334
19.21667	321
19.22500	310
19.23333	299
19.24167	289
19.25000	280
19.25833	272
19.26667	264
19.27500	258
19.28333	251
19.29167	246
19.30000	241
19.30833	237
19.31667	233
19.32500	229
19.33333	226
19.34167	223
19.35000	221
19.35833	220
19.36667	218
19.37500	217
19.38333	216
19.39167	215
19.40000	214
19.40833	214
19.41667	213
19.42500	213
19.43333	213
19.44167	214
19.45000	214
19.45833	215
19.46667	216
19.47500	216
19.48333	216
19.49167	216
19.50000	217
19.50833	217
19.51667	218
19.52500	218
19.53333	218
19.54167	219
19.55000	219
19.55833	220
19.56667	221
19.57500	221
19.58333	221
19.59167	221
19.60000	221
19.60833	221
19.61667	221
19.62500	221
19.63333	221
19.64167	221
19.65000	221
19.65833	221
19.66667	221
19.67500	220
19.68333	220
19.69167	220
19.70000	220
19.70833	220
19.71667	220
19.72500	220
19.73333	220
19.74167	221
19.75000	221
19.75833	221
19.76667	221
19.77500	222
19.78333	222
19.79167	222
19.80000	223
19.80833	223
19.81667	223
19.82500	223
19.83333	224
19.84167	224
19.85000	225
19.85833	226
19.86667	226
19.87500	226
19.88333	227
19.89167	228
19.90000	228
19.90833	229
19.91667	229
19.92500	231
19.93333	231
19.94167	232
19.95000	233
19.95833	234
19.96667	235
19.97500	235
19.98333	236
19.99167	237
20.00000	237
20.00833	238
20.01667	238
20.02500	239
20.03333	240
20.04167	240
20.05000	241
20.05833	242
20.06667	243
20.07500	245
20.08333	246
20.09167	247
20.10000	248
20.10833	249
20.11667	250
20.12500	251
20.13333	253
20.14167	254
20.15000	255
20.15833	256
20.16667	257
20.17500	258
20.18333	259
20.19167	261
20.20000	262
20.20833	263
20.21667	265
20.22500	266
20.23333	267
20.24167	268
20.25000	269
20.25833	270
20.26667	271
20.27500	273
20.28333	274
20.29167	275
20.30000	277
20.30833	279
20.31667	281
20.32500	283
20.33333	285
20.34167	287
20.35000	290
20.35833	292
20.36667	294
20.37500	296
20.38333	299
20.39167	302
20.40000	305
20.40833	308
20.41667	312
20.42500	315
20.43333	319
20.44167	323
20.45000	327
20.45833	332
20.46667	337
20.47500	342
20.48333	347
20.49167	352
20.50000	357
20.50833	363
20.51667	370
20.52500	377
20.53333	384
20.54167	393
20.55000	401
20.55833	411
20.56667	421
20.57500	431
20.58333	442
20.59167	454
20.60000	467
20.60833	481
20.61667	495
20.62500	511
20.63333	528
20.64167	545
20.65000	564
20.65833	584
20.66667	605
20.67500	629
20.68333	653
20.69167	679
20.70000	707
20.70833	735
20.71667	765
20.72500	797
20.73333	830
20.74167	865
20.75000	901
20.75833	938
20.76667	976
20.77500	1015
20.78333	1054
20.79167	1095
20.80000	1136
20.80833	1178
20.81667	1220
20.82500	1262
20.83333	1305
20.84167	1347
20.85000	1389
20.85833	1431
20.86667	1472
20.87500	1513
20.88333	1553
20.89167	1592
20.90000	1630
20.90833	1668
20.91667	1704
20.92500	1740
20.93333	1775
20.94167	1809
20.95000	1842
20.95833	1874
20.96667	1905
20.97500	1936
20.98333	1967
20.99167	1998
21.00000	2028
21.00833	2059
21.01667	2091
21.02500	2122
21.03333	2155
21.04167	2189
21.05000	2225
21.05833	2262
21.06667	2301
21.07500	2343
21.08333	2387
21.09167	2435
21.10000	2486
21.10833	2542
21.11667	2602
21.12500	2668
21.13333	2740
21.14167	2817
21.15000	2901
21.15833	2993
21.16667	3093
21.17500	3203
21.18333	3321
21.19167	3450
21.20000	3590
21.20833	3742
21.21667	3906
21.22500	4084
21.23333	4275
21.24167	4480
21.25000	4700
21.25833	4934
21.26667	5183
21.27500	5447
21.28333	5727
21.29167	6021
21.30000	6330
21.30833	6652
21.31667	6987
21.32500	7334
21.33333	7692
21.34167	8059
21.35000	8435
21.35833	8816
21.36667	9203
21.37500	9592
21.38333	9981
21.39167	10368
21.40000	10751
21.40833	11126
21.41667	11492
21.42500	11846
21.43333	12184
21.44167	12506
21.45000	12810
21.45833	13091
21.46667	13349
21.47500	13581
21.48333	13786
21.49167	13962
21.50000	14108
21.50833	14223
21.51667	14306
21.52500	14357
21.53333	14376
21.54167	14363
21.55000	14318
21.55833	14242
21.56667	14135
21.57500	13999
21.58333	13834
21.59167	13643
21.60000	13426
21.60833	13186
21.61667	12925
21.62500	12644
21.63333	12346
21.64167	12033
21.65000	11705
21.65833	11367
21.66667	11020
21.67500	10665
21.68333	10305
21.69167	9941
21.70000	9576
21.70833	9211
21.71667	8848
21.72500	8489
21.73333	8134
21.74167	7784
21.75000	7442
21.75833	7107
21.76667	6781
21.77500	6464
21.78333	6158
21.79167	5861
21.80000	5575
21.80833	5300
21.81667	5036
21.82500	4783
21.83333	4542
21.84167	4311
21.85000	4091
21.85833	3882
21.86667	3683
21.87500	3494
21.88333	3315
21.89167	3145
21.90000	2985
21.90833	2834
21.91667	2691
21.92500	2556
21.93333	2428
21.94167	2308
21.95000	2195
21.95833	2088
21.96667	1987
21.97500	1892
21.98333	1803
21.99167	1719
22.00000	1640
22.00833	1566
22.01667	1497
22.02500	1432
22.03333	1371
22.04167	1313
22.05000	1259
22.05833	1209
22.06667	1163
22.07500	1120
22.08333	1079
22.09167	1042
22.10000	1007
22.10833	974
22.11667	944
22.12500	916
22.13333	890
22.14167	867
22.15000	845
22.15833	826
22.16667	808
22.17500	792
22.18333	777
22.19167	764
22.20000	753
22.20833	742
22.21667	732
22.22500	724
22.23333	716
22.24167	710
22.25000	705
22.25833	700
22.26667	695
22.27500	691
22.28333	688
22.29167	686
22.30000	684
22.30833	682
22.31667	681
22.32500	679
22.33333	678
22.34167	677
22.35000	676
22.35833	675
22.36667	674
22.37500	673
22.38333	672
22.39167	670
22.40000	669
22.40833	667
22.41667	665
22.42500	663
22.43333	660
22.44167	657
22.45000	654
22.45833	650
22.46667	645
22.47500	640
22.48333	635
22.49167	630
22.50000	624
22.50833	618
22.51667	612
22.52500	605
22.53333	597
22.54167	590
22.55000	582
22.55833	575
22.56667	566
22.57500	558
22.58333	550
22.59167	541
22.60000	533
22.60833	524
22.61667	515
22.62500	506
22.63333	497
22.64167	488
22.65000	479
22.65833	470
22.66667	461
22.67500	452
22.68333	444
22.69167	436
22.70000	427
22.70833	419
22.71667	411
22.72500	404
22.73333	397
22.74167	390
22.75000	384
22.75833	378
22.76667	372
22.77500	366
22.78333	362
22.79167	357
22.80000	353
22.80833	350
22.81667	347
22.82500	344
22.83333	342
22.84167	339
22.85000	337
22.85833	336
22.86667	335
22.87500	334
22.88333	334
22.89167	334
22.90000	335
22.90833	336
22.91667	337
22.92500	338
22.93333	339
22.94167	340
22.95000	342
22.95833	344
22.96667	346
22.97500	348
22.98333	350
22.99167	353
23.00000	355
23.00833	357
23.01667	360
23.02500	363
23.03333	366
23.04167	369
23.05000	373
23.05833	375
23.06667	378
23.07500	380
23.08333	383
23.09167	385
23.10000	387
23.10833	389
23.11667	391
23.12500	393
23.13333	395
23.14167	397
23.15000	399
23.15833	400
23.16667	402
23.17500	404
23.18333	406
23.19167	407
23.20000	408
23.20833	409
23.21667	409
23.22500	410
23.23333	410
23.24167	410
23.25000	411
23.25833	411
23.26667	411
23.27500	411
23.28333	411
23.29167	411
23.30000	411
23.30833	411
23.31667	411
23.32500	410
23.33333	410
23.34167	410
23.35000	410
23.35833	410
23.36667	409
23.37500	409
23.38333	409
23.39167	408
23.40000	407
23.40833	407
23.41667	406
23.42500	405
23.43333	405
23.44167	404
23.45000	404
23.45833	404
23.46667	404
23.47500	404
23.48333	404
23.49167	404
23.50000	404
23.50833	403
23.51667	403
23.52500	403
23.53333	402
23.54167	402
23.55000	401
23.55833	401
23.56667	401
23.57500	402
23.58333	402
23.59167	402
23.60000	402
23.60833	402
23.61667	402
23.62500	402
23.63333	402
23.64167	402
23.65000	402
23.65833	402
23.66667	402
23.67500	402
23.68333	402
23.69167	402
23.70000	402
23.70833	402
23.71667	403
23.72500	403
23.73333	403
23.74167	404
23.75000	404
23.75833	404
23.76667	404
23.77500	404
23.78333	404
23.79167	405
23.80000	405
23.80833	405
23.81667	405
23.82500	405
23.83333	405
23.84167	405
23.85000	405
23.85833	406
23.86667	406
23.87500	406
23.88333	406
23.89167	406
23.90000	406
23.90833	406
23.91667	407
23.92500	407
23.93333	407
23.94167	407
23.95000	407
23.95833	406
23.96667	406
23.97500	406
23.98333	406
23.99167	406
24.00000	406
24.00833	406
24.01667	406
24.02500	406
24.03333	406
24.04167	407
24.05000	407
24.05833	407
24.06667	407
24.07500	407
24.08333	407
24.09167	407
24.10000	406
24.10833	405
24.11667	405
24.12500	405
24.13333	405
24.14167	404
24.15000	404
24.15833	403
24.16667	403
24.17500	401
24.18333	400
24.19167	400
24.20000	398
24.20833	397
24.21667	395
24.22500	394
24.23333	392
24.24167	391
24.25000	389
24.25833	388
24.26667	386
24.27500	384
24.28333	382
24.29167	380
24.30000	378
24.30833	377
24.31667	375
24.32500	373
24.33333	371
24.34167	369
24.35000	368
24.35833	366
24.36667	364
24.37500	362
24.38333	360
24.39167	358
24.40000	356
24.40833	355
24.41667	353
24.42500	352
24.43333	351
24.44167	349
24.45000	347
24.45833	345
24.46667	344
24.47500	342
24.48333	341
24.49167	340
24.50000	339
24.50833	338
24.51667	337
24.52500	336
24.53333	335
24.54167	334
24.55000	333
24.55833	333
24.56667	333
24.57500	332
24.58333	332
24.59167	331
24.60000	331
24.60833	331
24.61667	330
24.62500	330
24.63333	330
24.64167	330
24.65000	330
24.65833	331
24.66667	331
24.67500	331
24.68333	331
24.69167	331
24.70000	330
24.70833	331
24.71667	331
24.72500	332
24.73333	332
24.74167	332
24.75000	333
24.75833	333
24.76667	333
24.77500	333
24.78333	334
24.79167	334
24.80000	335
24.80833	335
24.81667	335
24.82500	336
24.83333	336
24.84167	336
24.85000	337
24.85833	337
24.86667	337
24.87500	337
24.88333	338
24.89167	338
24.90000	338
24.90833	338
24.91667	338
24.92500	338
24.93333	337
24.94167	337
24.95000	337
24.95833	337
24.96667	337
24.97500	337
24.98333	337
24.99167	336
25.00000	336
25.00833	336
25.01667	336
25.02500	336
25.03333	335
25.04167	335
25.05000	335
25.05833	335
25.06667	334
25.07500	334
25.08333	334
25.09167	334
25.10000	333
25.10833	333
25.11667	333
25.12500	333
25.13333	332
25.14167	331
25.15000	331
25.15833	330
25.16667	330
25.17500	330
25.18333	329
25.19167	329
25.20000	328
25.20833	327
25.21667	327
25.22500	327
25.23333	326
25.24167	325
25.25000	325
25.25833	325
25.26667	326
25.27500	325
25.28333	325
25.29167	325
25.30000	326
25.30833	325
25.31667	325
25.32500	325
25.33333	325
25.34167	325
25.35000	325
25.35833	325
25.36667	325
25.37500	325
25.38333	325
25.39167	325
25.40000	325
25.40833	325
25.41667	324
25.42500	324
25.43333	324
25.44167	324
25.45000	324
25.45833	325
25.46667	325
25.47500	325
25.48333	325
25.49167	325
25.50000	325
25.50833	325
25.51667	326
25.52500	326
25.53333	326
25.54167	327
25.55000	327
25.55833	327
25.56667	328
25.57500	328
25.58333	329
25.59167	329
25.60000	329
25.60833	330
25.61667	330
25.62500	330
25.63333	331
25.64167	331
25.65000	331
25.65833	331
25.66667	331
25.67500	331
25.68333	331
25.69167	331
25.70000	331
25.70833	330
25.71667	330
25.72500	330
25.73333	329
25.74167	329
25.75000	328
25.75833	328
25.76667	327
25.77500	327
25.78333	327
25.79167	326
25.80000	325
25.80833	324
25.81667	324
25.82500	323
25.83333	321
25.84167	320
25.85000	320
25.85833	319
25.86667	318
25.87500	317
25.88333	317
25.89167	316
25.90000	315
25.90833	314
25.91667	313
25.92500	312
25.93333	311
25.94167	310
25.95000	309
25.95833	309
25.96667	308
25.97500	308
25.98333	308
25.99167	307
26.00000	307
26.00833	307
26.01667	306
26.02500	306
26.03333	306
26.04167	306
26.05000	306
26.05833	307
26.06667	307
26.07500	308
26.08333	309
26.09167	310
26.10000	311
26.10833	313
26.11667	314
26.12500	316
26.13333	318
26.14167	319
26.15000	321
26.15833	324
26.16667	326
26.17500	329
26.18333	332
26.19167	336
26.20000	339
26.20833	343
26.21667	347
26.22500	352
26.23333	356
26.24167	361
26.25000	366
26.25833	371
26.26667	377
26.27500	383
26.28333	388
26.29167	394
26.30000	400
26.30833	406
26.31667	413
26.32500	420
26.33333	427
26.34167	435
26.35000	442
26.35833	450
26.36667	457
26.37500	465
26.38333	473
26.39167	481
26.40000	489
26.40833	497
26.41667	504
26.42500	511
26.43333	517
26.44167	523
26.45000	530
26.45833	535
26.46667	540
26.47500	545
26.48333	549
26.49167	554
26.50000	558
26.50833	561
26.51667	563
26.52500	565
26.53333	566
26.54167	567
26.55000	567
26.55833	567
26.56667	566
26.57500	564
26.58333	562
26.59167	559
26.60000	556
26.60833	551
26.61667	547
26.62500	542
26.63333	536
26.64167	530
26.65000	523
26.65833	516
26.66667	509
26.67500	501
26.68333	493
26.69167	485
26.70000	477
26.70833	468
26.71667	459
26.72500	449
26.73333	440
26.74167	431
26.75000	422
26.75833	414
26.76667	405
26.77500	397
26.78333	388
26.79167	379
26.80000	371
26.80833	363
26.81667	355
26.82500	348
26.83333	340
26.84167	333
26.85000	326
26.85833	319
26.86667	312
26.87500	306
26.88333	300
26.89167	294
26.90000	289
26.90833	284
26.91667	279
26.92500	274
26.93333	270
26.94167	265
26.95000	261
26.95833	257
26.96667	253
26.97500	250
26.98333	246
26.99167	242
27.00000	239
27.00833	235
27.01667	232
27.02500	229
27.03333	226
27.04167	224
27.05000	221
27.05833	218
27.06667	216
27.07500	213
27.08333	211
27.09167	209
27.10000	206
27.10833	204
27.11667	202
27.12500	201
27.13333	199
27.14167	197
27.15000	195
27.15833	193
27.16667	192
27.17500	190
27.18333	188
27.19167	186
27.20000	184
27.20833	183
27.21667	181
27.22500	179
27.23333	177
27.24167	176
27.25000	174
27.25833	173
27.26667	171
27.27500	170
27.28333	168
27.29167	167
27.30000	166
27.30833	164
27.31667	163
27.32500	161
27.33333	160
27.34167	159
27.35000	157
27.35833	156
27.36667	155
27.37500	154
27.38333	153
27.39167	152
27.40000	151
27.40833	151
27.41667	150
27.42500	149
27.43333	148
27.44167	147
27.45000	145
27.45833	144
27.46667	142
27.47500	141
27.48333	140
27.49167	139
27.50000	138
27.50833	137
27.51667	137
27.52500	136
27.53333	135
27.54167	134
27.55000	133
27.55833	132
27.56667	131
27.57500	130
27.58333	129
27.59167	129
27.60000	128
27.60833	127
27.61667	126
27.62500	126
27.63333	125
27.64167	124
27.65000	123
27.65833	122
27.66667	121
27.67500	120
27.68333	119
27.69167	118
27.70000	118
27.70833	117
27.71667	116
27.72500	116
27.73333	115
27.74167	114
27.75000	113
27.75833	112
27.76667	112
27.77500	111
27.78333	111
27.79167	110
27.80000	109
27.80833	107
27.81667	106
27.82500	105
27.83333	104
27.84167	104
27.85000	103
27.85833	103
27.86667	102
27.87500	101
27.88333	100
27.89167	100
27.90000	99
27.90833	98
27.91667	97
27.92500	96
27.93333	96
27.94167	95
27.95000	94
27.95833	93
27.96667	92
27.97500	91
27.98333	91
27.99167	90
28.00000	90

