R.Time (min)	Intensity
0.00000	-44
0.00833	-44
0.01667	-18
0.02500	-1
0.03333	-1
0.04167	-2
0.05000	-3
0.05833	-3
0.06667	-4
0.07500	-5
0.08333	-5
0.09167	-6
0.10000	-6
0.10833	-7
0.11667	-7
0.12500	-8
0.13333	-9
0.14167	-9
0.15000	-10
0.15833	-10
0.16667	-11
0.17500	-11
0.18333	-12
0.19167	-13
0.20000	-13
0.20833	-14
0.21667	-14
0.22500	-15
0.23333	-15
0.24167	-16
0.25000	-17
0.25833	-17
0.26667	-17
0.27500	-18
0.28333	-19
0.29167	-20
0.30000	-21
0.30833	-21
0.31667	-22
0.32500	-22
0.33333	-23
0.34167	-23
0.35000	-23
0.35833	-24
0.36667	-24
0.37500	-25
0.38333	-25
0.39167	-25
0.40000	-25
0.40833	-26
0.41667	-26
0.42500	-26
0.43333	-27
0.44167	-27
0.45000	-28
0.45833	-28
0.46667	-29
0.47500	-30
0.48333	-30
0.49167	-30
0.50000	-31
0.50833	-31
0.51667	-32
0.52500	-32
0.53333	-33
0.54167	-33
0.55000	-33
0.55833	-33
0.56667	-33
0.57500	-33
0.58333	-33
0.59167	-34
0.60000	-34
0.60833	-35
0.61667	-36
0.62500	-36
0.63333	-36
0.64167	-37
0.65000	-37
0.65833	-37
0.66667	-37
0.67500	-37
0.68333	-37
0.69167	-38
0.70000	-38
0.70833	-39
0.71667	-40
0.72500	-40
0.73333	-41
0.74167	-41
0.75000	-42
0.75833	-42
0.76667	-43
0.77500	-43
0.78333	-44
0.79167	-44
0.80000	-45
0.80833	-46
0.81667	-47
0.82500	-47
0.83333	-48
0.84167	-48
0.85000	-48
0.85833	-49
0.86667	-49
0.87500	-50
0.88333	-51
0.89167	-51
0.90000	-51
0.90833	-52
0.91667	-52
0.92500	-52
0.93333	-53
0.94167	-53
0.95000	-54
0.95833	-54
0.96667	-54
0.97500	-55
0.98333	-55
0.99167	-55
1.00000	-56
1.00833	-56
1.01667	-56
1.02500	-57
1.03333	-57
1.04167	-58
1.05000	-58
1.05833	-58
1.06667	-58
1.07500	-58
1.08333	-59
1.09167	-59
1.10000	-59
1.10833	-60
1.11667	-60
1.12500	-60
1.13333	-61
1.14167	-61
1.15000	-61
1.15833	-61
1.16667	-62
1.17500	-62
1.18333	-62
1.19167	-62
1.20000	-62
1.20833	-62
1.21667	-62
1.22500	-62
1.23333	-63
1.24167	-63
1.25000	-63
1.25833	-64
1.26667	-64
1.27500	-65
1.28333	-65
1.29167	-65
1.30000	-66
1.30833	-66
1.31667	-67
1.32500	-68
1.33333	-68
1.34167	-69
1.35000	-69
1.35833	-69
1.36667	-69
1.37500	-70
1.38333	-70
1.39167	-70
1.40000	-71
1.40833	-71
1.41667	-71
1.42500	-72
1.43333	-72
1.44167	-72
1.45000	-72
1.45833	-72
1.46667	-73
1.47500	-73
1.48333	-73
1.49167	-73
1.50000	-73
1.50833	-73
1.51667	-73
1.52500	-73
1.53333	-73
1.54167	-73
1.55000	-73
1.55833	-73
1.56667	-73
1.57500	-73
1.58333	-72
1.59167	-72
1.60000	-73
1.60833	-73
1.61667	-74
1.62500	-74
1.63333	-75
1.64167	-75
1.65000	-75
1.65833	-76
1.66667	-76
1.67500	-76
1.68333	-77
1.69167	-77
1.70000	-77
1.70833	-77
1.71667	-78
1.72500	-78
1.73333	-78
1.74167	-78
1.75000	-78
1.75833	-78
1.76667	-79
1.77500	-79
1.78333	-79
1.79167	-79
1.80000	-79
1.80833	-78
1.81667	-78
1.82500	-77
1.83333	-77
1.84167	-77
1.85000	-77
1.85833	-77
1.86667	-77
1.87500	-77
1.88333	-77
1.89167	-77
1.90000	-77
1.90833	-77
1.91667	-77
1.92500	-77
1.93333	-78
1.94167	-78
1.95000	-78
1.95833	-78
1.96667	-79
1.97500	-79
1.98333	-80
1.99167	-80
2.00000	-80
2.00833	-81
2.01667	-81
2.02500	-81
2.03333	-81
2.04167	-82
2.05000	-82
2.05833	-82
2.06667	-82
2.07500	-82
2.08333	-82
2.09167	-82
2.10000	-82
2.10833	-82
2.11667	-82
2.12500	-81
2.13333	-81
2.14167	-81
2.15000	-81
2.15833	-81
2.16667	-81
2.17500	-81
2.18333	-81
2.19167	-81
2.20000	-81
2.20833	-81
2.21667	-81
2.22500	-82
2.23333	-82
2.24167	-82
2.25000	-83
2.25833	-83
2.26667	-84
2.27500	-84
2.28333	-84
2.29167	-85
2.30000	-85
2.30833	-85
2.31667	-85
2.32500	-85
2.33333	-85
2.34167	-85
2.35000	-84
2.35833	-84
2.36667	-84
2.37500	-85
2.38333	-85
2.39167	-84
2.40000	-84
2.40833	-83
2.41667	-83
2.42500	-83
2.43333	-83
2.44167	-83
2.45000	-83
2.45833	-83
2.46667	-83
2.47500	-83
2.48333	-84
2.49167	-84
2.50000	-84
2.50833	-84
2.51667	-84
2.52500	-85
2.53333	-85
2.54167	-85
2.55000	-86
2.55833	-86
2.56667	-87
2.57500	-87
2.58333	-88
2.59167	-88
2.60000	-89
2.60833	-90
2.61667	-91
2.62500	-91
2.63333	-92
2.64167	-92
2.65000	-92
2.65833	-92
2.66667	-92
2.67500	-92
2.68333	-92
2.69167	-91
2.70000	-91
2.70833	-91
2.71667	-91
2.72500	-91
2.73333	-91
2.74167	-91
2.75000	-91
2.75833	-91
2.76667	-91
2.77500	-91
2.78333	-92
2.79167	-92
2.80000	-93
2.80833	-93
2.81667	-93
2.82500	-93
2.83333	-93
2.84167	-94
2.85000	-94
2.85833	-94
2.86667	-95
2.87500	-95
2.88333	-95
2.89167	-96
2.90000	-96
2.90833	-96
2.91667	-97
2.92500	-97
2.93333	-98
2.94167	-98
2.95000	-98
2.95833	-99
2.96667	-99
2.97500	-99
2.98333	-100
2.99167	-100
3.00000	-101
3.00833	-101
3.01667	-101
3.02500	-100
3.03333	-100
3.04167	-100
3.05000	-100
3.05833	-101
3.06667	-101
3.07500	-100
3.08333	-100
3.09167	-100
3.10000	-100
3.10833	-100
3.11667	-100
3.12500	-99
3.13333	-99
3.14167	-100
3.15000	-100
3.15833	-100
3.16667	-100
3.17500	-101
3.18333	-101
3.19167	-101
3.20000	-101
3.20833	-101
3.21667	-102
3.22500	-102
3.23333	-102
3.24167	-103
3.25000	-103
3.25833	-103
3.26667	-103
3.27500	-104
3.28333	-104
3.29167	-104
3.30000	-104
3.30833	-104
3.31667	-103
3.32500	-103
3.33333	-103
3.34167	-103
3.35000	-103
3.35833	-103
3.36667	-102
3.37500	-102
3.38333	-102
3.39167	-101
3.40000	-101
3.40833	-100
3.41667	-100
3.42500	-100
3.43333	-99
3.44167	-99
3.45000	-98
3.45833	-98
3.46667	-97
3.47500	-97
3.48333	-96
3.49167	-95
3.50000	-95
3.50833	-95
3.51667	-94
3.52500	-94
3.53333	-93
3.54167	-93
3.55000	-92
3.55833	-92
3.56667	-91
3.57500	-90
3.58333	-89
3.59167	-88
3.60000	-87
3.60833	-86
3.61667	-85
3.62500	-83
3.63333	-82
3.64167	-80
3.65000	-78
3.65833	-76
3.66667	-74
3.67500	-73
3.68333	-71
3.69167	-68
3.70000	-65
3.70833	-63
3.71667	-60
3.72500	-57
3.73333	-54
3.74167	-51
3.75000	-48
3.75833	-45
3.76667	-42
3.77500	-39
3.78333	-35
3.79167	-32
3.80000	-28
3.80833	-24
3.81667	-20
3.82500	-16
3.83333	-12
3.84167	-8
3.85000	-5
3.85833	-1
3.86667	3
3.87500	7
3.88333	11
3.89167	15
3.90000	19
3.90833	22
3.91667	25
3.92500	29
3.93333	33
3.94167	37
3.95000	40
3.95833	43
3.96667	46
3.97500	48
3.98333	51
3.99167	53
4.00000	56
4.00833	59
4.01667	61
4.02500	62
4.03333	64
4.04167	65
4.05000	66
4.05833	67
4.06667	67
4.07500	67
4.08333	67
4.09167	66
4.10000	66
4.10833	65
4.11667	64
4.12500	63
4.13333	62
4.14167	60
4.15000	58
4.15833	56
4.16667	53
4.17500	51
4.18333	48
4.19167	46
4.20000	43
4.20833	40
4.21667	36
4.22500	32
4.23333	29
4.24167	25
4.25000	21
4.25833	18
4.26667	14
4.27500	10
4.28333	6
4.29167	2
4.30000	-2
4.30833	-6
4.31667	-10
4.32500	-14
4.33333	-18
4.34167	-22
4.35000	-25
4.35833	-29
4.36667	-33
4.37500	-36
4.38333	-40
4.39167	-43
4.40000	-46
4.40833	-50
4.41667	-53
4.42500	-57
4.43333	-60
4.44167	-63
4.45000	-66
4.45833	-69
4.46667	-72
4.47500	-75
4.48333	-77
4.49167	-79
4.50000	-82
4.50833	-84
4.51667	-86
4.52500	-88
4.53333	-90
4.54167	-93
4.55000	-94
4.55833	-96
4.56667	-98
4.57500	-100
4.58333	-101
4.59167	-103
4.60000	-105
4.60833	-106
4.61667	-108
4.62500	-109
4.63333	-110
4.64167	-111
4.65000	-112
4.65833	-113
4.66667	-114
4.67500	-115
4.68333	-116
4.69167	-117
4.70000	-117
4.70833	-118
4.71667	-119
4.72500	-119
4.73333	-120
4.74167	-120
4.75000	-120
4.75833	-121
4.76667	-121
4.77500	-121
4.78333	-122
4.79167	-122
4.80000	-122
4.80833	-123
4.81667	-123
4.82500	-124
4.83333	-124
4.84167	-124
4.85000	-123
4.85833	-123
4.86667	-123
4.87500	-123
4.88333	-123
4.89167	-123
4.90000	-123
4.90833	-123
4.91667	-123
4.92500	-122
4.93333	-122
4.94167	-121
4.95000	-121
4.95833	-121
4.96667	-121
4.97500	-121
4.98333	-120
4.99167	-120
5.00000	-120
5.00833	-119
5.01667	-119
5.02500	-119
5.03333	-119
5.04167	-119
5.05000	-118
5.05833	-118
5.06667	-117
5.07500	-117
5.08333	-116
5.09167	-116
5.10000	-116
5.10833	-116
5.11667	-115
5.12500	-115
5.13333	-114
5.14167	-114
5.15000	-113
5.15833	-114
5.16667	-113
5.17500	-113
5.18333	-113
5.19167	-113
5.20000	-113
5.20833	-112
5.21667	-112
5.22500	-112
5.23333	-112
5.24167	-112
5.25000	-113
5.25833	-113
5.26667	-113
5.27500	-113
5.28333	-113
5.29167	-113
5.30000	-113
5.30833	-113
5.31667	-113
5.32500	-113
5.33333	-113
5.34167	-113
5.35000	-113
5.35833	-113
5.36667	-114
5.37500	-114
5.38333	-114
5.39167	-114
5.40000	-114
5.40833	-115
5.41667	-115
5.42500	-115
5.43333	-115
5.44167	-115
5.45000	-115
5.45833	-116
5.46667	-116
5.47500	-117
5.48333	-117
5.49167	-118
5.50000	-118
5.50833	-118
5.51667	-119
5.52500	-119
5.53333	-119
5.54167	-119
5.55000	-119
5.55833	-119
5.56667	-119
5.57500	-119
5.58333	-119
5.59167	-119
5.60000	-120
5.60833	-120
5.61667	-121
5.62500	-121
5.63333	-121
5.64167	-122
5.65000	-121
5.65833	-121
5.66667	-121
5.67500	-121
5.68333	-120
5.69167	-120
5.70000	-120
5.70833	-120
5.71667	-120
5.72500	-120
5.73333	-120
5.74167	-120
5.75000	-120
5.75833	-120
5.76667	-120
5.77500	-121
5.78333	-121
5.79167	-121
5.80000	-121
5.80833	-121
5.81667	-121
5.82500	-122
5.83333	-122
5.84167	-122
5.85000	-121
5.85833	-121
5.86667	-121
5.87500	-121
5.88333	-121
5.89167	-121
5.90000	-121
5.90833	-121
5.91667	-121
5.92500	-120
5.93333	-120
5.94167	-120
5.95000	-120
5.95833	-120
5.96667	-120
5.97500	-120
5.98333	-120
5.99167	-119
6.00000	-119
6.00833	-119
6.01667	-118
6.02500	-118
6.03333	-118
6.04167	-118
6.05000	-118
6.05833	-118
6.06667	-118
6.07500	-118
6.08333	-119
6.09167	-119
6.10000	-118
6.10833	-118
6.11667	-118
6.12500	-118
6.13333	-118
6.14167	-117
6.15000	-117
6.15833	-116
6.16667	-116
6.17500	-116
6.18333	-116
6.19167	-116
6.20000	-116
6.20833	-116
6.21667	-116
6.22500	-116
6.23333	-116
6.24167	-116
6.25000	-116
6.25833	-116
6.26667	-116
6.27500	-116
6.28333	-116
6.29167	-116
6.30000	-116
6.30833	-116
6.31667	-115
6.32500	-115
6.33333	-115
6.34167	-114
6.35000	-114
6.35833	-114
6.36667	-113
6.37500	-113
6.38333	-114
6.39167	-114
6.40000	-114
6.40833	-114
6.41667	-115
6.42500	-115
6.43333	-114
6.44167	-114
6.45000	-114
6.45833	-114
6.46667	-114
6.47500	-114
6.48333	-113
6.49167	-113
6.50000	-113
6.50833	-113
6.51667	-113
6.52500	-113
6.53333	-112
6.54167	-111
6.55000	-111
6.55833	-111
6.56667	-111
6.57500	-111
6.58333	-111
6.59167	-111
6.60000	-111
6.60833	-111
6.61667	-112
6.62500	-112
6.63333	-113
6.64167	-113
6.65000	-113
6.65833	-113
6.66667	-113
6.67500	-113
6.68333	-113
6.69167	-113
6.70000	-113
6.70833	-113
6.71667	-114
6.72500	-114
6.73333	-114
6.74167	-114
6.75000	-114
6.75833	-114
6.76667	-114
6.77500	-114
6.78333	-114
6.79167	-115
6.80000	-115
6.80833	-115
6.81667	-115
6.82500	-115
6.83333	-115
6.84167	-116
6.85000	-116
6.85833	-116
6.86667	-117
6.87500	-117
6.88333	-117
6.89167	-117
6.90000	-117
6.90833	-117
6.91667	-117
6.92500	-117
6.93333	-116
6.94167	-116
6.95000	-116
6.95833	-116
6.96667	-116
6.97500	-116
6.98333	-116
6.99167	-116
7.00000	-116
7.00833	-116
7.01667	-116
7.02500	-116
7.03333	-116
7.04167	-115
7.05000	-115
7.05833	-114
7.06667	-113
7.07500	-112
7.08333	-110
7.09167	-107
7.10000	-103
7.10833	-99
7.11667	-93
7.12500	-87
7.13333	-79
7.14167	-69
7.15000	-57
7.15833	-43
7.16667	-26
7.17500	-7
7.18333	14
7.19167	39
7.20000	65
7.20833	95
7.21667	126
7.22500	159
7.23333	194
7.24167	230
7.25000	267
7.25833	304
7.26667	338
7.27500	370
7.28333	396
7.29167	415
7.30000	425
7.30833	425
7.31667	415
7.32500	396
7.33333	371
7.34167	346
7.35000	329
7.35833	332
7.36667	371
7.37500	463
7.38333	629
7.39167	889
7.40000	1265
7.40833	1776
7.41667	2440
7.42500	3269
7.43333	4273
7.44167	5452
7.45000	6802
7.45833	8307
7.46667	9944
7.47500	11677
7.48333	13462
7.49167	15243
7.50000	16953
7.50833	18519
7.51667	19868
7.52500	20933
7.53333	21657
7.54167	22002
7.55000	21953
7.55833	21518
7.56667	20731
7.57500	19645
7.58333	18324
7.59167	16843
7.60000	15274
7.60833	13685
7.61667	12131
7.62500	10660
7.63333	9302
7.64167	8077
7.65000	6994
7.65833	6053
7.66667	5249
7.67500	4571
7.68333	4006
7.69167	3538
7.70000	3154
7.70833	2840
7.71667	2583
7.72500	2372
7.73333	2197
7.74167	2050
7.75000	1925
7.75833	1815
7.76667	1718
7.77500	1629
7.78333	1547
7.79167	1470
7.80000	1396
7.80833	1326
7.81667	1258
7.82500	1193
7.83333	1130
7.84167	1068
7.85000	1009
7.85833	953
7.86667	899
7.87500	848
7.88333	801
7.89167	756
7.90000	714
7.90833	677
7.91667	643
7.92500	615
7.93333	591
7.94167	571
7.95000	557
7.95833	547
7.96667	543
7.97500	543
7.98333	547
7.99167	555
8.00000	566
8.00833	579
8.01667	592
8.02500	606
8.03333	619
8.04167	630
8.05000	639
8.05833	645
8.06667	647
8.07500	646
8.08333	641
8.09167	633
8.10000	621
8.10833	606
8.11667	589
8.12500	570
8.13333	549
8.14167	527
8.15000	504
8.15833	480
8.16667	456
8.17500	433
8.18333	409
8.19167	387
8.20000	365
8.20833	345
8.21667	326
8.22500	308
8.23333	292
8.24167	277
8.25000	264
8.25833	252
8.26667	241
8.27500	231
8.28333	223
8.29167	216
8.30000	209
8.30833	204
8.31667	199
8.32500	195
8.33333	192
8.34167	189
8.35000	187
8.35833	184
8.36667	182
8.37500	180
8.38333	178
8.39167	177
8.40000	176
8.40833	174
8.41667	173
8.42500	172
8.43333	170
8.44167	169
8.45000	168
8.45833	167
8.46667	166
8.47500	164
8.48333	163
8.49167	163
8.50000	162
8.50833	162
8.51667	161
8.52500	161
8.53333	161
8.54167	161
8.55000	162
8.55833	163
8.56667	165
8.57500	167
8.58333	169
8.59167	173
8.60000	178
8.60833	183
8.61667	189
8.62500	197
8.63333	207
8.64167	219
8.65000	233
8.65833	250
8.66667	269
8.67500	290
8.68333	313
8.69167	340
8.70000	368
8.70833	398
8.71667	429
8.72500	461
8.73333	493
8.74167	524
8.75000	554
8.75833	582
8.76667	607
8.77500	630
8.78333	650
8.79167	666
8.80000	677
8.80833	686
8.81667	691
8.82500	693
8.83333	693
8.84167	691
8.85000	688
8.85833	686
8.86667	684
8.87500	685
8.88333	689
8.89167	698
8.90000	713
8.90833	734
8.91667	764
8.92500	803
8.93333	851
8.94167	911
8.95000	981
8.95833	1063
8.96667	1156
8.97500	1258
8.98333	1369
8.99167	1487
9.00000	1611
9.00833	1738
9.01667	1865
9.02500	1990
9.03333	2110
9.04167	2222
9.05000	2323
9.05833	2412
9.06667	2486
9.07500	2544
9.08333	2584
9.09167	2605
9.10000	2608
9.10833	2593
9.11667	2560
9.12500	2511
9.13333	2447
9.14167	2371
9.15000	2284
9.15833	2188
9.16667	2086
9.17500	1979
9.18333	1870
9.19167	1760
9.20000	1650
9.20833	1543
9.21667	1439
9.22500	1340
9.23333	1245
9.24167	1157
9.25000	1074
9.25833	997
9.26667	927
9.27500	862
9.28333	803
9.29167	750
9.30000	702
9.30833	659
9.31667	622
9.32500	588
9.33333	559
9.34167	534
9.35000	514
9.35833	497
9.36667	484
9.37500	475
9.38333	470
9.39167	469
9.40000	472
9.40833	480
9.41667	495
9.42500	516
9.43333	544
9.44167	583
9.45000	633
9.45833	697
9.46667	776
9.47500	876
9.48333	998
9.49167	1148
9.50000	1329
9.50833	1547
9.51667	1807
9.52500	2114
9.53333	2472
9.54167	2886
9.55000	3360
9.55833	3897
9.56667	4496
9.57500	5159
9.58333	5884
9.59167	6667
9.60000	7501
9.60833	8379
9.61667	9291
9.62500	10227
9.63333	11174
9.64167	12117
9.65000	13042
9.65833	13935
9.66667	14782
9.67500	15569
9.68333	16283
9.69167	16915
9.70000	17458
9.70833	17905
9.71667	18253
9.72500	18501
9.73333	18652
9.74167	18711
9.75000	18684
9.75833	18581
9.76667	18410
9.77500	18184
9.78333	17913
9.79167	17611
9.80000	17290
9.80833	16961
9.81667	16635
9.82500	16322
9.83333	16031
9.84167	15770
9.85000	15545
9.85833	15362
9.86667	15224
9.87500	15134
9.88333	15094
9.89167	15106
9.90000	15168
9.90833	15280
9.91667	15440
9.92500	15648
9.93333	15900
9.94167	16193
9.95000	16527
9.95833	16897
9.96667	17300
9.97500	17733
9.98333	18194
9.99167	18678
10.00000	19183
10.00833	19705
10.01667	20241
10.02500	20786
10.03333	21337
10.04167	21886
10.05000	22425
10.05833	22938
10.06667	23407
10.07500	23805
10.08333	24097
10.09167	24244
10.10000	24208
10.10833	23951
10.11667	23450
10.12500	22693
10.13333	21687
10.14167	20460
10.15000	19054
10.15833	17523
10.16667	15925
10.17500	14315
10.18333	12744
10.19167	11251
10.20000	9867
10.20833	8610
10.21667	7487
10.22500	6499
10.23333	5641
10.24167	4903
10.25000	4275
10.25833	3742
10.26667	3293
10.27500	2915
10.28333	2598
10.29167	2332
10.30000	2108
10.30833	1919
10.31667	1759
10.32500	1622
10.33333	1505
10.34167	1404
10.35000	1317
10.35833	1240
10.36667	1171
10.37500	1111
10.38333	1056
10.39167	1006
10.40000	962
10.40833	920
10.41667	882
10.42500	847
10.43333	816
10.44167	787
10.45000	761
10.45833	737
10.46667	715
10.47500	696
10.48333	678
10.49167	663
10.50000	650
10.50833	638
10.51667	629
10.52500	621
10.53333	614
10.54167	609
10.55000	604
10.55833	600
10.56667	596
10.57500	592
10.58333	588
10.59167	583
10.60000	578
10.60833	571
10.61667	563
10.62500	553
10.63333	542
10.64167	530
10.65000	515
10.65833	499
10.66667	483
10.67500	465
10.68333	446
10.69167	425
10.70000	405
10.70833	385
10.71667	364
10.72500	344
10.73333	323
10.74167	303
10.75000	284
10.75833	265
10.76667	247
10.77500	230
10.78333	214
10.79167	200
10.80000	186
10.80833	173
10.81667	161
10.82500	150
10.83333	140
10.84167	131
10.85000	123
10.85833	115
10.86667	109
10.87500	102
10.88333	97
10.89167	92
10.90000	88
10.90833	85
10.91667	81
10.92500	78
10.93333	75
10.94167	72
10.95000	70
10.95833	68
10.96667	66
10.97500	64
10.98333	63
10.99167	62
11.00000	61
11.00833	61
11.01667	60
11.02500	60
11.03333	60
11.04167	61
11.05000	62
11.05833	63
11.06667	65
11.07500	67
11.08333	69
11.09167	72
11.10000	74
11.10833	77
11.11667	80
11.12500	83
11.13333	86
11.14167	90
11.15000	95
11.15833	100
11.16667	104
11.17500	109
11.18333	115
11.19167	120
11.20000	126
11.20833	132
11.21667	139
11.22500	146
11.23333	153
11.24167	161
11.25000	169
11.25833	177
11.26667	185
11.27500	193
11.28333	200
11.29167	208
11.30000	214
11.30833	221
11.31667	226
11.32500	231
11.33333	235
11.34167	238
11.35000	241
11.35833	243
11.36667	244
11.37500	244
11.38333	243
11.39167	241
11.40000	238
11.40833	234
11.41667	230
11.42500	225
11.43333	220
11.44167	214
11.45000	208
11.45833	202
11.46667	197
11.47500	191
11.48333	186
11.49167	181
11.50000	176
11.50833	172
11.51667	168
11.52500	165
11.53333	162
11.54167	160
11.55000	159
11.55833	158
11.56667	158
11.57500	159
11.58333	160
11.59167	162
11.60000	164
11.60833	166
11.61667	169
11.62500	171
11.63333	174
11.64167	176
11.65000	179
11.65833	181
11.66667	184
11.67500	186
11.68333	187
11.69167	189
11.70000	189
11.70833	189
11.71667	188
11.72500	187
11.73333	185
11.74167	183
11.75000	180
11.75833	177
11.76667	173
11.77500	169
11.78333	165
11.79167	161
11.80000	156
11.80833	151
11.81667	146
11.82500	140
11.83333	134
11.84167	129
11.85000	123
11.85833	117
11.86667	111
11.87500	105
11.88333	100
11.89167	95
11.90000	90
11.90833	86
11.91667	81
11.92500	77
11.93333	73
11.94167	70
11.95000	66
11.95833	63
11.96667	61
11.97500	58
11.98333	57
11.99167	55
12.00000	54
12.00833	53
12.01667	53
12.02500	52
12.03333	52
12.04167	53
12.05000	53
12.05833	54
12.06667	55
12.07500	56
12.08333	58
12.09167	59
12.10000	60
12.10833	61
12.11667	63
12.12500	64
12.13333	65
12.14167	67
12.15000	68
12.15833	69
12.16667	71
12.17500	72
12.18333	73
12.19167	74
12.20000	75
12.20833	76
12.21667	77
12.22500	78
12.23333	79
12.24167	79
12.25000	79
12.25833	79
12.26667	79
12.27500	79
12.28333	79
12.29167	78
12.30000	77
12.30833	76
12.31667	74
12.32500	72
12.33333	70
12.34167	68
12.35000	66
12.35833	63
12.36667	61
12.37500	58
12.38333	55
12.39167	53
12.40000	50
12.40833	47
12.41667	44
12.42500	41
12.43333	39
12.44167	37
12.45000	34
12.45833	32
12.46667	31
12.47500	29
12.48333	27
12.49167	26
12.50000	25
12.50833	24
12.51667	23
12.52500	23
12.53333	22
12.54167	22
12.55000	22
12.55833	22
12.56667	22
12.57500	22
12.58333	22
12.59167	23
12.60000	25
12.60833	26
12.61667	27
12.62500	29
12.63333	31
12.64167	32
12.65000	34
12.65833	36
12.66667	38
12.67500	40
12.68333	43
12.69167	45
12.70000	47
12.70833	49
12.71667	51
12.72500	54
12.73333	56
12.74167	57
12.75000	59
12.75833	61
12.76667	62
12.77500	64
12.78333	65
12.79167	66
12.80000	67
12.80833	68
12.81667	69
12.82500	70
12.83333	71
12.84167	71
12.85000	72
12.85833	72
12.86667	72
12.87500	72
12.88333	72
12.89167	72
12.90000	73
12.90833	74
12.91667	74
12.92500	75
12.93333	75
12.94167	76
12.95000	77
12.95833	78
12.96667	79
12.97500	80
12.98333	81
12.99167	82
13.00000	83
13.00833	84
13.01667	85
13.02500	86
13.03333	87
13.04167	88
13.05000	88
13.05833	89
13.06667	90
13.07500	90
13.08333	90
13.09167	90
13.10000	90
13.10833	90
13.11667	90
13.12500	89
13.13333	89
13.14167	89
13.15000	88
13.15833	87
13.16667	86
13.17500	84
13.18333	83
13.19167	83
13.20000	82
13.20833	82
13.21667	81
13.22500	80
13.23333	80
13.24167	79
13.25000	78
13.25833	78
13.26667	78
13.27500	78
13.28333	78
13.29167	78
13.30000	79
13.30833	79
13.31667	79
13.32500	80
13.33333	81
13.34167	82
13.35000	83
13.35833	84
13.36667	85
13.37500	86
13.38333	87
13.39167	89
13.40000	90
13.40833	91
13.41667	93
13.42500	94
13.43333	95
13.44167	96
13.45000	97
13.45833	98
13.46667	98
13.47500	99
13.48333	100
13.49167	101
13.50000	102
13.50833	103
13.51667	104
13.52500	105
13.53333	106
13.54167	107
13.55000	108
13.55833	108
13.56667	108
13.57500	108
13.58333	109
13.59167	109
13.60000	109
13.60833	110
13.61667	110
13.62500	110
13.63333	111
13.64167	111
13.65000	112
13.65833	113
13.66667	114
13.67500	116
13.68333	117
13.69167	118
13.70000	120
13.70833	122
13.71667	126
13.72500	129
13.73333	134
13.74167	138
13.75000	144
13.75833	150
13.76667	156
13.77500	164
13.78333	172
13.79167	181
13.80000	190
13.80833	201
13.81667	212
13.82500	224
13.83333	237
13.84167	250
13.85000	264
13.85833	279
13.86667	295
13.87500	310
13.88333	326
13.89167	342
13.90000	359
13.90833	374
13.91667	390
13.92500	405
13.93333	419
13.94167	433
13.95000	445
13.95833	455
13.96667	465
13.97500	472
13.98333	478
13.99167	483
14.00000	486
14.00833	488
14.01667	488
14.02500	486
14.03333	483
14.04167	479
14.05000	474
14.05833	468
14.06667	461
14.07500	453
14.08333	445
14.09167	437
14.10000	428
14.10833	420
14.11667	411
14.12500	402
14.13333	395
14.14167	387
14.15000	380
14.15833	373
14.16667	366
14.17500	360
14.18333	355
14.19167	350
14.20000	346
14.20833	342
14.21667	339
14.22500	336
14.23333	334
14.24167	333
14.25000	332
14.25833	332
14.26667	332
14.27500	333
14.28333	334
14.29167	335
14.30000	337
14.30833	339
14.31667	341
14.32500	344
14.33333	347
14.34167	350
14.35000	353
14.35833	357
14.36667	361
14.37500	365
14.38333	369
14.39167	373
14.40000	377
14.40833	380
14.41667	385
14.42500	389
14.43333	392
14.44167	396
14.45000	399
14.45833	403
14.46667	406
14.47500	410
14.48333	413
14.49167	415
14.50000	417
14.50833	418
14.51667	420
14.52500	421
14.53333	422
14.54167	423
14.55000	423
14.55833	424
14.56667	423
14.57500	423
14.58333	422
14.59167	421
14.60000	419
14.60833	417
14.61667	415
14.62500	413
14.63333	411
14.64167	409
14.65000	408
14.65833	405
14.66667	403
14.67500	400
14.68333	398
14.69167	396
14.70000	394
14.70833	391
14.71667	389
14.72500	387
14.73333	385
14.74167	383
14.75000	381
14.75833	378
14.76667	376
14.77500	374
14.78333	372
14.79167	371
14.80000	369
14.80833	367
14.81667	365
14.82500	363
14.83333	361
14.84167	359
14.85000	357
14.85833	356
14.86667	354
14.87500	352
14.88333	350
14.89167	349
14.90000	347
14.90833	345
14.91667	342
14.92500	340
14.93333	338
14.94167	336
14.95000	333
14.95833	331
14.96667	329
14.97500	327
14.98333	325
14.99167	323
15.00000	322
15.00833	320
15.01667	319
15.02500	318
15.03333	317
15.04167	316
15.05000	316
15.05833	316
15.06667	316
15.07500	317
15.08333	318
15.09167	319
15.10000	321
15.10833	323
15.11667	325
15.12500	328
15.13333	331
15.14167	334
15.15000	337
15.15833	341
15.16667	345
15.17500	349
15.18333	353
15.19167	358
15.20000	362
15.20833	366
15.21667	369
15.22500	373
15.23333	376
15.24167	379
15.25000	381
15.25833	383
15.26667	384
15.27500	384
15.28333	384
15.29167	383
15.30000	381
15.30833	379
15.31667	375
15.32500	371
15.33333	367
15.34167	362
15.35000	356
15.35833	350
15.36667	344
15.37500	337
15.38333	330
15.39167	322
15.40000	315
15.40833	307
15.41667	299
15.42500	292
15.43333	285
15.44167	277
15.45000	270
15.45833	263
15.46667	257
15.47500	251
15.48333	244
15.49167	238
15.50000	232
15.50833	228
15.51667	223
15.52500	218
15.53333	213
15.54167	209
15.55000	206
15.55833	202
15.56667	199
15.57500	196
15.58333	194
15.59167	192
15.60000	190
15.60833	188
15.61667	186
15.62500	185
15.63333	185
15.64167	184
15.65000	184
15.65833	184
15.66667	184
15.67500	184
15.68333	185
15.69167	186
15.70000	187
15.70833	188
15.71667	190
15.72500	192
15.73333	194
15.74167	197
15.75000	199
15.75833	201
15.76667	204
15.77500	207
15.78333	210
15.79167	213
15.80000	216
15.80833	219
15.81667	222
15.82500	225
15.83333	228
15.84167	230
15.85000	233
15.85833	236
15.86667	238
15.87500	241
15.88333	243
15.89167	246
15.90000	248
15.90833	250
15.91667	252
15.92500	254
15.93333	256
15.94167	258
15.95000	260
15.95833	262
15.96667	264
15.97500	266
15.98333	268
15.99167	270
16.00000	271
16.00833	273
16.01667	276
16.02500	278
16.03333	280
16.04167	283
16.05000	285
16.05833	288
16.06667	291
16.07500	294
16.08333	297
16.09167	300
16.10000	302
16.10833	305
16.11667	308
16.12500	310
16.13333	314
16.14167	317
16.15000	320
16.15833	323
16.16667	326
16.17500	328
16.18333	331
16.19167	334
16.20000	337
16.20833	341
16.21667	344
16.22500	347
16.23333	350
16.24167	353
16.25000	357
16.25833	360
16.26667	364
16.27500	368
16.28333	371
16.29167	375
16.30000	380
16.30833	384
16.31667	389
16.32500	393
16.33333	398
16.34167	403
16.35000	409
16.35833	414
16.36667	420
16.37500	426
16.38333	432
16.39167	439
16.40000	445
16.40833	452
16.41667	459
16.42500	466
16.43333	473
16.44167	481
16.45000	488
16.45833	495
16.46667	503
16.47500	511
16.48333	520
16.49167	529
16.50000	538
16.50833	548
16.51667	558
16.52500	567
16.53333	577
16.54167	587
16.55000	597
16.55833	606
16.56667	616
16.57500	625
16.58333	633
16.59167	642
16.60000	649
16.60833	655
16.61667	661
16.62500	666
16.63333	670
16.64167	673
16.65000	674
16.65833	674
16.66667	672
16.67500	669
16.68333	664
16.69167	658
16.70000	650
16.70833	640
16.71667	629
16.72500	617
16.73333	604
16.74167	589
16.75000	574
16.75833	558
16.76667	541
16.77500	523
16.78333	505
16.79167	487
16.80000	469
16.80833	451
16.81667	433
16.82500	416
16.83333	398
16.84167	381
16.85000	365
16.85833	348
16.86667	333
16.87500	318
16.88333	304
16.89167	290
16.90000	277
16.90833	265
16.91667	253
16.92500	242
16.93333	231
16.94167	221
16.95000	212
16.95833	203
16.96667	194
16.97500	186
16.98333	178
16.99167	171
17.00000	164
17.00833	157
17.01667	151
17.02500	145
17.03333	139
17.04167	133
17.05000	129
17.05833	124
17.06667	119
17.07500	114
17.08333	109
17.09167	104
17.10000	100
17.10833	96
17.11667	92
17.12500	88
17.13333	84
17.14167	80
17.15000	76
17.15833	73
17.16667	70
17.17500	67
17.18333	64
17.19167	62
17.20000	59
17.20833	57
17.21667	54
17.22500	51
17.23333	49
17.24167	47
17.25000	44
17.25833	42
17.26667	39
17.27500	37
17.28333	35
17.29167	33
17.30000	32
17.30833	30
17.31667	28
17.32500	27
17.33333	25
17.34167	24
17.35000	22
17.35833	21
17.36667	20
17.37500	19
17.38333	18
17.39167	18
17.40000	17
17.40833	17
17.41667	16
17.42500	16
17.43333	15
17.44167	15
17.45000	14
17.45833	14
17.46667	14
17.47500	14
17.48333	15
17.49167	15
17.50000	15
17.50833	16
17.51667	16
17.52500	16
17.53333	17
17.54167	17
17.55000	18
17.55833	18
17.56667	19
17.57500	20
17.58333	21
17.59167	22
17.60000	24
17.60833	26
17.61667	27
17.62500	29
17.63333	31
17.64167	32
17.65000	34
17.65833	37
17.66667	39
17.67500	42
17.68333	44
17.69167	47
17.70000	51
17.70833	55
17.71667	59
17.72500	63
17.73333	68
17.74167	74
17.75000	80
17.75833	87
17.76667	94
17.77500	103
17.78333	112
17.79167	122
17.80000	133
17.80833	146
17.81667	160
17.82500	175
17.83333	192
17.84167	210
17.85000	230
17.85833	252
17.86667	277
17.87500	304
17.88333	333
17.89167	365
17.90000	400
17.90833	438
17.91667	479
17.92500	524
17.93333	573
17.94167	625
17.95000	680
17.95833	739
17.96667	801
17.97500	867
17.98333	936
17.99167	1007
18.00000	1080
18.00833	1156
18.01667	1234
18.02500	1312
18.03333	1391
18.04167	1470
18.05000	1547
18.05833	1623
18.06667	1697
18.07500	1766
18.08333	1832
18.09167	1893
18.10000	1948
18.10833	1997
18.11667	2039
18.12500	2075
18.13333	2102
18.14167	2122
18.15000	2134
18.15833	2138
18.16667	2133
18.17500	2121
18.18333	2101
18.19167	2073
18.20000	2038
18.20833	1997
18.21667	1950
18.22500	1898
18.23333	1840
18.24167	1779
18.25000	1715
18.25833	1648
18.26667	1579
18.27500	1509
18.28333	1439
18.29167	1368
18.30000	1298
18.30833	1228
18.31667	1160
18.32500	1094
18.33333	1030
18.34167	969
18.35000	910
18.35833	854
18.36667	800
18.37500	750
18.38333	702
18.39167	657
18.40000	616
18.40833	577
18.41667	540
18.42500	507
18.43333	476
18.44167	447
18.45000	421
18.45833	397
18.46667	375
18.47500	355
18.48333	336
18.49167	320
18.50000	305
18.50833	292
18.51667	280
18.52500	270
18.53333	261
18.54167	253
18.55000	246
18.55833	240
18.56667	236
18.57500	232
18.58333	230
18.59167	228
18.60000	227
18.60833	227
18.61667	228
18.62500	230
18.63333	233
18.64167	237
18.65000	242
18.65833	249
18.66667	256
18.67500	265
18.68333	274
18.69167	285
18.70000	298
18.70833	311
18.71667	325
18.72500	341
18.73333	358
18.74167	376
18.75000	395
18.75833	416
18.76667	437
18.77500	459
18.78333	482
18.79167	505
18.80000	530
18.80833	554
18.81667	578
18.82500	603
18.83333	627
18.84167	651
18.85000	674
18.85833	697
18.86667	718
18.87500	738
18.88333	756
18.89167	773
18.90000	788
18.90833	801
18.91667	812
18.92500	821
18.93333	827
18.94167	831
18.95000	832
18.95833	832
18.96667	828
18.97500	823
18.98333	815
18.99167	805
19.00000	793
19.00833	779
19.01667	763
19.02500	745
19.03333	727
19.04167	707
19.05000	685
19.05833	663
19.06667	640
19.07500	617
19.08333	594
19.09167	570
19.10000	546
19.10833	523
19.11667	500
19.12500	477
19.13333	455
19.14167	434
19.15000	413
19.15833	393
19.16667	374
19.17500	356
19.18333	340
19.19167	323
19.20000	309
19.20833	295
19.21667	281
19.22500	269
19.23333	258
19.24167	247
19.25000	237
19.25833	228
19.26667	220
19.27500	213
19.28333	207
19.29167	201
19.30000	196
19.30833	192
19.31667	188
19.32500	185
19.33333	182
19.34167	180
19.35000	178
19.35833	177
19.36667	176
19.37500	175
19.38333	174
19.39167	174
19.40000	175
19.40833	175
19.41667	176
19.42500	177
19.43333	178
19.44167	179
19.45000	180
19.45833	182
19.46667	182
19.47500	183
19.48333	184
19.49167	185
19.50000	186
19.50833	186
19.51667	187
19.52500	187
19.53333	187
19.54167	186
19.55000	185
19.55833	185
19.56667	184
19.57500	183
19.58333	182
19.59167	181
19.60000	180
19.60833	179
19.61667	177
19.62500	175
19.63333	174
19.64167	172
19.65000	170
19.65833	168
19.66667	167
19.67500	165
19.68333	163
19.69167	162
19.70000	161
19.70833	159
19.71667	157
19.72500	155
19.73333	153
19.74167	152
19.75000	150
19.75833	149
19.76667	148
19.77500	148
19.78333	147
19.79167	146
19.80000	146
19.80833	146
19.81667	146
19.82500	145
19.83333	145
19.84167	144
19.85000	144
19.85833	144
19.86667	144
19.87500	144
19.88333	144
19.89167	144
19.90000	144
19.90833	144
19.91667	144
19.92500	144
19.93333	144
19.94167	145
19.95000	145
19.95833	146
19.96667	147
19.97500	148
19.98333	148
19.99167	149
20.00000	149
20.00833	150
20.01667	150
20.02500	151
20.03333	152
20.04167	152
20.05000	153
20.05833	154
20.06667	155
20.07500	155
20.08333	156
20.09167	157
20.10000	158
20.10833	159
20.11667	160
20.12500	161
20.13333	162
20.14167	164
20.15000	164
20.15833	165
20.16667	167
20.17500	168
20.18333	169
20.19167	170
20.20000	171
20.20833	172
20.21667	174
20.22500	175
20.23333	177
20.24167	178
20.25000	180
20.25833	181
20.26667	183
20.27500	185
20.28333	187
20.29167	188
20.30000	190
20.30833	192
20.31667	194
20.32500	197
20.33333	199
20.34167	202
20.35000	204
20.35833	207
20.36667	210
20.37500	213
20.38333	216
20.39167	219
20.40000	223
20.40833	226
20.41667	231
20.42500	235
20.43333	239
20.44167	244
20.45000	248
20.45833	253
20.46667	259
20.47500	264
20.48333	270
20.49167	276
20.50000	283
20.50833	291
20.51667	298
20.52500	307
20.53333	315
20.54167	324
20.55000	334
20.55833	344
20.56667	355
20.57500	367
20.58333	380
20.59167	393
20.60000	408
20.60833	424
20.61667	440
20.62500	459
20.63333	479
20.64167	500
20.65000	522
20.65833	545
20.66667	570
20.67500	597
20.68333	626
20.69167	656
20.70000	688
20.70833	721
20.71667	756
20.72500	792
20.73333	830
20.74167	871
20.75000	912
20.75833	955
20.76667	999
20.77500	1044
20.78333	1091
20.79167	1138
20.80000	1186
20.80833	1234
20.81667	1282
20.82500	1332
20.83333	1381
20.84167	1430
20.85000	1479
20.85833	1527
20.86667	1574
20.87500	1620
20.88333	1665
20.89167	1710
20.90000	1753
20.90833	1795
20.91667	1836
20.92500	1877
20.93333	1915
20.94167	1952
20.95000	1987
20.95833	2022
20.96667	2056
20.97500	2089
20.98333	2122
20.99167	2155
21.00000	2187
21.00833	2219
21.01667	2251
21.02500	2284
21.03333	2317
21.04167	2352
21.05000	2388
21.05833	2426
21.06667	2466
21.07500	2508
21.08333	2553
21.09167	2602
21.10000	2655
21.10833	2712
21.11667	2775
21.12500	2842
21.13333	2916
21.14167	2997
21.15000	3085
21.15833	3182
21.16667	3287
21.17500	3402
21.18333	3527
21.19167	3664
21.20000	3812
21.20833	3973
21.21667	4147
21.22500	4335
21.23333	4537
21.24167	4754
21.25000	4987
21.25833	5235
21.26667	5498
21.27500	5779
21.28333	6075
21.29167	6387
21.30000	6714
21.30833	7056
21.31667	7412
21.32500	7780
21.33333	8160
21.34167	8550
21.35000	8948
21.35833	9352
21.36667	9761
21.37500	10173
21.38333	10585
21.39167	10995
21.40000	11400
21.40833	11798
21.41667	12186
21.42500	12561
21.43333	12921
21.44167	13263
21.45000	13585
21.45833	13884
21.46667	14159
21.47500	14407
21.48333	14626
21.49167	14814
21.50000	14972
21.50833	15096
21.51667	15188
21.52500	15245
21.53333	15268
21.54167	15257
21.55000	15212
21.55833	15134
21.56667	15024
21.57500	14883
21.58333	14712
21.59167	14513
21.60000	14286
21.60833	14035
21.61667	13761
21.62500	13465
21.63333	13151
21.64167	12820
21.65000	12475
21.65833	12118
21.66667	11750
21.67500	11375
21.68333	10993
21.69167	10608
21.70000	10221
21.70833	9834
21.71667	9448
21.72500	9065
21.73333	8686
21.74167	8314
21.75000	7948
21.75833	7591
21.76667	7242
21.77500	6902
21.78333	6573
21.79167	6255
21.80000	5948
21.80833	5653
21.81667	5368
21.82500	5096
21.83333	4835
21.84167	4586
21.85000	4349
21.85833	4123
21.86667	3907
21.87500	3703
21.88333	3509
21.89167	3325
21.90000	3151
21.90833	2987
21.91667	2831
21.92500	2683
21.93333	2544
21.94167	2413
21.95000	2289
21.95833	2172
21.96667	2062
21.97500	1958
21.98333	1861
21.99167	1769
22.00000	1683
22.00833	1601
22.01667	1524
22.02500	1452
22.03333	1384
22.04167	1321
22.05000	1262
22.05833	1207
22.06667	1155
22.07500	1107
22.08333	1062
22.09167	1020
22.10000	981
22.10833	945
22.11667	911
22.12500	880
22.13333	851
22.14167	824
22.15000	800
22.15833	777
22.16667	757
22.17500	738
22.18333	722
22.19167	707
22.20000	693
22.20833	681
22.21667	671
22.22500	661
22.23333	652
22.24167	645
22.25000	638
22.25833	632
22.26667	627
22.27500	623
22.28333	619
22.29167	616
22.30000	613
22.30833	611
22.31667	608
22.32500	606
22.33333	604
22.34167	603
22.35000	601
22.35833	598
22.36667	596
22.37500	594
22.38333	592
22.39167	591
22.40000	588
22.40833	586
22.41667	583
22.42500	580
22.43333	577
22.44167	573
22.45000	569
22.45833	565
22.46667	560
22.47500	555
22.48333	550
22.49167	544
22.50000	538
22.50833	531
22.51667	525
22.52500	517
22.53333	510
22.54167	503
22.55000	495
22.55833	487
22.56667	478
22.57500	470
22.58333	462
22.59167	453
22.60000	444
22.60833	435
22.61667	426
22.62500	417
22.63333	408
22.64167	398
22.65000	389
22.65833	380
22.66667	372
22.67500	363
22.68333	355
22.69167	346
22.70000	338
22.70833	330
22.71667	322
22.72500	314
22.73333	307
22.74167	300
22.75000	294
22.75833	288
22.76667	282
22.77500	278
22.78333	274
22.79167	269
22.80000	265
22.80833	261
22.81667	258
22.82500	254
22.83333	252
22.84167	249
22.85000	247
22.85833	246
22.86667	245
22.87500	244
22.88333	244
22.89167	244
22.90000	245
22.90833	246
22.91667	247
22.92500	249
22.93333	251
22.94167	253
22.95000	254
22.95833	256
22.96667	258
22.97500	261
22.98333	263
22.99167	266
23.00000	269
23.00833	272
23.01667	274
23.02500	277
23.03333	280
23.04167	282
23.05000	284
23.05833	286
23.06667	289
23.07500	291
23.08333	293
23.09167	295
23.10000	296
23.10833	298
23.11667	299
23.12500	301
23.13333	302
23.14167	303
23.15000	304
23.15833	305
23.16667	305
23.17500	305
23.18333	306
23.19167	306
23.20000	306
23.20833	306
23.21667	306
23.22500	306
23.23333	306
23.24167	306
23.25000	305
23.25833	305
23.26667	305
23.27500	304
23.28333	304
23.29167	303
23.30000	303
23.30833	303
23.31667	303
23.32500	302
23.33333	301
23.34167	300
23.35000	300
23.35833	299
23.36667	298
23.37500	297
23.38333	296
23.39167	295
23.40000	294
23.40833	293
23.41667	292
23.42500	291
23.43333	290
23.44167	289
23.45000	289
23.45833	288
23.46667	287
23.47500	286
23.48333	285
23.49167	284
23.50000	283
23.50833	282
23.51667	281
23.52500	280
23.53333	279
23.54167	278
23.55000	277
23.55833	277
23.56667	276
23.57500	276
23.58333	276
23.59167	276
23.60000	276
23.60833	275
23.61667	274
23.62500	274
23.63333	275
23.64167	274
23.65000	274
23.65833	274
23.66667	274
23.67500	274
23.68333	274
23.69167	274
23.70000	274
23.70833	274
23.71667	274
23.72500	274
23.73333	274
23.74167	274
23.75000	274
23.75833	274
23.76667	274
23.77500	274
23.78333	274
23.79167	274
23.80000	274
23.80833	274
23.81667	273
23.82500	273
23.83333	272
23.84167	272
23.85000	272
23.85833	272
23.86667	271
23.87500	271
23.88333	271
23.89167	271
23.90000	271
23.90833	271
23.91667	271
23.92500	271
23.93333	270
23.94167	270
23.95000	270
23.95833	270
23.96667	270
23.97500	270
23.98333	270
23.99167	269
24.00000	269
24.00833	270
24.01667	271
24.02500	271
24.03333	271
24.04167	271
24.05000	271
24.05833	271
24.06667	271
24.07500	271
24.08333	271
24.09167	270
24.10000	270
24.10833	270
24.11667	269
24.12500	269
24.13333	268
24.14167	267
24.15000	266
24.15833	265
24.16667	265
24.17500	264
24.18333	263
24.19167	261
24.20000	260
24.20833	258
24.21667	257
24.22500	256
24.23333	254
24.24167	253
24.25000	252
24.25833	250
24.26667	249
24.27500	247
24.28333	245
24.29167	243
24.30000	242
24.30833	240
24.31667	239
24.32500	237
24.33333	235
24.34167	233
24.35000	232
24.35833	230
24.36667	229
24.37500	227
24.38333	226
24.39167	225
24.40000	224
24.40833	222
24.41667	221
24.42500	219
24.43333	217
24.44167	216
24.45000	214
24.45833	213
24.46667	211
24.47500	210
24.48333	209
24.49167	208
24.50000	206
24.50833	206
24.51667	205
24.52500	204
24.53333	204
24.54167	203
24.55000	202
24.55833	201
24.56667	201
24.57500	200
24.58333	199
24.59167	199
24.60000	198
24.60833	198
24.61667	198
24.62500	198
24.63333	198
24.64167	198
24.65000	198
24.65833	199
24.66667	199
24.67500	200
24.68333	200
24.69167	201
24.70000	201
24.70833	201
24.71667	201
24.72500	202
24.73333	202
24.74167	202
24.75000	203
24.75833	203
24.76667	203
24.77500	203
24.78333	203
24.79167	203
24.80000	203
24.80833	203
24.81667	203
24.82500	203
24.83333	203
24.84167	203
24.85000	203
24.85833	203
24.86667	203
24.87500	203
24.88333	203
24.89167	204
24.90000	204
24.90833	204
24.91667	205
24.92500	205
24.93333	205
24.94167	205
24.95000	205
24.95833	205
24.96667	205
24.97500	206
24.98333	206
24.99167	207
25.00000	207
25.00833	207
25.01667	207
25.02500	207
25.03333	207
25.04167	206
25.05000	206
25.05833	206
25.06667	206
25.07500	206
25.08333	205
25.09167	205
25.10000	204
25.10833	204
25.11667	204
25.12500	203
25.13333	203
25.14167	203
25.15000	203
25.15833	203
25.16667	204
25.17500	204
25.18333	204
25.19167	204
25.20000	205
25.20833	205
25.21667	205
25.22500	206
25.23333	206
25.24167	207
25.25000	207
25.25833	207
25.26667	208
25.27500	208
25.28333	208
25.29167	208
25.30000	208
25.30833	208
25.31667	209
25.32500	209
25.33333	209
25.34167	210
25.35000	210
25.35833	211
25.36667	212
25.37500	212
25.38333	212
25.39167	213
25.40000	213
25.40833	214
25.41667	216
25.42500	217
25.43333	219
25.44167	220
25.45000	222
25.45833	223
25.46667	225
25.47500	226
25.48333	228
25.49167	230
25.50000	231
25.50833	233
25.51667	235
25.52500	236
25.53333	238
25.54167	240
25.55000	241
25.55833	243
25.56667	245
25.57500	247
25.58333	248
25.59167	250
25.60000	251
25.60833	253
25.61667	255
25.62500	256
25.63333	257
25.64167	258
25.65000	260
25.65833	262
25.66667	263
25.67500	265
25.68333	267
25.69167	269
25.70000	271
25.70833	273
25.71667	274
25.72500	276
25.73333	278
25.74167	280
25.75000	281
25.75833	283
25.76667	284
25.77500	286
25.78333	288
25.79167	289
25.80000	290
25.80833	291
25.81667	292
25.82500	293
25.83333	294
25.84167	294
25.85000	295
25.85833	295
25.86667	296
25.87500	296
25.88333	297
25.89167	298
25.90000	299
25.90833	300
25.91667	300
25.92500	301
25.93333	303
25.94167	304
25.95000	305
25.95833	307
25.96667	309
25.97500	311
25.98333	314
25.99167	317
26.00000	320
26.00833	323
26.01667	327
26.02500	331
26.03333	334
26.04167	339
26.05000	344
26.05833	349
26.06667	354
26.07500	360
26.08333	366
26.09167	373
26.10000	380
26.10833	387
26.11667	395
26.12500	403
26.13333	412
26.14167	422
26.15000	433
26.15833	443
26.16667	455
26.17500	467
26.18333	480
26.19167	494
26.20000	508
26.20833	524
26.21667	540
26.22500	558
26.23333	576
26.24167	595
26.25000	615
26.25833	635
26.26667	656
26.27500	678
26.28333	702
26.29167	726
26.30000	751
26.30833	777
26.31667	803
26.32500	830
26.33333	858
26.34167	885
26.35000	914
26.35833	942
26.36667	971
26.37500	1000
26.38333	1029
26.39167	1058
26.40000	1086
26.40833	1114
26.41667	1142
26.42500	1168
26.43333	1194
26.44167	1218
26.45000	1241
26.45833	1263
26.46667	1284
26.47500	1302
26.48333	1320
26.49167	1335
26.50000	1349
26.50833	1360
26.51667	1370
26.52500	1377
26.53333	1383
26.54167	1386
26.55000	1387
26.55833	1386
26.56667	1383
26.57500	1377
26.58333	1370
26.59167	1360
26.60000	1348
26.60833	1334
26.61667	1318
26.62500	1300
26.63333	1281
26.64167	1260
26.65000	1237
26.65833	1214
26.66667	1189
26.67500	1163
26.68333	1136
26.69167	1109
26.70000	1080
26.70833	1051
26.71667	1021
26.72500	991
26.73333	961
26.74167	930
26.75000	899
26.75833	869
26.76667	838
26.77500	809
26.78333	779
26.79167	750
26.80000	721
26.80833	694
26.81667	667
26.82500	641
26.83333	615
26.84167	590
26.85000	566
26.85833	542
26.86667	520
26.87500	498
26.88333	478
26.89167	458
26.90000	439
26.90833	421
26.91667	403
26.92500	386
26.93333	370
26.94167	355
26.95000	341
26.95833	327
26.96667	314
26.97500	302
26.98333	290
26.99167	279
27.00000	268
27.00833	259
27.01667	250
27.02500	241
27.03333	233
27.04167	225
27.05000	218
27.05833	211
27.06667	205
27.07500	199
27.08333	193
27.09167	188
27.10000	183
27.10833	178
27.11667	174
27.12500	169
27.13333	165
27.14167	160
27.15000	156
27.15833	151
27.16667	148
27.17500	144
27.18333	141
27.19167	138
27.20000	135
27.20833	132
27.21667	128
27.22500	125
27.23333	122
27.24167	119
27.25000	117
27.25833	114
27.26667	112
27.27500	110
27.28333	107
27.29167	105
27.30000	103
27.30833	102
27.31667	100
27.32500	99
27.33333	98
27.34167	97
27.35000	95
27.35833	94
27.36667	93
27.37500	91
27.38333	90
27.39167	89
27.40000	88
27.40833	87
27.41667	86
27.42500	85
27.43333	84
27.44167	82
27.45000	81
27.45833	81
27.46667	80
27.47500	80
27.48333	79
27.49167	78
27.50000	76
27.50833	75
27.51667	74
27.52500	73
27.53333	73
27.54167	72
27.55000	71
27.55833	70
27.56667	70
27.57500	69
27.58333	68
27.59167	67
27.60000	67
27.60833	67
27.61667	66
27.62500	66
27.63333	65
27.64167	65
27.65000	64
27.65833	64
27.66667	64
27.67500	64
27.68333	64
27.69167	64
27.70000	64
27.70833	64
27.71667	64
27.72500	64
27.73333	64
27.74167	63
27.75000	63
27.75833	63
27.76667	63
27.77500	63
27.78333	62
27.79167	62
27.80000	62
27.80833	61
27.81667	61
27.82500	60
27.83333	60
27.84167	60
27.85000	59
27.85833	59
27.86667	58
27.87500	58
27.88333	57
27.89167	56
27.90000	56
27.90833	55
27.91667	55
27.92500	54
27.93333	54
27.94167	54
27.95000	54
27.95833	54
27.96667	54
27.97500	54
27.98333	54
27.99167	54
28.00000	54

