R.Time (min)	Intensity
0.00000	-14
0.00833	-14
0.01667	-0
0.02500	-1
0.03333	-1
0.04167	-1
0.05000	-1
0.05833	-2
0.06667	-2
0.07500	-2
0.08333	-2
0.09167	-2
0.10000	-2
0.10833	-2
0.11667	-3
0.12500	-2
0.13333	-3
0.14167	-3
0.15000	-3
0.15833	-3
0.16667	-3
0.17500	-4
0.18333	-4
0.19167	-4
0.20000	-4
0.20833	-5
0.21667	-5
0.22500	-6
0.23333	-6
0.24167	-7
0.25000	-7
0.25833	-7
0.26667	-8
0.27500	-8
0.28333	-8
0.29167	-8
0.30000	-8
0.30833	-9
0.31667	-9
0.32500	-10
0.33333	-10
0.34167	-11
0.35000	-11
0.35833	-12
0.36667	-12
0.37500	-12
0.38333	-12
0.39167	-13
0.40000	-13
0.40833	-13
0.41667	-14
0.42500	-14
0.43333	-15
0.44167	-15
0.45000	-15
0.45833	-15
0.46667	-15
0.47500	-16
0.48333	-16
0.49167	-16
0.50000	-16
0.50833	-17
0.51667	-17
0.52500	-18
0.53333	-18
0.54167	-18
0.55000	-19
0.55833	-19
0.56667	-19
0.57500	-20
0.58333	-20
0.59167	-20
0.60000	-20
0.60833	-20
0.61667	-19
0.62500	-19
0.63333	-19
0.64167	-19
0.65000	-19
0.65833	-19
0.66667	-20
0.67500	-20
0.68333	-20
0.69167	-19
0.70000	-19
0.70833	-19
0.71667	-19
0.72500	-19
0.73333	-20
0.74167	-20
0.75000	-21
0.75833	-21
0.76667	-21
0.77500	-21
0.78333	-21
0.79167	-22
0.80000	-22
0.80833	-22
0.81667	-22
0.82500	-22
0.83333	-22
0.84167	-23
0.85000	-23
0.85833	-23
0.86667	-22
0.87500	-23
0.88333	-23
0.89167	-24
0.90000	-24
0.90833	-25
0.91667	-25
0.92500	-26
0.93333	-27
0.94167	-27
0.95000	-28
0.95833	-28
0.96667	-29
0.97500	-29
0.98333	-30
0.99167	-31
1.00000	-31
1.00833	-31
1.01667	-31
1.02500	-31
1.03333	-31
1.04167	-31
1.05000	-31
1.05833	-31
1.06667	-31
1.07500	-31
1.08333	-32
1.09167	-32
1.10000	-32
1.10833	-32
1.11667	-31
1.12500	-31
1.13333	-31
1.14167	-32
1.15000	-32
1.15833	-32
1.16667	-32
1.17500	-32
1.18333	-32
1.19167	-32
1.20000	-31
1.20833	-31
1.21667	-31
1.22500	-30
1.23333	-30
1.24167	-30
1.25000	-31
1.25833	-31
1.26667	-31
1.27500	-31
1.28333	-31
1.29167	-31
1.30000	-31
1.30833	-31
1.31667	-31
1.32500	-31
1.33333	-31
1.34167	-31
1.35000	-31
1.35833	-32
1.36667	-32
1.37500	-32
1.38333	-32
1.39167	-32
1.40000	-33
1.40833	-33
1.41667	-33
1.42500	-33
1.43333	-32
1.44167	-32
1.45000	-33
1.45833	-33
1.46667	-34
1.47500	-34
1.48333	-35
1.49167	-35
1.50000	-35
1.50833	-35
1.51667	-35
1.52500	-35
1.53333	-35
1.54167	-35
1.55000	-35
1.55833	-35
1.56667	-35
1.57500	-36
1.58333	-36
1.59167	-36
1.60000	-37
1.60833	-37
1.61667	-37
1.62500	-37
1.63333	-37
1.64167	-37
1.65000	-37
1.65833	-37
1.66667	-37
1.67500	-37
1.68333	-36
1.69167	-36
1.70000	-36
1.70833	-36
1.71667	-36
1.72500	-36
1.73333	-35
1.74167	-34
1.75000	-34
1.75833	-34
1.76667	-34
1.77500	-34
1.78333	-34
1.79167	-34
1.80000	-33
1.80833	-33
1.81667	-33
1.82500	-32
1.83333	-32
1.84167	-32
1.85000	-31
1.85833	-32
1.86667	-31
1.87500	-31
1.88333	-31
1.89167	-30
1.90000	-30
1.90833	-30
1.91667	-30
1.92500	-30
1.93333	-30
1.94167	-30
1.95000	-30
1.95833	-30
1.96667	-30
1.97500	-30
1.98333	-30
1.99167	-30
2.00000	-30
2.00833	-29
2.01667	-29
2.02500	-29
2.03333	-29
2.04167	-29
2.05000	-29
2.05833	-29
2.06667	-29
2.07500	-29
2.08333	-29
2.09167	-29
2.10000	-30
2.10833	-30
2.11667	-30
2.12500	-30
2.13333	-29
2.14167	-29
2.15000	-29
2.15833	-29
2.16667	-29
2.17500	-29
2.18333	-30
2.19167	-30
2.20000	-30
2.20833	-30
2.21667	-30
2.22500	-31
2.23333	-31
2.24167	-31
2.25000	-31
2.25833	-31
2.26667	-31
2.27500	-31
2.28333	-31
2.29167	-31
2.30000	-31
2.30833	-31
2.31667	-31
2.32500	-31
2.33333	-30
2.34167	-30
2.35000	-30
2.35833	-30
2.36667	-30
2.37500	-30
2.38333	-30
2.39167	-30
2.40000	-30
2.40833	-30
2.41667	-30
2.42500	-30
2.43333	-29
2.44167	-29
2.45000	-29
2.45833	-29
2.46667	-30
2.47500	-30
2.48333	-30
2.49167	-30
2.50000	-29
2.50833	-29
2.51667	-29
2.52500	-29
2.53333	-29
2.54167	-29
2.55000	-29
2.55833	-29
2.56667	-29
2.57500	-29
2.58333	-28
2.59167	-28
2.60000	-28
2.60833	-29
2.61667	-29
2.62500	-29
2.63333	-29
2.64167	-29
2.65000	-29
2.65833	-29
2.66667	-29
2.67500	-29
2.68333	-29
2.69167	-30
2.70000	-30
2.70833	-30
2.71667	-30
2.72500	-31
2.73333	-31
2.74167	-31
2.75000	-31
2.75833	-32
2.76667	-32
2.77500	-32
2.78333	-32
2.79167	-33
2.80000	-33
2.80833	-33
2.81667	-33
2.82500	-33
2.83333	-33
2.84167	-33
2.85000	-34
2.85833	-34
2.86667	-34
2.87500	-34
2.88333	-35
2.89167	-35
2.90000	-35
2.90833	-35
2.91667	-35
2.92500	-35
2.93333	-35
2.94167	-35
2.95000	-36
2.95833	-36
2.96667	-36
2.97500	-36
2.98333	-36
2.99167	-36
3.00000	-36
3.00833	-36
3.01667	-36
3.02500	-36
3.03333	-35
3.04167	-35
3.05000	-35
3.05833	-35
3.06667	-36
3.07500	-36
3.08333	-36
3.09167	-36
3.10000	-36
3.10833	-36
3.11667	-35
3.12500	-35
3.13333	-35
3.14167	-35
3.15000	-34
3.15833	-34
3.16667	-34
3.17500	-34
3.18333	-34
3.19167	-34
3.20000	-34
3.20833	-33
3.21667	-33
3.22500	-33
3.23333	-33
3.24167	-33
3.25000	-33
3.25833	-32
3.26667	-32
3.27500	-32
3.28333	-32
3.29167	-31
3.30000	-31
3.30833	-30
3.31667	-30
3.32500	-30
3.33333	-30
3.34167	-30
3.35000	-30
3.35833	-30
3.36667	-30
3.37500	-30
3.38333	-30
3.39167	-30
3.40000	-30
3.40833	-30
3.41667	-30
3.42500	-30
3.43333	-29
3.44167	-29
3.45000	-28
3.45833	-28
3.46667	-27
3.47500	-27
3.48333	-26
3.49167	-26
3.50000	-25
3.50833	-24
3.51667	-24
3.52500	-23
3.53333	-22
3.54167	-21
3.55000	-20
3.55833	-19
3.56667	-18
3.57500	-17
3.58333	-16
3.59167	-15
3.60000	-15
3.60833	-14
3.61667	-13
3.62500	-12
3.63333	-11
3.64167	-10
3.65000	-8
3.65833	-6
3.66667	-4
3.67500	-2
3.68333	-0
3.69167	2
3.70000	4
3.70833	6
3.71667	8
3.72500	11
3.73333	13
3.74167	16
3.75000	19
3.75833	21
3.76667	25
3.77500	28
3.78333	31
3.79167	35
3.80000	39
3.80833	42
3.81667	46
3.82500	49
3.83333	53
3.84167	57
3.85000	61
3.85833	65
3.86667	69
3.87500	73
3.88333	76
3.89167	80
3.90000	84
3.90833	88
3.91667	91
3.92500	95
3.93333	99
3.94167	103
3.95000	107
3.95833	110
3.96667	114
3.97500	117
3.98333	120
3.99167	123
4.00000	126
4.00833	129
4.01667	131
4.02500	133
4.03333	135
4.04167	137
4.05000	139
4.05833	140
4.06667	141
4.07500	142
4.08333	143
4.09167	144
4.10000	144
4.10833	144
4.11667	144
4.12500	144
4.13333	143
4.14167	142
4.15000	140
4.15833	139
4.16667	137
4.17500	136
4.18333	134
4.19167	132
4.20000	130
4.20833	127
4.21667	124
4.22500	120
4.23333	117
4.24167	114
4.25000	111
4.25833	108
4.26667	104
4.27500	101
4.28333	97
4.29167	93
4.30000	89
4.30833	85
4.31667	81
4.32500	78
4.33333	74
4.34167	70
4.35000	67
4.35833	63
4.36667	59
4.37500	55
4.38333	52
4.39167	48
4.40000	44
4.40833	40
4.41667	37
4.42500	34
4.43333	31
4.44167	28
4.45000	25
4.45833	22
4.46667	19
4.47500	17
4.48333	14
4.49167	12
4.50000	9
4.50833	7
4.51667	5
4.52500	3
4.53333	1
4.54167	-1
4.55000	-3
4.55833	-4
4.56667	-6
4.57500	-8
4.58333	-10
4.59167	-11
4.60000	-13
4.60833	-14
4.61667	-16
4.62500	-18
4.63333	-19
4.64167	-21
4.65000	-22
4.65833	-23
4.66667	-24
4.67500	-25
4.68333	-25
4.69167	-26
4.70000	-27
4.70833	-27
4.71667	-27
4.72500	-28
4.73333	-28
4.74167	-29
4.75000	-30
4.75833	-30
4.76667	-31
4.77500	-31
4.78333	-31
4.79167	-31
4.80000	-31
4.80833	-31
4.81667	-32
4.82500	-32
4.83333	-32
4.84167	-32
4.85000	-32
4.85833	-32
4.86667	-32
4.87500	-32
4.88333	-32
4.89167	-32
4.90000	-32
4.90833	-31
4.91667	-31
4.92500	-31
4.93333	-30
4.94167	-30
4.95000	-30
4.95833	-30
4.96667	-29
4.97500	-29
4.98333	-28
4.99167	-28
5.00000	-27
5.00833	-27
5.01667	-26
5.02500	-26
5.03333	-26
5.04167	-25
5.05000	-25
5.05833	-25
5.06667	-25
5.07500	-24
5.08333	-23
5.09167	-23
5.10000	-23
5.10833	-22
5.11667	-22
5.12500	-22
5.13333	-22
5.14167	-22
5.15000	-22
5.15833	-22
5.16667	-22
5.17500	-21
5.18333	-21
5.19167	-20
5.20000	-20
5.20833	-19
5.21667	-19
5.22500	-19
5.23333	-19
5.24167	-19
5.25000	-19
5.25833	-19
5.26667	-19
5.27500	-19
5.28333	-20
5.29167	-20
5.30000	-20
5.30833	-20
5.31667	-20
5.32500	-20
5.33333	-20
5.34167	-20
5.35000	-20
5.35833	-21
5.36667	-21
5.37500	-21
5.38333	-22
5.39167	-22
5.40000	-22
5.40833	-22
5.41667	-22
5.42500	-22
5.43333	-23
5.44167	-23
5.45000	-23
5.45833	-23
5.46667	-23
5.47500	-23
5.48333	-24
5.49167	-24
5.50000	-24
5.50833	-25
5.51667	-25
5.52500	-25
5.53333	-25
5.54167	-26
5.55000	-26
5.55833	-26
5.56667	-26
5.57500	-26
5.58333	-26
5.59167	-27
5.60000	-27
5.60833	-27
5.61667	-27
5.62500	-27
5.63333	-27
5.64167	-27
5.65000	-27
5.65833	-28
5.66667	-28
5.67500	-29
5.68333	-29
5.69167	-29
5.70000	-29
5.70833	-29
5.71667	-29
5.72500	-29
5.73333	-29
5.74167	-30
5.75000	-30
5.75833	-30
5.76667	-30
5.77500	-29
5.78333	-29
5.79167	-29
5.80000	-29
5.80833	-29
5.81667	-29
5.82500	-30
5.83333	-30
5.84167	-30
5.85000	-30
5.85833	-30
5.86667	-29
5.87500	-29
5.88333	-29
5.89167	-29
5.90000	-28
5.90833	-28
5.91667	-28
5.92500	-28
5.93333	-28
5.94167	-28
5.95000	-27
5.95833	-27
5.96667	-27
5.97500	-27
5.98333	-27
5.99167	-27
6.00000	-27
6.00833	-27
6.01667	-27
6.02500	-26
6.03333	-26
6.04167	-25
6.05000	-25
6.05833	-25
6.06667	-25
6.07500	-25
6.08333	-25
6.09167	-24
6.10000	-24
6.10833	-24
6.11667	-24
6.12500	-24
6.13333	-24
6.14167	-23
6.15000	-23
6.15833	-23
6.16667	-23
6.17500	-23
6.18333	-22
6.19167	-22
6.20000	-22
6.20833	-21
6.21667	-21
6.22500	-21
6.23333	-21
6.24167	-21
6.25000	-20
6.25833	-20
6.26667	-20
6.27500	-19
6.28333	-20
6.29167	-20
6.30000	-20
6.30833	-20
6.31667	-20
6.32500	-19
6.33333	-18
6.34167	-18
6.35000	-17
6.35833	-17
6.36667	-17
6.37500	-17
6.38333	-17
6.39167	-17
6.40000	-18
6.40833	-18
6.41667	-17
6.42500	-17
6.43333	-17
6.44167	-17
6.45000	-17
6.45833	-17
6.46667	-17
6.47500	-17
6.48333	-17
6.49167	-16
6.50000	-16
6.50833	-16
6.51667	-16
6.52500	-15
6.53333	-15
6.54167	-15
6.55000	-15
6.55833	-15
6.56667	-15
6.57500	-15
6.58333	-15
6.59167	-16
6.60000	-16
6.60833	-16
6.61667	-16
6.62500	-16
6.63333	-15
6.64167	-15
6.65000	-15
6.65833	-15
6.66667	-15
6.67500	-15
6.68333	-15
6.69167	-15
6.70000	-15
6.70833	-15
6.71667	-16
6.72500	-16
6.73333	-16
6.74167	-16
6.75000	-15
6.75833	-15
6.76667	-16
6.77500	-16
6.78333	-17
6.79167	-17
6.80000	-18
6.80833	-18
6.81667	-18
6.82500	-18
6.83333	-18
6.84167	-18
6.85000	-18
6.85833	-18
6.86667	-18
6.87500	-18
6.88333	-17
6.89167	-17
6.90000	-17
6.90833	-17
6.91667	-17
6.92500	-17
6.93333	-17
6.94167	-18
6.95000	-18
6.95833	-18
6.96667	-18
6.97500	-18
6.98333	-18
6.99167	-18
7.00000	-18
7.00833	-18
7.01667	-18
7.02500	-18
7.03333	-18
7.04167	-18
7.05000	-17
7.05833	-16
7.06667	-15
7.07500	-13
7.08333	-12
7.09167	-9
7.10000	-6
7.10833	-2
7.11667	3
7.12500	10
7.13333	18
7.14167	27
7.15000	38
7.15833	51
7.16667	66
7.17500	83
7.18333	102
7.19167	124
7.20000	148
7.20833	174
7.21667	202
7.22500	232
7.23333	264
7.24167	296
7.25000	329
7.25833	361
7.26667	392
7.27500	419
7.28333	442
7.29167	459
7.30000	468
7.30833	468
7.31667	459
7.32500	440
7.33333	415
7.34167	391
7.35000	375
7.35833	378
7.36667	416
7.37500	506
7.38333	668
7.39167	922
7.40000	1289
7.40833	1788
7.41667	2435
7.42500	3244
7.43333	4221
7.44167	5366
7.45000	6672
7.45833	8123
7.46667	9692
7.47500	11342
7.48333	13024
7.49167	14681
7.50000	16247
7.50833	17652
7.51667	18827
7.52500	19713
7.53333	20261
7.54167	20445
7.55000	20260
7.55833	19726
7.56667	18880
7.57500	17780
7.58333	16488
7.59167	15076
7.60000	13608
7.60833	12146
7.61667	10736
7.62500	9416
7.63333	8210
7.64167	7132
7.65000	6188
7.65833	5374
7.66667	4681
7.67500	4099
7.68333	3615
7.69167	3215
7.70000	2886
7.70833	2615
7.71667	2392
7.72500	2207
7.73333	2051
7.74167	1918
7.75000	1803
7.75833	1702
7.76667	1611
7.77500	1528
7.78333	1451
7.79167	1379
7.80000	1310
7.80833	1245
7.81667	1183
7.82500	1123
7.83333	1066
7.84167	1012
7.85000	960
7.85833	910
7.86667	863
7.87500	818
7.88333	777
7.89167	738
7.90000	702
7.90833	669
7.91667	639
7.92500	613
7.93333	589
7.94167	570
7.95000	553
7.95833	541
7.96667	533
7.97500	527
7.98333	524
7.99167	523
8.00000	523
8.00833	526
8.01667	528
8.02500	531
8.03333	533
8.04167	535
8.05000	535
8.05833	534
8.06667	531
8.07500	526
8.08333	519
8.09167	511
8.10000	501
8.10833	490
8.11667	478
8.12500	465
8.13333	451
8.14167	437
8.15000	423
8.15833	409
8.16667	395
8.17500	381
8.18333	367
8.19167	354
8.20000	342
8.20833	331
8.21667	320
8.22500	310
8.23333	301
8.24167	294
8.25000	287
8.25833	281
8.26667	275
8.27500	270
8.28333	266
8.29167	262
8.30000	259
8.30833	257
8.31667	254
8.32500	252
8.33333	250
8.34167	248
8.35000	247
8.35833	246
8.36667	245
8.37500	244
8.38333	244
8.39167	243
8.40000	242
8.40833	241
8.41667	240
8.42500	239
8.43333	237
8.44167	236
8.45000	235
8.45833	234
8.46667	233
8.47500	232
8.48333	231
8.49167	230
8.50000	229
8.50833	229
8.51667	228
8.52500	228
8.53333	228
8.54167	228
8.55000	228
8.55833	228
8.56667	229
8.57500	231
8.58333	233
8.59167	236
8.60000	240
8.60833	246
8.61667	252
8.62500	260
8.63333	271
8.64167	283
8.65000	298
8.65833	316
8.66667	336
8.67500	358
8.68333	384
8.69167	412
8.70000	442
8.70833	473
8.71667	506
8.72500	539
8.73333	572
8.74167	604
8.75000	634
8.75833	661
8.76667	686
8.77500	708
8.78333	727
8.79167	742
8.80000	753
8.80833	761
8.81667	765
8.82500	766
8.83333	765
8.84167	762
8.85000	758
8.85833	755
8.86667	753
8.87500	754
8.88333	758
8.89167	766
8.90000	780
8.90833	802
8.91667	831
8.92500	869
8.93333	917
8.94167	975
8.95000	1044
8.95833	1124
8.96667	1213
8.97500	1313
8.98333	1420
8.99167	1534
9.00000	1653
9.00833	1774
9.01667	1896
9.02500	2016
9.03333	2129
9.04167	2235
9.05000	2331
9.05833	2413
9.06667	2481
9.07500	2534
9.08333	2569
9.09167	2587
9.10000	2587
9.10833	2569
9.11667	2535
9.12500	2486
9.13333	2423
9.14167	2349
9.15000	2264
9.15833	2171
9.16667	2073
9.17500	1970
9.18333	1865
9.19167	1759
9.20000	1654
9.20833	1552
9.21667	1453
9.22500	1358
9.23333	1269
9.24167	1184
9.25000	1105
9.25833	1031
9.26667	964
9.27500	902
9.28333	847
9.29167	797
9.30000	752
9.30833	712
9.31667	677
9.32500	645
9.33333	618
9.34167	595
9.35000	575
9.35833	559
9.36667	547
9.37500	539
9.38333	535
9.39167	535
9.40000	539
9.40833	549
9.41667	565
9.42500	587
9.43333	618
9.44167	658
9.45000	710
9.45833	777
9.46667	859
9.47500	962
9.48333	1088
9.49167	1243
9.50000	1430
9.50833	1654
9.51667	1921
9.52500	2236
9.53333	2604
9.54167	3029
9.55000	3515
9.55833	4064
9.56667	4677
9.57500	5354
9.58333	6094
9.59167	6891
9.60000	7739
9.60833	8631
9.61667	9556
9.62500	10502
9.63333	11456
9.64167	12404
9.65000	13330
9.65833	14219
9.66667	15058
9.67500	15833
9.68333	16531
9.69167	17143
9.70000	17661
9.70833	18081
9.71667	18399
9.72500	18617
9.73333	18736
9.74167	18762
9.75000	18702
9.75833	18568
9.76667	18368
9.77500	18115
9.78333	17822
9.79167	17499
9.80000	17161
9.80833	16818
9.81667	16482
9.82500	16162
9.83333	15868
9.84167	15606
9.85000	15382
9.85833	15202
9.86667	15070
9.87500	14986
9.88333	14954
9.89167	14973
9.90000	15043
9.90833	15164
9.91667	15332
9.92500	15547
9.93333	15805
9.94167	16104
9.95000	16441
9.95833	16812
9.96667	17215
9.97500	17646
9.98333	18101
9.99167	18578
10.00000	19072
10.00833	19579
10.01667	20095
10.02500	20614
10.03333	21128
10.04167	21624
10.05000	22084
10.05833	22485
10.06667	22796
10.07500	22981
10.08333	23001
10.09167	22823
10.10000	22418
10.10833	21773
10.11667	20889
10.12500	19788
10.13333	18505
10.14167	17090
10.15000	15595
10.15833	14076
10.16667	12580
10.17500	11148
10.18333	9811
10.19167	8589
10.20000	7492
10.20833	6522
10.21667	5676
10.22500	4946
10.23333	4322
10.24167	3792
10.25000	3343
10.25833	2966
10.26667	2648
10.27500	2381
10.28333	2155
10.29167	1964
10.30000	1802
10.30833	1663
10.31667	1544
10.32500	1441
10.33333	1351
10.34167	1272
10.35000	1202
10.35833	1139
10.36667	1082
10.37500	1031
10.38333	984
10.39167	941
10.40000	902
10.40833	866
10.41667	832
10.42500	801
10.43333	773
10.44167	747
10.45000	724
10.45833	702
10.46667	684
10.47500	667
10.48333	652
10.49167	640
10.50000	629
10.50833	620
10.51667	613
10.52500	607
10.53333	602
10.54167	599
10.55000	595
10.55833	592
10.56667	589
10.57500	587
10.58333	583
10.59167	579
10.60000	574
10.60833	568
10.61667	561
10.62500	552
10.63333	542
10.64167	530
10.65000	517
10.65833	503
10.66667	488
10.67500	472
10.68333	455
10.69167	438
10.70000	420
10.70833	403
10.71667	385
10.72500	368
10.73333	350
10.74167	334
10.75000	318
10.75833	302
10.76667	287
10.77500	274
10.78333	261
10.79167	249
10.80000	237
10.80833	227
10.81667	218
10.82500	209
10.83333	202
10.84167	195
10.85000	188
10.85833	182
10.86667	177
10.87500	172
10.88333	168
10.89167	164
10.90000	160
10.90833	157
10.91667	155
10.92500	152
10.93333	150
10.94167	149
10.95000	147
10.95833	146
10.96667	145
10.97500	144
10.98333	143
10.99167	143
11.00000	143
11.00833	142
11.01667	143
11.02500	143
11.03333	143
11.04167	143
11.05000	144
11.05833	144
11.06667	145
11.07500	147
11.08333	149
11.09167	152
11.10000	155
11.10833	158
11.11667	161
11.12500	165
11.13333	168
11.14167	172
11.15000	177
11.15833	182
11.16667	187
11.17500	193
11.18333	198
11.19167	205
11.20000	212
11.20833	220
11.21667	227
11.22500	235
11.23333	243
11.24167	251
11.25000	259
11.25833	267
11.26667	274
11.27500	281
11.28333	287
11.29167	293
11.30000	298
11.30833	303
11.31667	307
11.32500	310
11.33333	312
11.34167	314
11.35000	314
11.35833	313
11.36667	312
11.37500	310
11.38333	307
11.39167	303
11.40000	299
11.40833	294
11.41667	288
11.42500	282
11.43333	275
11.44167	269
11.45000	262
11.45833	255
11.46667	248
11.47500	242
11.48333	235
11.49167	229
11.50000	223
11.50833	217
11.51667	213
11.52500	208
11.53333	203
11.54167	199
11.55000	195
11.55833	192
11.56667	189
11.57500	186
11.58333	184
11.59167	182
11.60000	180
11.60833	179
11.61667	178
11.62500	178
11.63333	177
11.64167	177
11.65000	177
11.65833	176
11.66667	176
11.67500	176
11.68333	176
11.69167	176
11.70000	176
11.70833	176
11.71667	175
11.72500	175
11.73333	174
11.74167	174
11.75000	173
11.75833	172
11.76667	171
11.77500	170
11.78333	168
11.79167	167
11.80000	166
11.80833	164
11.81667	163
11.82500	161
11.83333	159
11.84167	157
11.85000	154
11.85833	152
11.86667	150
11.87500	147
11.88333	145
11.89167	142
11.90000	139
11.90833	137
11.91667	134
11.92500	132
11.93333	130
11.94167	128
11.95000	126
11.95833	124
11.96667	122
11.97500	121
11.98333	120
11.99167	119
12.00000	118
12.00833	117
12.01667	116
12.02500	115
12.03333	115
12.04167	116
12.05000	116
12.05833	116
12.06667	116
12.07500	117
12.08333	117
12.09167	118
12.10000	119
12.10833	120
12.11667	121
12.12500	122
12.13333	122
12.14167	123
12.15000	123
12.15833	124
12.16667	124
12.17500	124
12.18333	124
12.19167	124
12.20000	124
12.20833	125
12.21667	125
12.22500	125
12.23333	125
12.24167	126
12.25000	126
12.25833	126
12.26667	125
12.27500	125
12.28333	124
12.29167	123
12.30000	122
12.30833	120
12.31667	119
12.32500	117
12.33333	116
12.34167	114
12.35000	112
12.35833	111
12.36667	109
12.37500	107
12.38333	105
12.39167	103
12.40000	102
12.40833	100
12.41667	98
12.42500	96
12.43333	95
12.44167	93
12.45000	92
12.45833	91
12.46667	90
12.47500	89
12.48333	88
12.49167	87
12.50000	87
12.50833	87
12.51667	87
12.52500	87
12.53333	87
12.54167	88
12.55000	88
12.55833	88
12.56667	89
12.57500	89
12.58333	90
12.59167	91
12.60000	92
12.60833	93
12.61667	94
12.62500	96
12.63333	97
12.64167	98
12.65000	100
12.65833	101
12.66667	103
12.67500	105
12.68333	106
12.69167	107
12.70000	109
12.70833	111
12.71667	112
12.72500	114
12.73333	116
12.74167	118
12.75000	120
12.75833	121
12.76667	123
12.77500	124
12.78333	124
12.79167	125
12.80000	126
12.80833	127
12.81667	128
12.82500	129
12.83333	130
12.84167	131
12.85000	132
12.85833	132
12.86667	132
12.87500	133
12.88333	133
12.89167	134
12.90000	135
12.90833	135
12.91667	136
12.92500	137
12.93333	138
12.94167	139
12.95000	140
12.95833	141
12.96667	142
12.97500	143
12.98333	145
12.99167	146
13.00000	147
13.00833	149
13.01667	150
13.02500	152
13.03333	153
13.04167	155
13.05000	156
13.05833	157
13.06667	158
13.07500	158
13.08333	158
13.09167	158
13.10000	158
13.10833	158
13.11667	158
13.12500	158
13.13333	158
13.14167	157
13.15000	156
13.15833	156
13.16667	155
13.17500	154
13.18333	153
13.19167	152
13.20000	150
13.20833	149
13.21667	149
13.22500	148
13.23333	147
13.24167	147
13.25000	146
13.25833	146
13.26667	145
13.27500	145
13.28333	145
13.29167	145
13.30000	145
13.30833	146
13.31667	146
13.32500	146
13.33333	147
13.34167	148
13.35000	148
13.35833	149
13.36667	150
13.37500	151
13.38333	151
13.39167	152
13.40000	152
13.40833	153
13.41667	155
13.42500	156
13.43333	156
13.44167	157
13.45000	158
13.45833	159
13.46667	160
13.47500	160
13.48333	161
13.49167	162
13.50000	163
13.50833	164
13.51667	165
13.52500	165
13.53333	166
13.54167	166
13.55000	166
13.55833	167
13.56667	167
13.57500	167
13.58333	167
13.59167	168
13.60000	168
13.60833	169
13.61667	169
13.62500	170
13.63333	171
13.64167	171
13.65000	172
13.65833	173
13.66667	174
13.67500	175
13.68333	177
13.69167	179
13.70000	181
13.70833	184
13.71667	187
13.72500	190
13.73333	194
13.74167	198
13.75000	204
13.75833	209
13.76667	215
13.77500	222
13.78333	229
13.79167	237
13.80000	246
13.80833	255
13.81667	265
13.82500	276
13.83333	288
13.84167	300
13.85000	313
13.85833	327
13.86667	341
13.87500	355
13.88333	370
13.89167	385
13.90000	400
13.90833	415
13.91667	429
13.92500	443
13.93333	455
13.94167	467
13.95000	477
13.95833	486
13.96667	495
13.97500	501
13.98333	507
13.99167	511
14.00000	513
14.00833	514
14.01667	514
14.02500	512
14.03333	509
14.04167	505
14.05000	499
14.05833	493
14.06667	486
14.07500	479
14.08333	472
14.09167	464
14.10000	456
14.10833	448
14.11667	439
14.12500	432
14.13333	424
14.14167	417
14.15000	411
14.15833	405
14.16667	399
14.17500	393
14.18333	388
14.19167	384
14.20000	380
14.20833	377
14.21667	375
14.22500	373
14.23333	371
14.24167	370
14.25000	369
14.25833	369
14.26667	369
14.27500	369
14.28333	370
14.29167	370
14.30000	371
14.30833	373
14.31667	375
14.32500	377
14.33333	379
14.34167	381
14.35000	383
14.35833	385
14.36667	388
14.37500	391
14.38333	394
14.39167	397
14.40000	400
14.40833	403
14.41667	406
14.42500	408
14.43333	411
14.44167	414
14.45000	417
14.45833	419
14.46667	422
14.47500	425
14.48333	427
14.49167	430
14.50000	432
14.50833	433
14.51667	435
14.52500	436
14.53333	437
14.54167	437
14.55000	438
14.55833	438
14.56667	439
14.57500	438
14.58333	438
14.59167	438
14.60000	437
14.60833	436
14.61667	435
14.62500	434
14.63333	434
14.64167	433
14.65000	431
14.65833	429
14.66667	428
14.67500	426
14.68333	424
14.69167	422
14.70000	420
14.70833	418
14.71667	416
14.72500	414
14.73333	412
14.74167	410
14.75000	408
14.75833	406
14.76667	404
14.77500	402
14.78333	401
14.79167	399
14.80000	397
14.80833	395
14.81667	394
14.82500	392
14.83333	391
14.84167	390
14.85000	388
14.85833	386
14.86667	384
14.87500	382
14.88333	381
14.89167	379
14.90000	378
14.90833	376
14.91667	374
14.92500	373
14.93333	372
14.94167	371
14.95000	370
14.95833	368
14.96667	367
14.97500	365
14.98333	364
14.99167	362
15.00000	361
15.00833	360
15.01667	360
15.02500	359
15.03333	358
15.04167	358
15.05000	358
15.05833	358
15.06667	358
15.07500	358
15.08333	359
15.09167	360
15.10000	361
15.10833	362
15.11667	363
15.12500	364
15.13333	366
15.14167	367
15.15000	370
15.15833	372
15.16667	374
15.17500	376
15.18333	378
15.19167	380
15.20000	382
15.20833	385
15.21667	387
15.22500	389
15.23333	391
15.24167	393
15.25000	394
15.25833	394
15.26667	395
15.27500	394
15.28333	393
15.29167	392
15.30000	390
15.30833	387
15.31667	384
15.32500	381
15.33333	377
15.34167	373
15.35000	368
15.35833	364
15.36667	359
15.37500	353
15.38333	348
15.39167	343
15.40000	338
15.40833	332
15.41667	327
15.42500	321
15.43333	316
15.44167	310
15.45000	305
15.45833	300
15.46667	295
15.47500	290
15.48333	286
15.49167	282
15.50000	278
15.50833	274
15.51667	270
15.52500	267
15.53333	264
15.54167	262
15.55000	259
15.55833	257
15.56667	255
15.57500	253
15.58333	252
15.59167	251
15.60000	250
15.60833	249
15.61667	249
15.62500	249
15.63333	249
15.64167	250
15.65000	250
15.65833	251
15.66667	252
15.67500	253
15.68333	255
15.69167	257
15.70000	259
15.70833	261
15.71667	264
15.72500	266
15.73333	270
15.74167	273
15.75000	276
15.75833	280
15.76667	285
15.77500	289
15.78333	293
15.79167	297
15.80000	302
15.80833	306
15.81667	311
15.82500	315
15.83333	320
15.84167	324
15.85000	328
15.85833	333
15.86667	338
15.87500	343
15.88333	348
15.89167	354
15.90000	359
15.90833	365
15.91667	371
15.92500	378
15.93333	385
15.94167	392
15.95000	400
15.95833	407
15.96667	416
15.97500	424
15.98333	433
15.99167	444
16.00000	454
16.00833	465
16.01667	477
16.02500	489
16.03333	500
16.04167	513
16.05000	525
16.05833	538
16.06667	551
16.07500	564
16.08333	577
16.09167	590
16.10000	602
16.10833	614
16.11667	625
16.12500	635
16.13333	644
16.14167	652
16.15000	659
16.15833	665
16.16667	670
16.17500	674
16.18333	678
16.19167	680
16.20000	681
16.20833	681
16.21667	680
16.22500	679
16.23333	676
16.24167	672
16.25000	669
16.25833	665
16.26667	661
16.27500	656
16.28333	652
16.29167	647
16.30000	642
16.30833	638
16.31667	634
16.32500	630
16.33333	626
16.34167	623
16.35000	620
16.35833	617
16.36667	615
16.37500	612
16.38333	610
16.39167	609
16.40000	608
16.40833	607
16.41667	607
16.42500	607
16.43333	606
16.44167	607
16.45000	607
16.45833	606
16.46667	606
16.47500	606
16.48333	606
16.49167	606
16.50000	607
16.50833	608
16.51667	608
16.52500	609
16.53333	609
16.54167	609
16.55000	609
16.55833	609
16.56667	609
16.57500	610
16.58333	609
16.59167	608
16.60000	607
16.60833	606
16.61667	603
16.62500	601
16.63333	598
16.64167	595
16.65000	590
16.65833	585
16.66667	579
16.67500	572
16.68333	565
16.69167	556
16.70000	547
16.70833	537
16.71667	527
16.72500	516
16.73333	505
16.74167	492
16.75000	480
16.75833	467
16.76667	454
16.77500	440
16.78333	427
16.79167	413
16.80000	400
16.80833	387
16.81667	374
16.82500	361
16.83333	348
16.84167	336
16.85000	324
16.85833	313
16.86667	302
16.87500	292
16.88333	281
16.89167	272
16.90000	263
16.90833	254
16.91667	246
16.92500	238
16.93333	231
16.94167	224
16.95000	217
16.95833	210
16.96667	203
16.97500	198
16.98333	192
16.99167	187
17.00000	181
17.00833	176
17.01667	171
17.02500	167
17.03333	163
17.04167	158
17.05000	154
17.05833	150
17.06667	146
17.07500	142
17.08333	139
17.09167	135
17.10000	131
17.10833	128
17.11667	124
17.12500	121
17.13333	118
17.14167	115
17.15000	112
17.15833	108
17.16667	105
17.17500	103
17.18333	100
17.19167	98
17.20000	95
17.20833	92
17.21667	89
17.22500	86
17.23333	84
17.24167	82
17.25000	80
17.25833	79
17.26667	77
17.27500	75
17.28333	73
17.29167	71
17.30000	69
17.30833	67
17.31667	66
17.32500	64
17.33333	63
17.34167	62
17.35000	61
17.35833	60
17.36667	59
17.37500	59
17.38333	59
17.39167	58
17.40000	57
17.40833	57
17.41667	57
17.42500	57
17.43333	57
17.44167	57
17.45000	57
17.45833	57
17.46667	56
17.47500	56
17.48333	56
17.49167	56
17.50000	56
17.50833	56
17.51667	56
17.52500	56
17.53333	56
17.54167	56
17.55000	56
17.55833	57
17.56667	57
17.57500	57
17.58333	57
17.59167	57
17.60000	57
17.60833	58
17.61667	58
17.62500	59
17.63333	60
17.64167	61
17.65000	62
17.65833	63
17.66667	65
17.67500	66
17.68333	68
17.69167	70
17.70000	73
17.70833	75
17.71667	78
17.72500	81
17.73333	85
17.74167	89
17.75000	93
17.75833	98
17.76667	103
17.77500	109
17.78333	116
17.79167	123
17.80000	131
17.80833	140
17.81667	149
17.82500	160
17.83333	173
17.84167	186
17.85000	201
17.85833	217
17.86667	235
17.87500	254
17.88333	275
17.89167	298
17.90000	323
17.90833	351
17.91667	381
17.92500	414
17.93333	449
17.94167	487
17.95000	527
17.95833	570
17.96667	615
17.97500	663
17.98333	713
17.99167	765
18.00000	818
18.00833	873
18.01667	929
18.02500	986
18.03333	1043
18.04167	1100
18.05000	1155
18.05833	1210
18.06667	1262
18.07500	1313
18.08333	1360
18.09167	1404
18.10000	1444
18.10833	1479
18.11667	1509
18.12500	1534
18.13333	1553
18.14167	1566
18.15000	1574
18.15833	1576
18.16667	1571
18.17500	1561
18.18333	1545
18.19167	1524
18.20000	1498
18.20833	1467
18.21667	1432
18.22500	1393
18.23333	1351
18.24167	1306
18.25000	1258
18.25833	1209
18.26667	1159
18.27500	1108
18.28333	1056
18.29167	1004
18.30000	953
18.30833	902
18.31667	853
18.32500	804
18.33333	758
18.34167	713
18.35000	670
18.35833	629
18.36667	590
18.37500	553
18.38333	519
18.39167	486
18.40000	456
18.40833	428
18.41667	401
18.42500	377
18.43333	355
18.44167	335
18.45000	316
18.45833	299
18.46667	283
18.47500	269
18.48333	256
18.49167	245
18.50000	234
18.50833	225
18.51667	217
18.52500	209
18.53333	202
18.54167	197
18.55000	192
18.55833	188
18.56667	185
18.57500	182
18.58333	181
18.59167	180
18.60000	180
18.60833	182
18.61667	184
18.62500	186
18.63333	190
18.64167	194
18.65000	199
18.65833	205
18.66667	212
18.67500	220
18.68333	229
18.69167	240
18.70000	252
18.70833	264
18.71667	278
18.72500	293
18.73333	310
18.74167	327
18.75000	345
18.75833	364
18.76667	384
18.77500	406
18.78333	428
18.79167	450
18.80000	472
18.80833	495
18.81667	518
18.82500	541
18.83333	564
18.84167	586
18.85000	607
18.85833	628
18.86667	648
18.87500	666
18.88333	683
18.89167	698
18.90000	712
18.90833	723
18.91667	733
18.92500	739
18.93333	744
18.94167	746
18.95000	747
18.95833	745
18.96667	740
18.97500	734
18.98333	725
18.99167	715
19.00000	703
19.00833	689
19.01667	673
19.02500	656
19.03333	637
19.04167	617
19.05000	596
19.05833	575
19.06667	553
19.07500	531
19.08333	508
19.09167	485
19.10000	463
19.10833	440
19.11667	417
19.12500	396
19.13333	375
19.14167	354
19.15000	334
19.15833	315
19.16667	296
19.17500	279
19.18333	262
19.19167	246
19.20000	232
19.20833	218
19.21667	205
19.22500	192
19.23333	181
19.24167	170
19.25000	160
19.25833	151
19.26667	143
19.27500	135
19.28333	128
19.29167	122
19.30000	116
19.30833	111
19.31667	107
19.32500	103
19.33333	99
19.34167	95
19.35000	92
19.35833	90
19.36667	88
19.37500	87
19.38333	85
19.39167	84
19.40000	83
19.40833	83
19.41667	82
19.42500	82
19.43333	82
19.44167	82
19.45000	81
19.45833	81
19.46667	81
19.47500	81
19.48333	81
19.49167	81
19.50000	82
19.50833	82
19.51667	82
19.52500	82
19.53333	82
19.54167	82
19.55000	81
19.55833	80
19.56667	79
19.57500	78
19.58333	77
19.59167	76
19.60000	75
19.60833	74
19.61667	72
19.62500	71
19.63333	70
19.64167	68
19.65000	67
19.65833	65
19.66667	64
19.67500	63
19.68333	61
19.69167	60
19.70000	58
19.70833	57
19.71667	55
19.72500	54
19.73333	52
19.74167	51
19.75000	50
19.75833	49
19.76667	48
19.77500	47
19.78333	46
19.79167	45
19.80000	44
19.80833	43
19.81667	42
19.82500	41
19.83333	41
19.84167	40
19.85000	39
19.85833	39
19.86667	38
19.87500	37
19.88333	36
19.89167	36
19.90000	35
19.90833	35
19.91667	35
19.92500	35
19.93333	34
19.94167	34
19.95000	34
19.95833	34
19.96667	34
19.97500	33
19.98333	33
19.99167	33
20.00000	33
20.00833	33
20.01667	33
20.02500	33
20.03333	33
20.04167	33
20.05000	32
20.05833	32
20.06667	33
20.07500	33
20.08333	33
20.09167	33
20.10000	34
20.10833	34
20.11667	34
20.12500	35
20.13333	35
20.14167	34
20.15000	34
20.15833	34
20.16667	34
20.17500	35
20.18333	35
20.19167	36
20.20000	36
20.20833	36
20.21667	37
20.22500	37
20.23333	37
20.24167	37
20.25000	38
20.25833	38
20.26667	38
20.27500	39
20.28333	39
20.29167	40
20.30000	40
20.30833	42
20.31667	43
20.32500	44
20.33333	45
20.34167	47
20.35000	49
20.35833	50
20.36667	52
20.37500	55
20.38333	57
20.39167	59
20.40000	62
20.40833	64
20.41667	67
20.42500	70
20.43333	73
20.44167	77
20.45000	81
20.45833	84
20.46667	89
20.47500	93
20.48333	98
20.49167	103
20.50000	109
20.50833	115
20.51667	121
20.52500	127
20.53333	133
20.54167	141
20.55000	149
20.55833	158
20.56667	167
20.57500	177
20.58333	188
20.59167	200
20.60000	213
20.60833	227
20.61667	242
20.62500	257
20.63333	274
20.64167	292
20.65000	311
20.65833	332
20.66667	355
20.67500	378
20.68333	403
20.69167	429
20.70000	457
20.70833	487
20.71667	518
20.72500	550
20.73333	584
20.74167	619
20.75000	656
20.75833	693
20.76667	733
20.77500	773
20.78333	814
20.79167	857
20.80000	900
20.80833	943
20.81667	986
20.82500	1030
20.83333	1074
20.84167	1117
20.85000	1160
20.85833	1203
20.86667	1246
20.87500	1288
20.88333	1329
20.89167	1369
20.90000	1409
20.90833	1447
20.91667	1485
20.92500	1521
20.93333	1556
20.94167	1590
20.95000	1623
20.95833	1655
20.96667	1687
20.97500	1718
20.98333	1748
20.99167	1779
21.00000	1810
21.00833	1840
21.01667	1871
21.02500	1903
21.03333	1935
21.04167	1968
21.05000	2002
21.05833	2039
21.06667	2077
21.07500	2118
21.08333	2162
21.09167	2209
21.10000	2260
21.10833	2314
21.11667	2373
21.12500	2438
21.13333	2509
21.14167	2586
21.15000	2670
21.15833	2762
21.16667	2862
21.17500	2971
21.18333	3090
21.19167	3219
21.20000	3359
21.20833	3511
21.21667	3675
21.22500	3852
21.23333	4044
21.24167	4248
21.25000	4468
21.25833	4702
21.26667	4951
21.27500	5216
21.28333	5495
21.29167	5790
21.30000	6099
21.30833	6422
21.31667	6758
21.32500	7106
21.33333	7465
21.34167	7833
21.35000	8210
21.35833	8593
21.36667	8981
21.37500	9371
21.38333	9761
21.39167	10149
21.40000	10532
21.40833	10909
21.41667	11275
21.42500	11630
21.43333	11971
21.44167	12294
21.45000	12599
21.45833	12883
21.46667	13142
21.47500	13376
21.48333	13583
21.49167	13760
21.50000	13908
21.50833	14025
21.51667	14110
21.52500	14163
21.53333	14183
21.54167	14171
21.55000	14127
21.55833	14053
21.56667	13947
21.57500	13811
21.58333	13647
21.59167	13456
21.60000	13240
21.60833	13000
21.61667	12739
21.62500	12458
21.63333	12159
21.64167	11844
21.65000	11515
21.65833	11175
21.66667	10826
21.67500	10469
21.68333	10108
21.69167	9742
21.70000	9375
21.70833	9008
21.71667	8643
21.72500	8280
21.73333	7922
21.74167	7570
21.75000	7224
21.75833	6886
21.76667	6557
21.77500	6237
21.78333	5927
21.79167	5627
21.80000	5337
21.80833	5059
21.81667	4791
21.82500	4535
21.83333	4290
21.84167	4056
21.85000	3833
21.85833	3620
21.86667	3418
21.87500	3226
21.88333	3043
21.89167	2870
21.90000	2706
21.90833	2551
21.91667	2405
21.92500	2267
21.93333	2137
21.94167	2014
21.95000	1898
21.95833	1789
21.96667	1686
21.97500	1589
21.98333	1497
21.99167	1411
22.00000	1330
22.00833	1254
22.01667	1182
22.02500	1115
22.03333	1052
22.04167	993
22.05000	937
22.05833	885
22.06667	836
22.07500	790
22.08333	747
22.09167	707
22.10000	670
22.10833	635
22.11667	603
22.12500	574
22.13333	546
22.14167	521
22.15000	497
22.15833	476
22.16667	456
22.17500	438
22.18333	422
22.19167	407
22.20000	393
22.20833	381
22.21667	370
22.22500	360
22.23333	351
22.24167	343
22.25000	336
22.25833	330
22.26667	325
22.27500	320
22.28333	316
22.29167	313
22.30000	310
22.30833	307
22.31667	305
22.32500	303
22.33333	300
22.34167	298
22.35000	297
22.35833	295
22.36667	293
22.37500	292
22.38333	290
22.39167	289
22.40000	287
22.40833	284
22.41667	282
22.42500	279
22.43333	277
22.44167	274
22.45000	271
22.45833	267
22.46667	263
22.47500	258
22.48333	253
22.49167	248
22.50000	243
22.50833	237
22.51667	231
22.52500	224
22.53333	217
22.54167	210
22.55000	203
22.55833	196
22.56667	188
22.57500	180
22.58333	171
22.59167	162
22.60000	153
22.60833	144
22.61667	135
22.62500	126
22.63333	117
22.64167	108
22.65000	99
22.65833	91
22.66667	82
22.67500	74
22.68333	66
22.69167	57
22.70000	49
22.70833	42
22.71667	34
22.72500	27
22.73333	20
22.74167	13
22.75000	7
22.75833	1
22.76667	-4
22.77500	-9
22.78333	-14
22.79167	-18
22.80000	-22
22.80833	-27
22.81667	-30
22.82500	-33
22.83333	-36
22.84167	-38
22.85000	-40
22.85833	-41
22.86667	-43
22.87500	-44
22.88333	-44
22.89167	-44
22.90000	-44
22.90833	-43
22.91667	-43
22.92500	-42
22.93333	-41
22.94167	-39
22.95000	-38
22.95833	-36
22.96667	-34
22.97500	-31
22.98333	-29
22.99167	-27
23.00000	-24
23.00833	-22
23.01667	-19
23.02500	-17
23.03333	-14
23.04167	-12
23.05000	-9
23.05833	-7
23.06667	-4
23.07500	-2
23.08333	0
23.09167	2
23.10000	4
23.10833	5
23.11667	7
23.12500	9
23.13333	11
23.14167	12
23.15000	14
23.15833	15
23.16667	16
23.17500	16
23.18333	17
23.19167	18
23.20000	19
23.20833	19
23.21667	19
23.22500	20
23.23333	20
23.24167	20
23.25000	20
23.25833	20
23.26667	21
23.27500	21
23.28333	20
23.29167	20
23.30000	19
23.30833	19
23.31667	18
23.32500	17
23.33333	17
23.34167	16
23.35000	15
23.35833	15
23.36667	15
23.37500	14
23.38333	14
23.39167	14
23.40000	13
23.40833	12
23.41667	12
23.42500	11
23.43333	10
23.44167	9
23.45000	8
23.45833	7
23.46667	7
23.47500	6
23.48333	6
23.49167	6
23.50000	5
23.50833	5
23.51667	5
23.52500	5
23.53333	4
23.54167	4
23.55000	4
23.55833	4
23.56667	4
23.57500	3
23.58333	3
23.59167	3
23.60000	3
23.60833	2
23.61667	2
23.62500	2
23.63333	2
23.64167	1
23.65000	1
23.65833	1
23.66667	1
23.67500	1
23.68333	0
23.69167	0
23.70000	0
23.70833	0
23.71667	0
23.72500	0
23.73333	-0
23.74167	-0
23.75000	-0
23.75833	-0
23.76667	-0
23.77500	-0
23.78333	-0
23.79167	0
23.80000	0
23.80833	0
23.81667	0
23.82500	0
23.83333	0
23.84167	0
23.85000	0
23.85833	0
23.86667	0
23.87500	-0
23.88333	-0
23.89167	-0
23.90000	-0
23.90833	-0
23.91667	-0
23.92500	-1
23.93333	-1
23.94167	-1
23.95000	-1
23.95833	-1
23.96667	-1
23.97500	-2
23.98333	-1
23.99167	-1
24.00000	-1
24.00833	-1
24.01667	-1
24.02500	-0
24.03333	-0
24.04167	-1
24.05000	-1
24.05833	-1
24.06667	-1
24.07500	-1
24.08333	-1
24.09167	-1
24.10000	-2
24.10833	-2
24.11667	-2
24.12500	-2
24.13333	-2
24.14167	-3
24.15000	-3
24.15833	-4
24.16667	-5
24.17500	-6
24.18333	-8
24.19167	-8
24.20000	-9
24.20833	-10
24.21667	-11
24.22500	-12
24.23333	-13
24.24167	-15
24.25000	-16
24.25833	-18
24.26667	-19
24.27500	-20
24.28333	-21
24.29167	-23
24.30000	-24
24.30833	-25
24.31667	-27
24.32500	-29
24.33333	-30
24.34167	-32
24.35000	-33
24.35833	-35
24.36667	-36
24.37500	-38
24.38333	-39
24.39167	-40
24.40000	-42
24.40833	-43
24.41667	-44
24.42500	-46
24.43333	-47
24.44167	-49
24.45000	-50
24.45833	-51
24.46667	-52
24.47500	-54
24.48333	-55
24.49167	-55
24.50000	-56
24.50833	-57
24.51667	-57
24.52500	-58
24.53333	-58
24.54167	-59
24.55000	-59
24.55833	-59
24.56667	-60
24.57500	-60
24.58333	-61
24.59167	-61
24.60000	-61
24.60833	-61
24.61667	-61
24.62500	-61
24.63333	-60
24.64167	-60
24.65000	-60
24.65833	-59
24.66667	-59
24.67500	-59
24.68333	-58
24.69167	-57
24.70000	-56
24.70833	-55
24.71667	-55
24.72500	-54
24.73333	-53
24.74167	-52
24.75000	-52
24.75833	-51
24.76667	-50
24.77500	-50
24.78333	-49
24.79167	-48
24.80000	-48
24.80833	-47
24.81667	-46
24.82500	-44
24.83333	-44
24.84167	-43
24.85000	-43
24.85833	-42
24.86667	-41
24.87500	-41
24.88333	-40
24.89167	-40
24.90000	-40
24.90833	-39
24.91667	-39
24.92500	-38
24.93333	-37
24.94167	-36
24.95000	-36
24.95833	-36
24.96667	-35
24.97500	-35
24.98333	-34
24.99167	-34
25.00000	-33
25.00833	-32
25.01667	-31
25.02500	-30
25.03333	-30
25.04167	-29
25.05000	-29
25.05833	-29
25.06667	-29
25.07500	-29
25.08333	-28
25.09167	-28
25.10000	-28
25.10833	-28
25.11667	-27
25.12500	-27
25.13333	-26
25.14167	-25
25.15000	-24
25.15833	-24
25.16667	-23
25.17500	-23
25.18333	-23
25.19167	-22
25.20000	-21
25.20833	-21
25.21667	-21
25.22500	-20
25.23333	-20
25.24167	-19
25.25000	-19
25.25833	-19
25.26667	-18
25.27500	-17
25.28333	-16
25.29167	-15
25.30000	-14
25.30833	-14
25.31667	-13
25.32500	-12
25.33333	-11
25.34167	-10
25.35000	-9
25.35833	-8
25.36667	-7
25.37500	-7
25.38333	-6
25.39167	-5
25.40000	-3
25.40833	-2
25.41667	-2
25.42500	-1
25.43333	1
25.44167	2
25.45000	3
25.45833	5
25.46667	7
25.47500	8
25.48333	9
25.49167	10
25.50000	12
25.50833	13
25.51667	15
25.52500	17
25.53333	19
25.54167	20
25.55000	22
25.55833	24
25.56667	26
25.57500	28
25.58333	30
25.59167	32
25.60000	33
25.60833	35
25.61667	37
25.62500	38
25.63333	40
25.64167	42
25.65000	43
25.65833	45
25.66667	47
25.67500	49
25.68333	50
25.69167	52
25.70000	53
25.70833	55
25.71667	56
25.72500	58
25.73333	59
25.74167	61
25.75000	62
25.75833	64
25.76667	66
25.77500	67
25.78333	68
25.79167	70
25.80000	71
25.80833	72
25.81667	73
25.82500	74
25.83333	75
25.84167	76
25.85000	78
25.85833	79
25.86667	80
25.87500	82
25.88333	83
25.89167	85
25.90000	86
25.90833	88
25.91667	89
25.92500	90
25.93333	92
25.94167	93
25.95000	95
25.95833	96
25.96667	98
25.97500	100
25.98333	102
25.99167	105
26.00000	107
26.00833	110
26.01667	113
26.02500	117
26.03333	120
26.04167	124
26.05000	127
26.05833	131
26.06667	136
26.07500	141
26.08333	146
26.09167	151
26.10000	157
26.10833	163
26.11667	169
26.12500	176
26.13333	183
26.14167	190
26.15000	198
26.15833	207
26.16667	216
26.17500	226
26.18333	235
26.19167	245
26.20000	256
26.20833	268
26.21667	280
26.22500	293
26.23333	306
26.24167	320
26.25000	335
26.25833	350
26.26667	366
26.27500	383
26.28333	400
26.29167	418
26.30000	437
26.30833	455
26.31667	475
26.32500	495
26.33333	515
26.34167	536
26.35000	557
26.35833	578
26.36667	600
26.37500	621
26.38333	642
26.39167	663
26.40000	684
26.40833	704
26.41667	724
26.42500	744
26.43333	763
26.44167	781
26.45000	798
26.45833	815
26.46667	830
26.47500	845
26.48333	858
26.49167	869
26.50000	879
26.50833	888
26.51667	896
26.52500	902
26.53333	907
26.54167	910
26.55000	911
26.55833	911
26.56667	909
26.57500	906
26.58333	900
26.59167	893
26.60000	885
26.60833	875
26.61667	863
26.62500	851
26.63333	837
26.64167	822
26.65000	806
26.65833	788
26.66667	770
26.67500	751
26.68333	731
26.69167	710
26.70000	689
26.70833	668
26.71667	647
26.72500	625
26.73333	602
26.74167	580
26.75000	558
26.75833	537
26.76667	515
26.77500	494
26.78333	473
26.79167	451
26.80000	431
26.80833	410
26.81667	390
26.82500	371
26.83333	352
26.84167	334
26.85000	316
26.85833	299
26.86667	283
26.87500	267
26.88333	252
26.89167	238
26.90000	225
26.90833	212
26.91667	200
26.92500	189
26.93333	178
26.94167	167
26.95000	157
26.95833	147
26.96667	138
26.97500	130
26.98333	122
26.99167	114
27.00000	107
27.00833	100
27.01667	93
27.02500	87
27.03333	81
27.04167	75
27.05000	70
27.05833	66
27.06667	61
27.07500	56
27.08333	52
27.09167	48
27.10000	45
27.10833	41
27.11667	38
27.12500	35
27.13333	32
27.14167	29
27.15000	26
27.15833	24
27.16667	22
27.17500	20
27.18333	18
27.19167	16
27.20000	14
27.20833	12
27.21667	11
27.22500	10
27.23333	8
27.24167	7
27.25000	5
27.25833	4
27.26667	3
27.27500	2
27.28333	1
27.29167	1
27.30000	-1
27.30833	-2
27.31667	-3
27.32500	-3
27.33333	-4
27.34167	-4
27.35000	-5
27.35833	-5
27.36667	-6
27.37500	-6
27.38333	-6
27.39167	-7
27.40000	-7
27.40833	-8
27.41667	-8
27.42500	-9
27.43333	-9
27.44167	-9
27.45000	-9
27.45833	-9
27.46667	-9
27.47500	-9
27.48333	-9
27.49167	-10
27.50000	-10
27.50833	-10
27.51667	-10
27.52500	-10
27.53333	-10
27.54167	-10
27.55000	-10
27.55833	-10
27.56667	-10
27.57500	-10
27.58333	-10
27.59167	-10
27.60000	-10
27.60833	-10
27.61667	-10
27.62500	-9
27.63333	-9
27.64167	-10
27.65000	-9
27.65833	-9
27.66667	-9
27.67500	-9
27.68333	-8
27.69167	-8
27.70000	-8
27.70833	-8
27.71667	-9
27.72500	-9
27.73333	-9
27.74167	-9
27.75000	-9
27.75833	-9
27.76667	-9
27.77500	-9
27.78333	-9
27.79167	-9
27.80000	-9
27.80833	-9
27.81667	-8
27.82500	-8
27.83333	-8
27.84167	-8
27.85000	-8
27.85833	-8
27.86667	-7
27.87500	-7
27.88333	-7
27.89167	-6
27.90000	-6
27.90833	-6
27.91667	-6
27.92500	-6
27.93333	-6
27.94167	-6
27.95000	-6
27.95833	-6
27.96667	-6
27.97500	-6
27.98333	-5
27.99167	-5
28.00000	-5

