R.Time (min)	Intensity
0.00000	0
0.00833	0
0.01667	0
0.02500	0
0.03333	0
0.04167	-0
0.05000	-1
0.05833	-1
0.06667	-1
0.07500	-2
0.08333	-2
0.09167	-2
0.10000	-2
0.10833	-2
0.11667	-2
0.12500	-2
0.13333	-2
0.14167	-2
0.15000	-3
0.15833	-2
0.16667	-2
0.17500	-2
0.18333	-2
0.19167	-2
0.20000	-2
0.20833	-2
0.21667	-2
0.22500	-3
0.23333	-4
0.24167	-4
0.25000	-5
0.25833	-5
0.26667	-6
0.27500	-6
0.28333	-7
0.29167	-7
0.30000	-8
0.30833	-8
0.31667	-9
0.32500	-10
0.33333	-11
0.34167	-12
0.35000	-13
0.35833	-15
0.36667	-16
0.37500	-17
0.38333	-19
0.39167	-20
0.40000	-21
0.40833	-23
0.41667	-25
0.42500	-27
0.43333	-29
0.44167	-31
0.45000	-33
0.45833	-35
0.46667	-38
0.47500	-41
0.48333	-44
0.49167	-47
0.50000	-50
0.50833	-52
0.51667	-55
0.52500	-58
0.53333	-61
0.54167	-64
0.55000	-67
0.55833	-70
0.56667	-73
0.57500	-77
0.58333	-80
0.59167	-83
0.60000	-87
0.60833	-90
0.61667	-94
0.62500	-97
0.63333	-100
0.64167	-103
0.65000	-105
0.65833	-108
0.66667	-110
0.67500	-113
0.68333	-115
0.69167	-118
0.70000	-120
0.70833	-122
0.71667	-123
0.72500	-124
0.73333	-125
0.74167	-126
0.75000	-126
0.75833	-127
0.76667	-127
0.77500	-127
0.78333	-127
0.79167	-126
0.80000	-125
0.80833	-124
0.81667	-122
0.82500	-121
0.83333	-118
0.84167	-116
0.85000	-114
0.85833	-111
0.86667	-109
0.87500	-105
0.88333	-101
0.89167	-98
0.90000	-93
0.90833	-89
0.91667	-86
0.92500	-82
0.93333	-78
0.94167	-73
0.95000	-69
0.95833	-64
0.96667	-60
0.97500	-55
0.98333	-51
0.99167	-46
1.00000	-42
1.00833	-37
1.01667	-32
1.02500	-27
1.03333	-23
1.04167	-18
1.05000	-14
1.05833	-10
1.06667	-6
1.07500	-2
1.08333	2
1.09167	6
1.10000	9
1.10833	12
1.11667	15
1.12500	18
1.13333	20
1.14167	22
1.15000	24
1.15833	26
1.16667	27
1.17500	28
1.18333	29
1.19167	30
1.20000	30
1.20833	31
1.21667	30
1.22500	30
1.23333	30
1.24167	30
1.25000	29
1.25833	27
1.26667	26
1.27500	25
1.28333	23
1.29167	21
1.30000	19
1.30833	16
1.31667	14
1.32500	11
1.33333	8
1.34167	5
1.35000	2
1.35833	-1
1.36667	-4
1.37500	-7
1.38333	-11
1.39167	-14
1.40000	-18
1.40833	-21
1.41667	-25
1.42500	-28
1.43333	-32
1.44167	-35
1.45000	-38
1.45833	-41
1.46667	-44
1.47500	-47
1.48333	-50
1.49167	-54
1.50000	-57
1.50833	-60
1.51667	-62
1.52500	-65
1.53333	-67
1.54167	-70
1.55000	-72
1.55833	-74
1.56667	-77
1.57500	-80
1.58333	-82
1.59167	-84
1.60000	-86
1.60833	-88
1.61667	-89
1.62500	-91
1.63333	-92
1.64167	-94
1.65000	-95
1.65833	-96
1.66667	-97
1.67500	-98
1.68333	-99
1.69167	-100
1.70000	-101
1.70833	-102
1.71667	-102
1.72500	-103
1.73333	-104
1.74167	-104
1.75000	-104
1.75833	-104
1.76667	-104
1.77500	-104
1.78333	-104
1.79167	-103
1.80000	-103
1.80833	-102
1.81667	-102
1.82500	-101
1.83333	-101
1.84167	-100
1.85000	-100
1.85833	-98
1.86667	-97
1.87500	-96
1.88333	-95
1.89167	-95
1.90000	-94
1.90833	-93
1.91667	-93
1.92500	-93
1.93333	-92
1.94167	-91
1.95000	-91
1.95833	-90
1.96667	-89
1.97500	-89
1.98333	-89
1.99167	-88
2.00000	-88
2.00833	-88
2.01667	-89
2.02500	-89
2.03333	-90
2.04167	-90
2.05000	-91
2.05833	-92
2.06667	-94
2.07500	-95
2.08333	-97
2.09167	-100
2.10000	-102
2.10833	-104
2.11667	-107
2.12500	-110
2.13333	-113
2.14167	-116
2.15000	-120
2.15833	-123
2.16667	-127
2.17500	-131
2.18333	-134
2.19167	-139
2.20000	-143
2.20833	-147
2.21667	-152
2.22500	-156
2.23333	-161
2.24167	-166
2.25000	-170
2.25833	-174
2.26667	-178
2.27500	-182
2.28333	-186
2.29167	-189
2.30000	-193
2.30833	-196
2.31667	-199
2.32500	-203
2.33333	-206
2.34167	-209
2.35000	-211
2.35833	-213
2.36667	-215
2.37500	-216
2.38333	-218
2.39167	-219
2.40000	-220
2.40833	-221
2.41667	-222
2.42500	-222
2.43333	-222
2.44167	-221
2.45000	-221
2.45833	-220
2.46667	-219
2.47500	-218
2.48333	-216
2.49167	-214
2.50000	-212
2.50833	-209
2.51667	-206
2.52500	-203
2.53333	-200
2.54167	-197
2.55000	-194
2.55833	-190
2.56667	-186
2.57500	-181
2.58333	-177
2.59167	-172
2.60000	-167
2.60833	-163
2.61667	-158
2.62500	-154
2.63333	-148
2.64167	-143
2.65000	-138
2.65833	-132
2.66667	-126
2.67500	-120
2.68333	-114
2.69167	-108
2.70000	-103
2.70833	-96
2.71667	-90
2.72500	-85
2.73333	-79
2.74167	-72
2.75000	-67
2.75833	-61
2.76667	-55
2.77500	-49
2.78333	-44
2.79167	-38
2.80000	-32
2.80833	-27
2.81667	-22
2.82500	-17
2.83333	-12
2.84167	-8
2.85000	-3
2.85833	1
2.86667	6
2.87500	9
2.88333	13
2.89167	16
2.90000	19
2.90833	22
2.91667	25
2.92500	27
2.93333	30
2.94167	32
2.95000	34
2.95833	35
2.96667	37
2.97500	38
2.98333	39
2.99167	39
3.00000	40
3.00833	40
3.01667	39
3.02500	38
3.03333	37
3.04167	36
3.05000	35
3.05833	33
3.06667	32
3.07500	29
3.08333	27
3.09167	24
3.10000	22
3.10833	19
3.11667	16
3.12500	13
3.13333	10
3.14167	7
3.15000	4
3.15833	1
3.16667	-3
3.17500	-6
3.18333	-10
3.19167	-14
3.20000	-17
3.20833	-21
3.21667	-24
3.22500	-28
3.23333	-31
3.24167	-34
3.25000	-37
3.25833	-40
3.26667	-43
3.27500	-46
3.28333	-49
3.29167	-52
3.30000	-55
3.30833	-57
3.31667	-59
3.32500	-61
3.33333	-62
3.34167	-64
3.35000	-66
3.35833	-67
3.36667	-68
3.37500	-68
3.38333	-68
3.39167	-68
3.40000	-68
3.40833	-67
3.41667	-67
3.42500	-66
3.43333	-65
3.44167	-64
3.45000	-62
3.45833	-60
3.46667	-58
3.47500	-55
3.48333	-52
3.49167	-48
3.50000	-44
3.50833	-40
3.51667	-36
3.52500	-31
3.53333	-25
3.54167	-19
3.55000	-13
3.55833	-6
3.56667	1
3.57500	9
3.58333	17
3.59167	26
3.60000	36
3.60833	47
3.61667	58
3.62500	71
3.63333	84
3.64167	98
3.65000	113
3.65833	128
3.66667	145
3.67500	163
3.68333	182
3.69167	203
3.70000	225
3.70833	248
3.71667	273
3.72500	301
3.73333	330
3.74167	361
3.75000	394
3.75833	430
3.76667	468
3.77500	508
3.78333	551
3.79167	597
3.80000	646
3.80833	699
3.81667	755
3.82500	815
3.83333	879
3.84167	947
3.85000	1020
3.85833	1097
3.86667	1180
3.87500	1269
3.88333	1363
3.89167	1464
3.90000	1572
3.90833	1687
3.91667	1810
3.92500	1941
3.93333	2081
3.94167	2231
3.95000	2391
3.95833	2562
3.96667	2744
3.97500	2940
3.98333	3149
3.99167	3371
4.00000	3609
4.00833	3864
4.01667	4136
4.02500	4427
4.03333	4737
4.04167	5068
4.05000	5421
4.05833	5798
4.06667	6199
4.07500	6626
4.08333	7079
4.09167	7561
4.10000	8071
4.10833	8612
4.11667	9183
4.12500	9785
4.13333	10419
4.14167	11084
4.15000	11782
4.15833	12511
4.16667	13270
4.17500	14061
4.18333	14880
4.19167	15727
4.20000	16599
4.20833	17494
4.21667	18410
4.22500	19343
4.23333	20291
4.24167	21248
4.25000	22213
4.25833	23179
4.26667	24144
4.27500	25101
4.28333	26046
4.29167	26974
4.30000	27880
4.30833	28759
4.31667	29606
4.32500	30417
4.33333	31188
4.34167	31913
4.35000	32589
4.35833	33211
4.36667	33778
4.37500	34285
4.38333	34731
4.39167	35113
4.40000	35431
4.40833	35682
4.41667	35866
4.42500	35983
4.43333	36032
4.44167	36016
4.45000	35935
4.45833	35790
4.46667	35583
4.47500	35316
4.48333	34991
4.49167	34611
4.50000	34178
4.50833	33696
4.51667	33168
4.52500	32597
4.53333	31987
4.54167	31340
4.55000	30661
4.55833	29953
4.56667	29219
4.57500	28462
4.58333	27687
4.59167	26895
4.60000	26092
4.60833	25278
4.61667	24458
4.62500	23635
4.63333	22810
4.64167	21987
4.65000	21168
4.65833	20355
4.66667	19550
4.67500	18756
4.68333	17974
4.69167	17205
4.70000	16451
4.70833	15713
4.71667	14994
4.72500	14293
4.73333	13611
4.74167	12950
4.75000	12310
4.75833	11690
4.76667	11092
4.77500	10516
4.78333	9961
4.79167	9428
4.80000	8918
4.80833	8429
4.81667	7961
4.82500	7514
4.83333	7088
4.84167	6682
4.85000	6296
4.85833	5928
4.86667	5579
4.87500	5248
4.88333	4935
4.89167	4638
4.90000	4358
4.90833	4094
4.91667	3844
4.92500	3609
4.93333	3387
4.94167	3178
4.95000	2982
4.95833	2798
4.96667	2625
4.97500	2462
4.98333	2309
4.99167	2167
5.00000	2033
5.00833	1908
5.01667	1791
5.02500	1681
5.03333	1579
5.04167	1483
5.05000	1394
5.05833	1310
5.06667	1233
5.07500	1160
5.08333	1093
5.09167	1030
5.10000	971
5.10833	917
5.11667	866
5.12500	818
5.13333	774
5.14167	733
5.15000	695
5.15833	660
5.16667	627
5.17500	596
5.18333	568
5.19167	542
5.20000	518
5.20833	496
5.21667	475
5.22500	456
5.23333	438
5.24167	422
5.25000	406
5.25833	393
5.26667	380
5.27500	368
5.28333	357
5.29167	346
5.30000	337
5.30833	328
5.31667	320
5.32500	313
5.33333	305
5.34167	299
5.35000	292
5.35833	287
5.36667	282
5.37500	277
5.38333	273
5.39167	269
5.40000	266
5.40833	262
5.41667	259
5.42500	256
5.43333	253
5.44167	251
5.45000	248
5.45833	246
5.46667	243
5.47500	241
5.48333	239
5.49167	238
5.50000	236
5.50833	235
5.51667	233
5.52500	232
5.53333	230
5.54167	229
5.55000	227
5.55833	225
5.56667	224
5.57500	222
5.58333	221
5.59167	220
5.60000	219
5.60833	218
5.61667	217
5.62500	216
5.63333	215
5.64167	214
5.65000	213
5.65833	212
5.66667	210
5.67500	208
5.68333	207
5.69167	205
5.70000	204
5.70833	203
5.71667	202
5.72500	200
5.73333	199
5.74167	198
5.75000	197
5.75833	196
5.76667	194
5.77500	192
5.78333	191
5.79167	189
5.80000	188
5.80833	187
5.81667	185
5.82500	184
5.83333	182
5.84167	180
5.85000	179
5.85833	177
5.86667	176
5.87500	175
5.88333	174
5.89167	172
5.90000	171
5.90833	170
5.91667	168
5.92500	166
5.93333	164
5.94167	162
5.95000	160
5.95833	158
5.96667	156
5.97500	154
5.98333	152
5.99167	150
6.00000	149
6.00833	147
6.01667	145
6.02500	143
6.03333	141
6.04167	139
6.05000	137
6.05833	135
6.06667	134
6.07500	132
6.08333	130
6.09167	129
6.10000	127
6.10833	126
6.11667	124
6.12500	123
6.13333	121
6.14167	119
6.15000	118
6.15833	116
6.16667	114
6.17500	113
6.18333	111
6.19167	110
6.20000	108
6.20833	106
6.21667	105
6.22500	103
6.23333	101
6.24167	99
6.25000	97
6.25833	96
6.26667	94
6.27500	92
6.28333	91
6.29167	90
6.30000	88
6.30833	87
6.31667	86
6.32500	85
6.33333	83
6.34167	82
6.35000	81
6.35833	79
6.36667	77
6.37500	76
6.38333	74
6.39167	72
6.40000	70
6.40833	69
6.41667	67
6.42500	66
6.43333	65
6.44167	64
6.45000	63
6.45833	62
6.46667	61
6.47500	59
6.48333	58
6.49167	56
6.50000	55
6.50833	53
6.51667	52
6.52500	50
6.53333	49
6.54167	48
6.55000	47
6.55833	46
6.56667	44
6.57500	43
6.58333	42
6.59167	41
6.60000	40
6.60833	39
6.61667	38
6.62500	37
6.63333	36
6.64167	35
6.65000	35
6.65833	34
6.66667	33
6.67500	32
6.68333	31
6.69167	30
6.70000	29
6.70833	28
6.71667	27
6.72500	26
6.73333	26
6.74167	25
6.75000	24
6.75833	23
6.76667	22
6.77500	21
6.78333	20
6.79167	20
6.80000	19
6.80833	19
6.81667	18
6.82500	18
6.83333	17
6.84167	16
6.85000	16
6.85833	16
6.86667	16
6.87500	15
6.88333	15
6.89167	15
6.90000	15
6.90833	14
6.91667	14
6.92500	14
6.93333	14
6.94167	14
6.95000	13
6.95833	12
6.96667	12
6.97500	12
6.98333	11
6.99167	10
7.00000	10
7.00833	9
7.01667	8
7.02500	7
7.03333	7
7.04167	6
7.05000	6
7.05833	6
7.06667	5
7.07500	4
7.08333	4
7.09167	3
7.10000	2
7.10833	2
7.11667	1
7.12500	1
7.13333	0
7.14167	-1
7.15000	-1
7.15833	-2
7.16667	-2
7.17500	-3
7.18333	-3
7.19167	-4
7.20000	-5
7.20833	-6
7.21667	-6
7.22500	-7
7.23333	-8
7.24167	-9
7.25000	-11
7.25833	-12
7.26667	-14
7.27500	-17
7.28333	-20
7.29167	-25
7.30000	-33
7.30833	-44
7.31667	-60
7.32500	-82
7.33333	-113
7.34167	-156
7.35000	-214
7.35833	-292
7.36667	-394
7.37500	-525
7.38333	-691
7.39167	-895
7.40000	-1142
7.40833	-1432
7.41667	-1763
7.42500	-2133
7.43333	-2534
7.44167	-2958
7.45000	-3391
7.45833	-3821
7.46667	-4234
7.47500	-4615
7.48333	-4952
7.49167	-5234
7.50000	-5452
7.50833	-5600
7.51667	-5678
7.52500	-5685
7.53333	-5625
7.54167	-5504
7.55000	-5329
7.55833	-5110
7.56667	-4855
7.57500	-4575
7.58333	-4276
7.59167	-3969
7.60000	-3660
7.60833	-3355
7.61667	-3060
7.62500	-2778
7.63333	-2512
7.64167	-2264
7.65000	-2036
7.65833	-1827
7.66667	-1638
7.67500	-1467
7.68333	-1313
7.69167	-1176
7.70000	-1054
7.70833	-945
7.71667	-849
7.72500	-764
7.73333	-689
7.74167	-623
7.75000	-564
7.75833	-512
7.76667	-465
7.77500	-424
7.78333	-387
7.79167	-355
7.80000	-325
7.80833	-298
7.81667	-274
7.82500	-252
7.83333	-232
7.84167	-214
7.85000	-197
7.85833	-182
7.86667	-168
7.87500	-156
7.88333	-144
7.89167	-133
7.90000	-123
7.90833	-114
7.91667	-105
7.92500	-97
7.93333	-90
7.94167	-83
7.95000	-77
7.95833	-71
7.96667	-66
7.97500	-61
7.98333	-56
7.99167	-51
8.00000	-47
8.00833	-43
8.01667	-39
8.02500	-36
8.03333	-32
8.04167	-29
8.05000	-26
8.05833	-24
8.06667	-22
8.07500	-20
8.08333	-18
8.09167	-16
8.10000	-14
8.10833	-13
8.11667	-11
8.12500	-10
8.13333	-9
8.14167	-8
8.15000	-7
8.15833	-7
8.16667	-7
8.17500	-6
8.18333	-6
8.19167	-6
8.20000	-6
8.20833	-6
8.21667	-6
8.22500	-6
8.23333	-7
8.24167	-7
8.25000	-7
8.25833	-8
8.26667	-9
8.27500	-9
8.28333	-9
8.29167	-9
8.30000	-9
8.30833	-9
8.31667	-9
8.32500	-9
8.33333	-10
8.34167	-10
8.35000	-10
8.35833	-11
8.36667	-11
8.37500	-11
8.38333	-11
8.39167	-11
8.40000	-10
8.40833	-11
8.41667	-11
8.42500	-11
8.43333	-11
8.44167	-11
8.45000	-12
8.45833	-12
8.46667	-13
8.47500	-13
8.48333	-12
8.49167	-13
8.50000	-13
8.50833	-12
8.51667	-13
8.52500	-12
8.53333	-12
8.54167	-12
8.55000	-12
8.55833	-11
8.56667	-10
8.57500	-10
8.58333	-9
8.59167	-8
8.60000	-7
8.60833	-6
8.61667	-4
8.62500	-2
8.63333	0
8.64167	3
8.65000	6
8.65833	10
8.66667	16
8.67500	24
8.68333	33
8.69167	44
8.70000	59
8.70833	76
8.71667	98
8.72500	124
8.73333	155
8.74167	193
8.75000	238
8.75833	290
8.76667	350
8.77500	418
8.78333	494
8.79167	579
8.80000	672
8.80833	772
8.81667	877
8.82500	987
8.83333	1100
8.84167	1213
8.85000	1325
8.85833	1434
8.86667	1538
8.87500	1633
8.88333	1718
8.89167	1792
8.90000	1853
8.90833	1899
8.91667	1929
8.92500	1944
8.93333	1944
8.94167	1929
8.95000	1900
8.95833	1858
8.96667	1804
8.97500	1740
8.98333	1668
8.99167	1589
9.00000	1506
9.00833	1419
9.01667	1331
9.02500	1242
9.03333	1154
9.04167	1068
9.05000	984
9.05833	905
9.06667	829
9.07500	758
9.08333	691
9.09167	629
9.10000	572
9.10833	520
9.11667	472
9.12500	428
9.13333	388
9.14167	352
9.15000	319
9.15833	290
9.16667	264
9.17500	241
9.18333	220
9.19167	201
9.20000	183
9.20833	167
9.21667	154
9.22500	141
9.23333	130
9.24167	119
9.25000	109
9.25833	100
9.26667	92
9.27500	84
9.28333	78
9.29167	71
9.30000	65
9.30833	59
9.31667	54
9.32500	49
9.33333	45
9.34167	41
9.35000	37
9.35833	33
9.36667	29
9.37500	26
9.38333	22
9.39167	19
9.40000	16
9.40833	13
9.41667	11
9.42500	9
9.43333	6
9.44167	4
9.45000	3
9.45833	1
9.46667	-0
9.47500	-1
9.48333	-2
9.49167	-3
9.50000	-4
9.50833	-5
9.51667	-6
9.52500	-7
9.53333	-7
9.54167	-8
9.55000	-9
9.55833	-9
9.56667	-10
9.57500	-11
9.58333	-11
9.59167	-12
9.60000	-12
9.60833	-13
9.61667	-13
9.62500	-13
9.63333	-13
9.64167	-13
9.65000	-14
9.65833	-14
9.66667	-15
9.67500	-15
9.68333	-15
9.69167	-15
9.70000	-15
9.70833	-15
9.71667	-15
9.72500	-15
9.73333	-15
9.74167	-15
9.75000	-16
9.75833	-16
9.76667	-16
9.77500	-15
9.78333	-15
9.79167	-15
9.80000	-15
9.80833	-16
9.81667	-16
9.82500	-16
9.83333	-16
9.84167	-15
9.85000	-15
9.85833	-15
9.86667	-15
9.87500	-15
9.88333	-15
9.89167	-15
9.90000	-16
9.90833	-16
9.91667	-16
9.92500	-16
9.93333	-16
9.94167	-16
9.95000	-16
9.95833	-16
9.96667	-16
9.97500	-16
9.98333	-16
9.99167	-16
10.00000	-16
10.00833	-16
10.01667	-16
10.02500	-16
10.03333	-15
10.04167	-15
10.05000	-15
10.05833	-16
10.06667	-16
10.07500	-16
10.08333	-16
10.09167	-16
10.10000	-17
10.10833	-17
10.11667	-17
10.12500	-17
10.13333	-16
10.14167	-16
10.15000	-16
10.15833	-15
10.16667	-15
10.17500	-15
10.18333	-15
10.19167	-14
10.20000	-14
10.20833	-14
10.21667	-14
10.22500	-14
10.23333	-14
10.24167	-14
10.25000	-14
10.25833	-14
10.26667	-13
10.27500	-13
10.28333	-13
10.29167	-13
10.30000	-13
10.30833	-13
10.31667	-12
10.32500	-13
10.33333	-13
10.34167	-13
10.35000	-13
10.35833	-13
10.36667	-13
10.37500	-13
10.38333	-13
10.39167	-13
10.40000	-13
10.40833	-13
10.41667	-14
10.42500	-14
10.43333	-14
10.44167	-14
10.45000	-13
10.45833	-12
10.46667	-12
10.47500	-12
10.48333	-11
10.49167	-11
10.50000	-11
10.50833	-11
10.51667	-10
10.52500	-9
10.53333	-8
10.54167	-7
10.55000	-6
10.55833	-5
10.56667	-4
10.57500	-2
10.58333	-1
10.59167	2
10.60000	5
10.60833	8
10.61667	11
10.62500	15
10.63333	19
10.64167	24
10.65000	29
10.65833	35
10.66667	43
10.67500	51
10.68333	62
10.69167	74
10.70000	88
10.70833	105
10.71667	125
10.72500	150
10.73333	179
10.74167	212
10.75000	251
10.75833	295
10.76667	347
10.77500	405
10.78333	471
10.79167	545
10.80000	627
10.80833	715
10.81667	810
10.82500	911
10.83333	1018
10.84167	1128
10.85000	1240
10.85833	1353
10.86667	1464
10.87500	1572
10.88333	1674
10.89167	1768
10.90000	1853
10.90833	1926
10.91667	1987
10.92500	2035
10.93333	2068
10.94167	2087
10.95000	2091
10.95833	2080
10.96667	2055
10.97500	2018
10.98333	1968
10.99167	1907
11.00000	1838
11.00833	1761
11.01667	1678
11.02500	1591
11.03333	1501
11.04167	1410
11.05000	1318
11.05833	1227
11.06667	1138
11.07500	1052
11.08333	969
11.09167	891
11.10000	817
11.10833	748
11.11667	683
11.12500	623
11.13333	568
11.14167	517
11.15000	470
11.15833	428
11.16667	389
11.17500	354
11.18333	323
11.19167	294
11.20000	267
11.20833	244
11.21667	223
11.22500	203
11.23333	186
11.24167	170
11.25000	156
11.25833	143
11.26667	131
11.27500	120
11.28333	110
11.29167	100
11.30000	92
11.30833	84
11.31667	76
11.32500	70
11.33333	64
11.34167	58
11.35000	53
11.35833	48
11.36667	44
11.37500	40
11.38333	36
11.39167	32
11.40000	28
11.40833	25
11.41667	22
11.42500	20
11.43333	18
11.44167	17
11.45000	15
11.45833	12
11.46667	10
11.47500	8
11.48333	6
11.49167	5
11.50000	4
11.50833	3
11.51667	3
11.52500	2
11.53333	1
11.54167	0
11.55000	-0
11.55833	-1
11.56667	-1
11.57500	-2
11.58333	-2
11.59167	-3
11.60000	-3
11.60833	-4
11.61667	-4
11.62500	-4
11.63333	-5
11.64167	-5
11.65000	-5
11.65833	-5
11.66667	-5
11.67500	-5
11.68333	-5
11.69167	-6
11.70000	-6
11.70833	-6
11.71667	-6
11.72500	-6
11.73333	-6
11.74167	-6
11.75000	-6
11.75833	-5
11.76667	-5
11.77500	-5
11.78333	-5
11.79167	-5
11.80000	-5
11.80833	-5
11.81667	-5
11.82500	-5
11.83333	-5
11.84167	-5
11.85000	-5
11.85833	-5
11.86667	-5
11.87500	-5
11.88333	-6
11.89167	-6
11.90000	-6
11.90833	-6
11.91667	-6
11.92500	-6
11.93333	-6
11.94167	-6
11.95000	-7
11.95833	-7
11.96667	-7
11.97500	-7
11.98333	-8
11.99167	-8
12.00000	-8
12.00833	-8
12.01667	-8
12.02500	-8
12.03333	-8
12.04167	-8
12.05000	-8
12.05833	-9
12.06667	-9
12.07500	-9
12.08333	-8
12.09167	-8
12.10000	-8
12.10833	-8
12.11667	-8
12.12500	-8
12.13333	-8
12.14167	-8
12.15000	-9
12.15833	-9
12.16667	-9
12.17500	-9
12.18333	-9
12.19167	-9
12.20000	-9
12.20833	-8
12.21667	-8
12.22500	-8
12.23333	-8
12.24167	-8
12.25000	-8
12.25833	-7
12.26667	-8
12.27500	-8
12.28333	-8
12.29167	-8
12.30000	-8
12.30833	-8
12.31667	-8
12.32500	-8
12.33333	-8
12.34167	-8
12.35000	-9
12.35833	-9
12.36667	-9
12.37500	-9
12.38333	-9
12.39167	-9
12.40000	-9
12.40833	-9
12.41667	-9
12.42500	-9
12.43333	-9
12.44167	-9
12.45000	-9
12.45833	-9
12.46667	-9
12.47500	-9
12.48333	-8
12.49167	-8
12.50000	-8
12.50833	-7
12.51667	-7
12.52500	-7
12.53333	-7
12.54167	-7
12.55000	-7
12.55833	-7
12.56667	-7
12.57500	-7
12.58333	-7
12.59167	-6
12.60000	-6
12.60833	-6
12.61667	-6
12.62500	-6
12.63333	-5
12.64167	-5
12.65000	-5
12.65833	-5
12.66667	-5
12.67500	-5
12.68333	-5
12.69167	-5
12.70000	-6
12.70833	-6
12.71667	-6
12.72500	-6
12.73333	-6
12.74167	-6
12.75000	-6
12.75833	-6
12.76667	-6
12.77500	-6
12.78333	-7
12.79167	-6
12.80000	-6
12.80833	-6
12.81667	-6
12.82500	-7
12.83333	-7
12.84167	-7
12.85000	-7
12.85833	-7
12.86667	-7
12.87500	-7
12.88333	-7
12.89167	-8
12.90000	-9
12.90833	-9
12.91667	-9
12.92500	-9
12.93333	-8
12.94167	-8
12.95000	-8
12.95833	-8
12.96667	-8
12.97500	-9
12.98333	-9
12.99167	-9
13.00000	-9
13.00833	-8
13.01667	-8
13.02500	-7
13.03333	-7
13.04167	-7
13.05000	-7
13.05833	-7
13.06667	-7
13.07500	-6
13.08333	-6
13.09167	-6
13.10000	-6
13.10833	-6
13.11667	-5
13.12500	-5
13.13333	-5
13.14167	-5
13.15000	-5
13.15833	-5
13.16667	-4
13.17500	-4
13.18333	-5
13.19167	-5
13.20000	-5
13.20833	-5
13.21667	-5
13.22500	-6
13.23333	-6
13.24167	-6
13.25000	-5
13.25833	-5
13.26667	-5
13.27500	-6
13.28333	-6
13.29167	-5
13.30000	-5
13.30833	-5
13.31667	-4
13.32500	-4
13.33333	-4
13.34167	-4
13.35000	-3
13.35833	-3
13.36667	-2
13.37500	-1
13.38333	-1
13.39167	0
13.40000	1
13.40833	2
13.41667	3
13.42500	5
13.43333	6
13.44167	7
13.45000	9
13.45833	11
13.46667	13
13.47500	14
13.48333	16
13.49167	18
13.50000	20
13.50833	21
13.51667	23
13.52500	24
13.53333	25
13.54167	26
13.55000	27
13.55833	28
13.56667	28
13.57500	28
13.58333	28
13.59167	28
13.60000	27
13.60833	27
13.61667	26
13.62500	25
13.63333	24
13.64167	22
13.65000	21
13.65833	20
13.66667	18
13.67500	17
13.68333	16
13.69167	14
13.70000	13
13.70833	12
13.71667	10
13.72500	9
13.73333	8
13.74167	7
13.75000	6
13.75833	5
13.76667	5
13.77500	4
13.78333	3
13.79167	2
13.80000	1
13.80833	1
13.81667	0
13.82500	0
13.83333	0
13.84167	-0
13.85000	0
13.85833	0
13.86667	0
13.87500	0
13.88333	1
13.89167	1
13.90000	1
13.90833	1
13.91667	1
13.92500	1
13.93333	1
13.94167	0
13.95000	-0
13.95833	-0
13.96667	-0
13.97500	-0
13.98333	-0
13.99167	-1
14.00000	-1
14.00833	-1
14.01667	-1
14.02500	-1
14.03333	-1
14.04167	-1
14.05000	-1
14.05833	-1
14.06667	-2
14.07500	-2
14.08333	-2
14.09167	-3
14.10000	-3
14.10833	-3
14.11667	-3
14.12500	-3
14.13333	-4
14.14167	-4
14.15000	-4
14.15833	-4
14.16667	-4
14.17500	-5
14.18333	-5
14.19167	-5
14.20000	-5
14.20833	-5
14.21667	-4
14.22500	-4
14.23333	-4
14.24167	-4
14.25000	-4
14.25833	-4
14.26667	-3
14.27500	-3
14.28333	-3
14.29167	-3
14.30000	-3
14.30833	-3
14.31667	-2
14.32500	-2
14.33333	-1
14.34167	-1
14.35000	-2
14.35833	-2
14.36667	-2
14.37500	-2
14.38333	-2
14.39167	-1
14.40000	-2
14.40833	-2
14.41667	-2
14.42500	-2
14.43333	-3
14.44167	-3
14.45000	-4
14.45833	-4
14.46667	-4
14.47500	-5
14.48333	-4
14.49167	-4
14.50000	-4
14.50833	-4
14.51667	-5
14.52500	-5
14.53333	-5
14.54167	-5
14.55000	-4
14.55833	-4
14.56667	-4
14.57500	-4
14.58333	-4
14.59167	-4
14.60000	-4
14.60833	-4
14.61667	-4
14.62500	-4
14.63333	-4
14.64167	-4
14.65000	-4
14.65833	-4
14.66667	-3
14.67500	-3
14.68333	-3
14.69167	-3
14.70000	-3
14.70833	-3
14.71667	-3
14.72500	-3
14.73333	-3
14.74167	-3
14.75000	-3
14.75833	-3
14.76667	-4
14.77500	-4
14.78333	-4
14.79167	-3
14.80000	-3
14.80833	-3
14.81667	-3
14.82500	-2
14.83333	-2
14.84167	-2
14.85000	-1
14.85833	-1
14.86667	-0
14.87500	0
14.88333	1
14.89167	2
14.90000	3
14.90833	4
14.91667	5
14.92500	7
14.93333	9
14.94167	11
14.95000	13
14.95833	15
14.96667	18
14.97500	21
14.98333	25
14.99167	29
15.00000	33
15.00833	38
15.01667	44
15.02500	50
15.03333	57
15.04167	66
15.05000	75
15.05833	86
15.06667	97
15.07500	110
15.08333	124
15.09167	141
15.10000	159
15.10833	178
15.11667	199
15.12500	222
15.13333	247
15.14167	273
15.15000	301
15.15833	331
15.16667	362
15.17500	394
15.18333	427
15.19167	461
15.20000	494
15.20833	528
15.21667	561
15.22500	593
15.23333	623
15.24167	652
15.25000	678
15.25833	701
15.26667	722
15.27500	739
15.28333	752
15.29167	762
15.30000	768
15.30833	771
15.31667	769
15.32500	764
15.33333	755
15.34167	742
15.35000	726
15.35833	707
15.36667	686
15.37500	662
15.38333	636
15.39167	609
15.40000	580
15.40833	551
15.41667	521
15.42500	491
15.43333	461
15.44167	432
15.45000	404
15.45833	376
15.46667	349
15.47500	323
15.48333	298
15.49167	275
15.50000	253
15.50833	232
15.51667	212
15.52500	194
15.53333	177
15.54167	161
15.55000	147
15.55833	134
15.56667	121
15.57500	110
15.58333	100
15.59167	91
15.60000	82
15.60833	74
15.61667	66
15.62500	58
15.63333	52
15.64167	46
15.65000	41
15.65833	36
15.66667	31
15.67500	27
15.68333	23
15.69167	20
15.70000	16
15.70833	13
15.71667	9
15.72500	6
15.73333	4
15.74167	2
15.75000	-0
15.75833	-2
15.76667	-4
15.77500	-5
15.78333	-6
15.79167	-7
15.80000	-9
15.80833	-10
15.81667	-11
15.82500	-12
15.83333	-13
15.84167	-14
15.85000	-14
15.85833	-15
15.86667	-15
15.87500	-16
15.88333	-16
15.89167	-16
15.90000	-16
15.90833	-16
15.91667	-16
15.92500	-17
15.93333	-17
15.94167	-17
15.95000	-17
15.95833	-18
15.96667	-18
15.97500	-19
15.98333	-19
15.99167	-19
16.00000	-19
16.00833	-20
16.01667	-20
16.02500	-20
16.03333	-20
16.04167	-20
16.05000	-20
16.05833	-20
16.06667	-20
16.07500	-20
16.08333	-21
16.09167	-21
16.10000	-21
16.10833	-20
16.11667	-20
16.12500	-20
16.13333	-21
16.14167	-21
16.15000	-20
16.15833	-20
16.16667	-20
16.17500	-20
16.18333	-20
16.19167	-20
16.20000	-20
16.20833	-19
16.21667	-19
16.22500	-19
16.23333	-19
16.24167	-19
16.25000	-19
16.25833	-18
16.26667	-18
16.27500	-18
16.28333	-18
16.29167	-18
16.30000	-17
16.30833	-17
16.31667	-17
16.32500	-17
16.33333	-17
16.34167	-17
16.35000	-17
16.35833	-17
16.36667	-17
16.37500	-17
16.38333	-17
16.39167	-17
16.40000	-16
16.40833	-16
16.41667	-16
16.42500	-16
16.43333	-17
16.44167	-17
16.45000	-17
16.45833	-17
16.46667	-17
16.47500	-17
16.48333	-17
16.49167	-17
16.50000	-18
16.50833	-18
16.51667	-17
16.52500	-17
16.53333	-17
16.54167	-16
16.55000	-16
16.55833	-15
16.56667	-15
16.57500	-14
16.58333	-14
16.59167	-14
16.60000	-13
16.60833	-13
16.61667	-12
16.62500	-12
16.63333	-11
16.64167	-12
16.65000	-12
16.65833	-12
16.66667	-12
16.67500	-11
16.68333	-11
16.69167	-11
16.70000	-11
16.70833	-10
16.71667	-11
16.72500	-11
16.73333	-12
16.74167	-12
16.75000	-12
16.75833	-12
16.76667	-12
16.77500	-12
16.78333	-11
16.79167	-11
16.80000	-12
16.80833	-12
16.81667	-12
16.82500	-12
16.83333	-12
16.84167	-12
16.85000	-12
16.85833	-13
16.86667	-13
16.87500	-13
16.88333	-14
16.89167	-14
16.90000	-14
16.90833	-14
16.91667	-14
16.92500	-13
16.93333	-13
16.94167	-13
16.95000	-13
16.95833	-12
16.96667	-12
16.97500	-12
16.98333	-12
16.99167	-11
17.00000	-11
17.00833	-10
17.01667	-10
17.02500	-10
17.03333	-10
17.04167	-10
17.05000	-9
17.05833	-9
17.06667	-9
17.07500	-8
17.08333	-8
17.09167	-8
17.10000	-8
17.10833	-8
17.11667	-8
17.12500	-7
17.13333	-7
17.14167	-8
17.15000	-8
17.15833	-8
17.16667	-8
17.17500	-8
17.18333	-8
17.19167	-8
17.20000	-8
17.20833	-8
17.21667	-8
17.22500	-8
17.23333	-8
17.24167	-8
17.25000	-8
17.25833	-8
17.26667	-8
17.27500	-9
17.28333	-9
17.29167	-9
17.30000	-9
17.30833	-9
17.31667	-9
17.32500	-9
17.33333	-9
17.34167	-9
17.35000	-9
17.35833	-9
17.36667	-8
17.37500	-8
17.38333	-9
17.39167	-9
17.40000	-9
17.40833	-9
17.41667	-9
17.42500	-9
17.43333	-9
17.44167	-9
17.45000	-9
17.45833	-8
17.46667	-8
17.47500	-8
17.48333	-8
17.49167	-8
17.50000	-7
17.50833	-7
17.51667	-6
17.52500	-6
17.53333	-5
17.54167	-4
17.55000	-4
17.55833	-4
17.56667	-3
17.57500	-3
17.58333	-2
17.59167	-2
17.60000	-1
17.60833	-1
17.61667	-1
17.62500	-1
17.63333	-0
17.64167	0
17.65000	1
17.65833	2
17.66667	3
17.67500	3
17.68333	4
17.69167	5
17.70000	6
17.70833	7
17.71667	8
17.72500	9
17.73333	10
17.74167	11
17.75000	13
17.75833	14
17.76667	16
17.77500	18
17.78333	20
17.79167	22
17.80000	25
17.80833	27
17.81667	30
17.82500	33
17.83333	37
17.84167	41
17.85000	45
17.85833	50
17.86667	56
17.87500	62
17.88333	68
17.89167	76
17.90000	83
17.90833	92
17.91667	101
17.92500	111
17.93333	122
17.94167	133
17.95000	145
17.95833	158
17.96667	172
17.97500	187
17.98333	202
17.99167	219
18.00000	236
18.00833	253
18.01667	271
18.02500	289
18.03333	307
18.04167	324
18.05000	342
18.05833	359
18.06667	376
18.07500	392
18.08333	407
18.09167	421
18.10000	433
18.10833	445
18.11667	455
18.12500	463
18.13333	470
18.14167	475
18.15000	479
18.15833	480
18.16667	480
18.17500	478
18.18333	474
18.19167	468
18.20000	460
18.20833	451
18.21667	441
18.22500	429
18.23333	417
18.24167	404
18.25000	389
18.25833	374
18.26667	358
18.27500	343
18.28333	327
18.29167	310
18.30000	294
18.30833	278
18.31667	263
18.32500	247
18.33333	233
18.34167	219
18.35000	205
18.35833	192
18.36667	179
18.37500	167
18.38333	155
18.39167	144
18.40000	135
18.40833	125
18.41667	117
18.42500	108
18.43333	101
18.44167	94
18.45000	87
18.45833	81
18.46667	76
18.47500	70
18.48333	65
18.49167	61
18.50000	57
18.50833	53
18.51667	50
18.52500	48
18.53333	45
18.54167	43
18.55000	40
18.55833	38
18.56667	36
18.57500	35
18.58333	33
18.59167	32
18.60000	30
18.60833	29
18.61667	27
18.62500	25
18.63333	23
18.64167	22
18.65000	20
18.65833	19
18.66667	19
18.67500	18
18.68333	17
18.69167	16
18.70000	16
18.70833	15
18.71667	14
18.72500	14
18.73333	13
18.74167	12
18.75000	12
18.75833	11
18.76667	11
18.77500	11
18.78333	10
18.79167	9
18.80000	9
18.80833	8
18.81667	8
18.82500	8
18.83333	7
18.84167	7
18.85000	7
18.85833	7
18.86667	7
18.87500	7
18.88333	6
18.89167	6
18.90000	6
18.90833	6
18.91667	6
18.92500	6
18.93333	6
18.94167	6
18.95000	6
18.95833	5
18.96667	5
18.97500	5
18.98333	5
18.99167	5
19.00000	5
19.00833	5
19.01667	5
19.02500	5
19.03333	6
19.04167	6
19.05000	6
19.05833	6
19.06667	6
19.07500	7
19.08333	7
19.09167	8
19.10000	8
19.10833	8
19.11667	8
19.12500	8
19.13333	8
19.14167	8
19.15000	8
19.15833	8
19.16667	8
19.17500	8
19.18333	8
19.19167	8
19.20000	8
19.20833	9
19.21667	9
19.22500	9
19.23333	9
19.24167	10
19.25000	10
19.25833	10
19.26667	10
19.27500	10
19.28333	10
19.29167	9
19.30000	9
19.30833	9
19.31667	9
19.32500	9
19.33333	9
19.34167	10
19.35000	10
19.35833	9
19.36667	9
19.37500	9
19.38333	9
19.39167	9
19.40000	9
19.40833	9
19.41667	9
19.42500	9
19.43333	10
19.44167	10
19.45000	10
19.45833	10
19.46667	9
19.47500	9
19.48333	8
19.49167	8
19.50000	8
19.50833	8
19.51667	9
19.52500	9
19.53333	9
19.54167	9
19.55000	9
19.55833	9
19.56667	9
19.57500	9
19.58333	10
19.59167	10
19.60000	10
19.60833	10
19.61667	10
19.62500	10
19.63333	11
19.64167	11
19.65000	10
19.65833	10
19.66667	10
19.67500	10
19.68333	10
19.69167	10
19.70000	10
19.70833	10
19.71667	10
19.72500	10
19.73333	11
19.74167	11
19.75000	11
19.75833	12
19.76667	12
19.77500	12
19.78333	12
19.79167	12
19.80000	12
19.80833	13
19.81667	13
19.82500	12
19.83333	12
19.84167	12
19.85000	11
19.85833	11
19.86667	11
19.87500	11
19.88333	11
19.89167	11
19.90000	11
19.90833	11
19.91667	10
19.92500	10
19.93333	10
19.94167	10
19.95000	10
19.95833	10
19.96667	10
19.97500	10
19.98333	10
19.99167	10
20.00000	9
20.00833	9
20.01667	9
20.02500	9
20.03333	9
20.04167	9
20.05000	9
20.05833	9
20.06667	8
20.07500	8
20.08333	8
20.09167	8
20.10000	8
20.10833	8
20.11667	7
20.12500	7
20.13333	6
20.14167	6
20.15000	6
20.15833	6
20.16667	6
20.17500	6
20.18333	5
20.19167	5
20.20000	4
20.20833	4
20.21667	4
20.22500	4
20.23333	4
20.24167	4
20.25000	3
20.25833	3
20.26667	3
20.27500	3
20.28333	3
20.29167	3
20.30000	3
20.30833	3
20.31667	3
20.32500	3
20.33333	3
20.34167	3
20.35000	3
20.35833	3
20.36667	3
20.37500	3
20.38333	3
20.39167	3
20.40000	3
20.40833	3
20.41667	3
20.42500	4
20.43333	4
20.44167	4
20.45000	4
20.45833	4
20.46667	4
20.47500	5
20.48333	5
20.49167	5
20.50000	5
20.50833	5
20.51667	5
20.52500	5
20.53333	5
20.54167	5
20.55000	6
20.55833	6
20.56667	6
20.57500	6
20.58333	7
20.59167	7
20.60000	7
20.60833	8
20.61667	8
20.62500	8
20.63333	8
20.64167	8
20.65000	8
20.65833	8
20.66667	8
20.67500	8
20.68333	8
20.69167	8
20.70000	9
20.70833	9
20.71667	9
20.72500	10
20.73333	10
20.74167	10
20.75000	10
20.75833	11
20.76667	11
20.77500	11
20.78333	12
20.79167	13
20.80000	13
20.80833	13
20.81667	14
20.82500	14
20.83333	15
20.84167	15
20.85000	16
20.85833	16
20.86667	17
20.87500	17
20.88333	18
20.89167	18
20.90000	19
20.90833	20
20.91667	21
20.92500	22
20.93333	22
20.94167	23
20.95000	24
20.95833	25
20.96667	26
20.97500	28
20.98333	29
20.99167	30
21.00000	32
21.00833	33
21.01667	34
21.02500	35
21.03333	37
21.04167	39
21.05000	40
21.05833	42
21.06667	44
21.07500	46
21.08333	48
21.09167	49
21.10000	51
21.10833	52
21.11667	54
21.12500	56
21.13333	58
21.14167	61
21.15000	64
21.15833	67
21.16667	69
21.17500	72
21.18333	75
21.19167	78
21.20000	80
21.20833	83
21.21667	87
21.22500	90
21.23333	94
21.24167	98
21.25000	102
21.25833	106
21.26667	110
21.27500	115
21.28333	120
21.29167	124
21.30000	128
21.30833	133
21.31667	138
21.32500	144
21.33333	150
21.34167	156
21.35000	161
21.35833	168
21.36667	174
21.37500	181
21.38333	187
21.39167	194
21.40000	202
21.40833	209
21.41667	217
21.42500	226
21.43333	234
21.44167	243
21.45000	253
21.45833	262
21.46667	272
21.47500	282
21.48333	292
21.49167	303
21.50000	314
21.50833	326
21.51667	337
21.52500	350
21.53333	362
21.54167	375
21.55000	388
21.55833	402
21.56667	416
21.57500	431
21.58333	446
21.59167	462
21.60000	479
21.60833	496
21.61667	514
21.62500	532
21.63333	551
21.64167	570
21.65000	590
21.65833	611
21.66667	632
21.67500	654
21.68333	677
21.69167	700
21.70000	724
21.70833	749
21.71667	775
21.72500	801
21.73333	829
21.74167	856
21.75000	885
21.75833	915
21.76667	946
21.77500	979
21.78333	1012
21.79167	1046
21.80000	1081
21.80833	1117
21.81667	1155
21.82500	1193
21.83333	1233
21.84167	1275
21.85000	1318
21.85833	1363
21.86667	1409
21.87500	1457
21.88333	1506
21.89167	1558
21.90000	1611
21.90833	1667
21.91667	1725
21.92500	1785
21.93333	1847
21.94167	1912
21.95000	1980
21.95833	2050
21.96667	2123
21.97500	2199
21.98333	2278
21.99167	2361
22.00000	2446
22.00833	2535
22.01667	2628
22.02500	2725
22.03333	2826
22.04167	2931
22.05000	3041
22.05833	3156
22.06667	3275
22.07500	3399
22.08333	3527
22.09167	3661
22.10000	3801
22.10833	3946
22.11667	4097
22.12500	4254
22.13333	4417
22.14167	4586
22.15000	4761
22.15833	4942
22.16667	5128
22.17500	5321
22.18333	5521
22.19167	5726
22.20000	5938
22.20833	6155
22.21667	6379
22.22500	6609
22.23333	6843
22.24167	7084
22.25000	7329
22.25833	7579
22.26667	7834
22.27500	8093
22.28333	8355
22.29167	8621
22.30000	8890
22.30833	9160
22.31667	9432
22.32500	9706
22.33333	9980
22.34167	10255
22.35000	10528
22.35833	10801
22.36667	11073
22.37500	11342
22.38333	11607
22.39167	11869
22.40000	12126
22.40833	12379
22.41667	12626
22.42500	12866
22.43333	13100
22.44167	13327
22.45000	13545
22.45833	13756
22.46667	13957
22.47500	14150
22.48333	14333
22.49167	14507
22.50000	14669
22.50833	14822
22.51667	14963
22.52500	15094
22.53333	15213
22.54167	15321
22.55000	15417
22.55833	15502
22.56667	15575
22.57500	15636
22.58333	15686
22.59167	15724
22.60000	15751
22.60833	15766
22.61667	15770
22.62500	15763
22.63333	15745
22.64167	15717
22.65000	15678
22.65833	15629
22.66667	15570
22.67500	15502
22.68333	15423
22.69167	15336
22.70000	15241
22.70833	15137
22.71667	15025
22.72500	14905
22.73333	14778
22.74167	14643
22.75000	14502
22.75833	14355
22.76667	14202
22.77500	14042
22.78333	13878
22.79167	13708
22.80000	13533
22.80833	13355
22.81667	13172
22.82500	12985
22.83333	12795
22.84167	12602
22.85000	12406
22.85833	12207
22.86667	12007
22.87500	11804
22.88333	11600
22.89167	11394
22.90000	11186
22.90833	10978
22.91667	10770
22.92500	10561
22.93333	10351
22.94167	10142
22.95000	9932
22.95833	9723
22.96667	9515
22.97500	9307
22.98333	9101
22.99167	8895
23.00000	8690
23.00833	8486
23.01667	8285
23.02500	8084
23.03333	7886
23.04167	7689
23.05000	7494
23.05833	7302
23.06667	7112
23.07500	6924
23.08333	6738
23.09167	6555
23.10000	6374
23.10833	6196
23.11667	6021
23.12500	5849
23.13333	5679
23.14167	5512
23.15000	5348
23.15833	5186
23.16667	5028
23.17500	4873
23.18333	4722
23.19167	4573
23.20000	4427
23.20833	4284
23.21667	4144
23.22500	4007
23.23333	3873
23.24167	3743
23.25000	3616
23.25833	3492
23.26667	3371
23.27500	3254
23.28333	3139
23.29167	3027
23.30000	2919
23.30833	2814
23.31667	2711
23.32500	2611
23.33333	2514
23.34167	2420
23.35000	2329
23.35833	2241
23.36667	2156
23.37500	2074
23.38333	1994
23.39167	1916
23.40000	1841
23.40833	1769
23.41667	1698
23.42500	1631
23.43333	1565
23.44167	1502
23.45000	1441
23.45833	1383
23.46667	1326
23.47500	1272
23.48333	1219
23.49167	1169
23.50000	1121
23.50833	1074
23.51667	1029
23.52500	986
23.53333	944
23.54167	904
23.55000	866
23.55833	830
23.56667	794
23.57500	760
23.58333	727
23.59167	696
23.60000	667
23.60833	638
23.61667	611
23.62500	585
23.63333	560
23.64167	536
23.65000	513
23.65833	492
23.66667	471
23.67500	452
23.68333	432
23.69167	414
23.70000	397
23.70833	380
23.71667	364
23.72500	348
23.73333	333
23.74167	319
23.75000	306
23.75833	293
23.76667	281
23.77500	269
23.78333	259
23.79167	248
23.80000	238
23.80833	229
23.81667	220
23.82500	212
23.83333	204
23.84167	196
23.85000	189
23.85833	182
23.86667	175
23.87500	168
23.88333	162
23.89167	155
23.90000	150
23.90833	144
23.91667	139
23.92500	135
23.93333	130
23.94167	125
23.95000	121
23.95833	117
23.96667	113
23.97500	110
23.98333	106
23.99167	102
24.00000	99
24.00833	96
24.01667	92
24.02500	89
24.03333	86
24.04167	83
24.05000	80
24.05833	77
24.06667	75
24.07500	73
24.08333	71
24.09167	69
24.10000	67
24.10833	64
24.11667	62
24.12500	59
24.13333	57
24.14167	55
24.15000	52
24.15833	50
24.16667	48
24.17500	46
24.18333	44
24.19167	42
24.20000	41
24.20833	38
24.21667	36
24.22500	34
24.23333	32
24.24167	30
24.25000	28
24.25833	26
24.26667	25
24.27500	23
24.28333	21
24.29167	19
24.30000	18
24.30833	17
24.31667	15
24.32500	14
24.33333	12
24.34167	10
24.35000	8
24.35833	7
24.36667	5
24.37500	4
24.38333	2
24.39167	1
24.40000	-0
24.40833	-2
24.41667	-3
24.42500	-5
24.43333	-6
24.44167	-7
24.45000	-8
24.45833	-9
24.46667	-10
24.47500	-11
24.48333	-12
24.49167	-13
24.50000	-13
24.50833	-14
24.51667	-15
24.52500	-15
24.53333	-15
24.54167	-16
24.55000	-16
24.55833	-16
24.56667	-16
24.57500	-16
24.58333	-16
24.59167	-16
24.60000	-15
24.60833	-15
24.61667	-15
24.62500	-14
24.63333	-14
24.64167	-13
24.65000	-13
24.65833	-12
24.66667	-11
24.67500	-11
24.68333	-10
24.69167	-9
24.70000	-9
24.70833	-8
24.71667	-7
24.72500	-6
24.73333	-5
24.74167	-3
24.75000	-2
24.75833	-1
24.76667	-0
24.77500	0
24.78333	1
24.79167	2
24.80000	3
24.80833	4
24.81667	4
24.82500	5
24.83333	6
24.84167	7
24.85000	7
24.85833	8
24.86667	9
24.87500	10
24.88333	11
24.89167	12
24.90000	12
24.90833	13
24.91667	14
24.92500	15
24.93333	15
24.94167	16
24.95000	17
24.95833	17
24.96667	18
24.97500	19
24.98333	20
24.99167	20
25.00000	21
25.00833	21
25.01667	21
25.02500	22
25.03333	22
25.04167	22
25.05000	23
25.05833	23
25.06667	24
25.07500	25
25.08333	25
25.09167	25
25.10000	26
25.10833	26
25.11667	26
25.12500	27
25.13333	27
25.14167	27
25.15000	28
25.15833	28
25.16667	29
25.17500	29
25.18333	29
25.19167	29
25.20000	29
25.20833	29
25.21667	29
25.22500	29
25.23333	29
25.24167	29
25.25000	29
25.25833	29
25.26667	29
25.27500	30
25.28333	30
25.29167	30
25.30000	29
25.30833	29
25.31667	29
25.32500	29
25.33333	28
25.34167	28
25.35000	28
25.35833	28
25.36667	28
25.37500	28
25.38333	28
25.39167	28
25.40000	28
25.40833	27
25.41667	26
25.42500	26
25.43333	26
25.44167	25
25.45000	25
25.45833	25
25.46667	25
25.47500	25
25.48333	25
25.49167	25
25.50000	25
25.50833	25
25.51667	25
25.52500	25
25.53333	25
25.54167	25
25.55000	25
25.55833	25
25.56667	24
25.57500	24
25.58333	24
25.59167	24
25.60000	25
25.60833	25
25.61667	25
25.62500	26
25.63333	26
25.64167	26
25.65000	26
25.65833	26
25.66667	26
25.67500	26
25.68333	27
25.69167	28
25.70000	29
25.70833	29
25.71667	29
25.72500	30
25.73333	31
25.74167	32
25.75000	33
25.75833	34
25.76667	35
25.77500	36
25.78333	36
25.79167	38
25.80000	39
25.80833	39
25.81667	41
25.82500	42
25.83333	43
25.84167	44
25.85000	46
25.85833	47
25.86667	49
25.87500	52
25.88333	54
25.89167	56
25.90000	59
25.90833	61
25.91667	64
25.92500	67
25.93333	70
25.94167	73
25.95000	76
25.95833	80
25.96667	83
25.97500	87
25.98333	91
25.99167	96
26.00000	101
26.00833	106
26.01667	112
26.02500	117
26.03333	124
26.04167	130
26.05000	137
26.05833	145
26.06667	153
26.07500	161
26.08333	171
26.09167	181
26.10000	191
26.10833	202
26.11667	214
26.12500	226
26.13333	239
26.14167	253
26.15000	268
26.15833	283
26.16667	300
26.17500	317
26.18333	336
26.19167	356
26.20000	377
26.20833	399
26.21667	422
26.22500	447
26.23333	472
26.24167	498
26.25000	526
26.25833	554
26.26667	584
26.27500	616
26.28333	648
26.29167	682
26.30000	716
26.30833	751
26.31667	787
26.32500	824
26.33333	862
26.34167	900
26.35000	939
26.35833	978
26.36667	1017
26.37500	1056
26.38333	1094
26.39167	1132
26.40000	1170
26.40833	1207
26.41667	1243
26.42500	1279
26.43333	1313
26.44167	1346
26.45000	1378
26.45833	1408
26.46667	1435
26.47500	1461
26.48333	1484
26.49167	1505
26.50000	1524
26.50833	1540
26.51667	1553
26.52500	1563
26.53333	1571
26.54167	1576
26.55000	1578
26.55833	1577
26.56667	1572
26.57500	1566
26.58333	1556
26.59167	1544
26.60000	1529
26.60833	1511
26.61667	1491
26.62500	1469
26.63333	1445
26.64167	1418
26.65000	1389
26.65833	1359
26.66667	1327
26.67500	1293
26.68333	1259
26.69167	1223
26.70000	1187
26.70833	1150
26.71667	1112
26.72500	1075
26.73333	1036
26.74167	998
26.75000	960
26.75833	922
26.76667	884
26.77500	847
26.78333	810
26.79167	774
26.80000	739
26.80833	704
26.81667	670
26.82500	638
26.83333	606
26.84167	575
26.85000	546
26.85833	517
26.86667	489
26.87500	463
26.88333	437
26.89167	413
26.90000	390
26.90833	368
26.91667	347
26.92500	328
26.93333	309
26.94167	292
26.95000	275
26.95833	259
26.96667	243
26.97500	229
26.98333	216
26.99167	203
27.00000	192
27.00833	181
27.01667	171
27.02500	162
27.03333	153
27.04167	144
27.05000	136
27.05833	129
27.06667	122
27.07500	116
27.08333	110
27.09167	104
27.10000	99
27.10833	94
27.11667	90
27.12500	86
27.13333	82
27.14167	78
27.15000	75
27.15833	72
27.16667	69
27.17500	66
27.18333	63
27.19167	60
27.20000	58
27.20833	56
27.21667	54
27.22500	51
27.23333	50
27.24167	48
27.25000	47
27.25833	46
27.26667	45
27.27500	44
27.28333	42
27.29167	41
27.30000	40
27.30833	39
27.31667	38
27.32500	37
27.33333	36
27.34167	35
27.35000	35
27.35833	34
27.36667	33
27.37500	32
27.38333	32
27.39167	31
27.40000	30
27.40833	29
27.41667	29
27.42500	29
27.43333	29
27.44167	28
27.45000	28
27.45833	28
27.46667	28
27.47500	28
27.48333	28
27.49167	27
27.50000	27
27.50833	27
27.51667	27
27.52500	26
27.53333	26
27.54167	26
27.55000	26
27.55833	25
27.56667	25
27.57500	25
27.58333	25
27.59167	26
27.60000	26
27.60833	26
27.61667	26
27.62500	26
27.63333	26
27.64167	26
27.65000	26
27.65833	25
27.66667	25
27.67500	25
27.68333	25
27.69167	25
27.70000	25
27.70833	25
27.71667	26
27.72500	26
27.73333	26
27.74167	27
27.75000	27
27.75833	27
27.76667	27
27.77500	27
27.78333	27
27.79167	27
27.80000	26
27.80833	26
27.81667	27
27.82500	27
27.83333	28
27.84167	28
27.85000	28
27.85833	29
27.86667	29
27.87500	29
27.88333	29
27.89167	28
27.90000	28
27.90833	28
27.91667	28
27.92500	28
27.93333	28
27.94167	28
27.95000	28
27.95833	28
27.96667	28
27.97500	29
27.98333	28
27.99167	28
28.00000	28

