R.Time (min)	Intensity
0.00000	-24
0.00833	-24
0.01667	-7
0.02500	-1
0.03333	-2
0.04167	-2
0.05000	-3
0.05833	-4
0.06667	-5
0.07500	-6
0.08333	-6
0.09167	-7
0.10000	-7
0.10833	-8
0.11667	-8
0.12500	-8
0.13333	-8
0.14167	-9
0.15000	-9
0.15833	-10
0.16667	-10
0.17500	-10
0.18333	-10
0.19167	-10
0.20000	-10
0.20833	-10
0.21667	-10
0.22500	-10
0.23333	-10
0.24167	-10
0.25000	-10
0.25833	-11
0.26667	-11
0.27500	-11
0.28333	-11
0.29167	-11
0.30000	-11
0.30833	-11
0.31667	-12
0.32500	-12
0.33333	-13
0.34167	-13
0.35000	-13
0.35833	-14
0.36667	-13
0.37500	-14
0.38333	-14
0.39167	-15
0.40000	-15
0.40833	-16
0.41667	-16
0.42500	-16
0.43333	-17
0.44167	-18
0.45000	-18
0.45833	-18
0.46667	-19
0.47500	-20
0.48333	-20
0.49167	-21
0.50000	-21
0.50833	-22
0.51667	-22
0.52500	-23
0.53333	-24
0.54167	-24
0.55000	-25
0.55833	-26
0.56667	-26
0.57500	-26
0.58333	-26
0.59167	-26
0.60000	-26
0.60833	-27
0.61667	-27
0.62500	-28
0.63333	-28
0.64167	-28
0.65000	-28
0.65833	-28
0.66667	-28
0.67500	-28
0.68333	-28
0.69167	-28
0.70000	-28
0.70833	-29
0.71667	-29
0.72500	-29
0.73333	-29
0.74167	-29
0.75000	-29
0.75833	-29
0.76667	-29
0.77500	-30
0.78333	-30
0.79167	-30
0.80000	-30
0.80833	-30
0.81667	-31
0.82500	-31
0.83333	-32
0.84167	-32
0.85000	-33
0.85833	-33
0.86667	-33
0.87500	-34
0.88333	-34
0.89167	-34
0.90000	-35
0.90833	-35
0.91667	-35
0.92500	-35
0.93333	-36
0.94167	-36
0.95000	-37
0.95833	-37
0.96667	-38
0.97500	-38
0.98333	-39
0.99167	-39
1.00000	-39
1.00833	-40
1.01667	-40
1.02500	-39
1.03333	-39
1.04167	-39
1.05000	-40
1.05833	-40
1.06667	-41
1.07500	-42
1.08333	-42
1.09167	-42
1.10000	-42
1.10833	-42
1.11667	-42
1.12500	-42
1.13333	-42
1.14167	-43
1.15000	-43
1.15833	-43
1.16667	-43
1.17500	-44
1.18333	-44
1.19167	-44
1.20000	-44
1.20833	-44
1.21667	-44
1.22500	-44
1.23333	-45
1.24167	-45
1.25000	-45
1.25833	-46
1.26667	-46
1.27500	-46
1.28333	-46
1.29167	-47
1.30000	-47
1.30833	-47
1.31667	-47
1.32500	-47
1.33333	-47
1.34167	-47
1.35000	-47
1.35833	-47
1.36667	-48
1.37500	-48
1.38333	-48
1.39167	-48
1.40000	-49
1.40833	-49
1.41667	-49
1.42500	-49
1.43333	-49
1.44167	-49
1.45000	-49
1.45833	-49
1.46667	-49
1.47500	-49
1.48333	-50
1.49167	-50
1.50000	-50
1.50833	-50
1.51667	-49
1.52500	-49
1.53333	-49
1.54167	-50
1.55000	-50
1.55833	-50
1.56667	-51
1.57500	-51
1.58333	-51
1.59167	-52
1.60000	-52
1.60833	-53
1.61667	-52
1.62500	-52
1.63333	-53
1.64167	-53
1.65000	-53
1.65833	-53
1.66667	-54
1.67500	-54
1.68333	-54
1.69167	-54
1.70000	-55
1.70833	-55
1.71667	-56
1.72500	-56
1.73333	-57
1.74167	-57
1.75000	-57
1.75833	-58
1.76667	-58
1.77500	-58
1.78333	-58
1.79167	-59
1.80000	-59
1.80833	-59
1.81667	-60
1.82500	-60
1.83333	-61
1.84167	-61
1.85000	-62
1.85833	-62
1.86667	-62
1.87500	-62
1.88333	-62
1.89167	-63
1.90000	-63
1.90833	-62
1.91667	-63
1.92500	-63
1.93333	-63
1.94167	-63
1.95000	-63
1.95833	-63
1.96667	-63
1.97500	-63
1.98333	-63
1.99167	-63
2.00000	-64
2.00833	-64
2.01667	-64
2.02500	-65
2.03333	-65
2.04167	-65
2.05000	-65
2.05833	-65
2.06667	-65
2.07500	-66
2.08333	-66
2.09167	-66
2.10000	-66
2.10833	-66
2.11667	-66
2.12500	-66
2.13333	-66
2.14167	-66
2.15000	-66
2.15833	-67
2.16667	-67
2.17500	-67
2.18333	-68
2.19167	-68
2.20000	-68
2.20833	-68
2.21667	-68
2.22500	-68
2.23333	-68
2.24167	-67
2.25000	-67
2.25833	-67
2.26667	-68
2.27500	-68
2.28333	-68
2.29167	-68
2.30000	-68
2.30833	-68
2.31667	-68
2.32500	-68
2.33333	-69
2.34167	-69
2.35000	-69
2.35833	-69
2.36667	-69
2.37500	-69
2.38333	-69
2.39167	-70
2.40000	-70
2.40833	-70
2.41667	-70
2.42500	-70
2.43333	-70
2.44167	-71
2.45000	-71
2.45833	-72
2.46667	-72
2.47500	-72
2.48333	-72
2.49167	-72
2.50000	-72
2.50833	-72
2.51667	-73
2.52500	-73
2.53333	-73
2.54167	-73
2.55000	-73
2.55833	-74
2.56667	-74
2.57500	-74
2.58333	-75
2.59167	-75
2.60000	-76
2.60833	-76
2.61667	-76
2.62500	-77
2.63333	-77
2.64167	-77
2.65000	-77
2.65833	-77
2.66667	-77
2.67500	-78
2.68333	-79
2.69167	-79
2.70000	-79
2.70833	-79
2.71667	-79
2.72500	-79
2.73333	-79
2.74167	-78
2.75000	-78
2.75833	-78
2.76667	-79
2.77500	-79
2.78333	-79
2.79167	-80
2.80000	-80
2.80833	-80
2.81667	-80
2.82500	-80
2.83333	-80
2.84167	-81
2.85000	-81
2.85833	-81
2.86667	-81
2.87500	-80
2.88333	-80
2.89167	-81
2.90000	-81
2.90833	-81
2.91667	-81
2.92500	-81
2.93333	-81
2.94167	-82
2.95000	-82
2.95833	-82
2.96667	-82
2.97500	-82
2.98333	-82
2.99167	-82
3.00000	-81
3.00833	-81
3.01667	-81
3.02500	-81
3.03333	-81
3.04167	-81
3.05000	-82
3.05833	-82
3.06667	-82
3.07500	-82
3.08333	-82
3.09167	-82
3.10000	-82
3.10833	-82
3.11667	-82
3.12500	-82
3.13333	-82
3.14167	-82
3.15000	-82
3.15833	-83
3.16667	-83
3.17500	-83
3.18333	-83
3.19167	-83
3.20000	-83
3.20833	-83
3.21667	-83
3.22500	-84
3.23333	-84
3.24167	-84
3.25000	-84
3.25833	-84
3.26667	-84
3.27500	-85
3.28333	-85
3.29167	-85
3.30000	-85
3.30833	-85
3.31667	-85
3.32500	-85
3.33333	-85
3.34167	-85
3.35000	-85
3.35833	-85
3.36667	-85
3.37500	-85
3.38333	-85
3.39167	-85
3.40000	-85
3.40833	-85
3.41667	-86
3.42500	-86
3.43333	-86
3.44167	-86
3.45000	-85
3.45833	-85
3.46667	-85
3.47500	-86
3.48333	-85
3.49167	-85
3.50000	-85
3.50833	-85
3.51667	-85
3.52500	-85
3.53333	-85
3.54167	-85
3.55000	-86
3.55833	-86
3.56667	-86
3.57500	-86
3.58333	-86
3.59167	-87
3.60000	-87
3.60833	-87
3.61667	-87
3.62500	-87
3.63333	-87
3.64167	-87
3.65000	-87
3.65833	-87
3.66667	-87
3.67500	-87
3.68333	-87
3.69167	-87
3.70000	-88
3.70833	-88
3.71667	-88
3.72500	-88
3.73333	-89
3.74167	-89
3.75000	-89
3.75833	-89
3.76667	-89
3.77500	-89
3.78333	-89
3.79167	-89
3.80000	-89
3.80833	-90
3.81667	-90
3.82500	-89
3.83333	-90
3.84167	-90
3.85000	-90
3.85833	-90
3.86667	-91
3.87500	-91
3.88333	-91
3.89167	-91
3.90000	-91
3.90833	-91
3.91667	-91
3.92500	-91
3.93333	-92
3.94167	-92
3.95000	-92
3.95833	-92
3.96667	-93
3.97500	-93
3.98333	-94
3.99167	-94
4.00000	-94
4.00833	-94
4.01667	-94
4.02500	-95
4.03333	-95
4.04167	-95
4.05000	-95
4.05833	-95
4.06667	-95
4.07500	-95
4.08333	-95
4.09167	-96
4.10000	-96
4.10833	-96
4.11667	-96
4.12500	-96
4.13333	-96
4.14167	-96
4.15000	-95
4.15833	-95
4.16667	-95
4.17500	-95
4.18333	-95
4.19167	-96
4.20000	-96
4.20833	-96
4.21667	-96
4.22500	-96
4.23333	-95
4.24167	-95
4.25000	-96
4.25833	-96
4.26667	-96
4.27500	-96
4.28333	-96
4.29167	-96
4.30000	-96
4.30833	-96
4.31667	-96
4.32500	-97
4.33333	-97
4.34167	-98
4.35000	-98
4.35833	-98
4.36667	-98
4.37500	-98
4.38333	-98
4.39167	-98
4.40000	-98
4.40833	-98
4.41667	-98
4.42500	-99
4.43333	-99
4.44167	-99
4.45000	-99
4.45833	-99
4.46667	-99
4.47500	-99
4.48333	-99
4.49167	-99
4.50000	-99
4.50833	-99
4.51667	-99
4.52500	-100
4.53333	-100
4.54167	-100
4.55000	-100
4.55833	-101
4.56667	-101
4.57500	-100
4.58333	-100
4.59167	-101
4.60000	-101
4.60833	-101
4.61667	-101
4.62500	-102
4.63333	-102
4.64167	-102
4.65000	-102
4.65833	-102
4.66667	-103
4.67500	-103
4.68333	-103
4.69167	-103
4.70000	-103
4.70833	-104
4.71667	-104
4.72500	-104
4.73333	-104
4.74167	-104
4.75000	-104
4.75833	-105
4.76667	-105
4.77500	-104
4.78333	-105
4.79167	-105
4.80000	-105
4.80833	-105
4.81667	-105
4.82500	-105
4.83333	-105
4.84167	-105
4.85000	-105
4.85833	-105
4.86667	-104
4.87500	-104
4.88333	-104
4.89167	-104
4.90000	-104
4.90833	-104
4.91667	-104
4.92500	-105
4.93333	-105
4.94167	-105
4.95000	-105
4.95833	-106
4.96667	-106
4.97500	-106
4.98333	-106
4.99167	-106
5.00000	-106
5.00833	-106
5.01667	-106
5.02500	-106
5.03333	-106
5.04167	-106
5.05000	-106
5.05833	-107
5.06667	-107
5.07500	-107
5.08333	-107
5.09167	-107
5.10000	-106
5.10833	-106
5.11667	-106
5.12500	-106
5.13333	-106
5.14167	-106
5.15000	-106
5.15833	-106
5.16667	-107
5.17500	-107
5.18333	-107
5.19167	-107
5.20000	-108
5.20833	-108
5.21667	-107
5.22500	-107
5.23333	-107
5.24167	-108
5.25000	-108
5.25833	-108
5.26667	-109
5.27500	-109
5.28333	-109
5.29167	-109
5.30000	-110
5.30833	-110
5.31667	-110
5.32500	-110
5.33333	-110
5.34167	-110
5.35000	-111
5.35833	-110
5.36667	-110
5.37500	-111
5.38333	-111
5.39167	-111
5.40000	-111
5.40833	-111
5.41667	-111
5.42500	-112
5.43333	-112
5.44167	-112
5.45000	-112
5.45833	-113
5.46667	-113
5.47500	-114
5.48333	-114
5.49167	-115
5.50000	-115
5.50833	-115
5.51667	-115
5.52500	-114
5.53333	-114
5.54167	-114
5.55000	-115
5.55833	-115
5.56667	-115
5.57500	-115
5.58333	-115
5.59167	-115
5.60000	-115
5.60833	-115
5.61667	-115
5.62500	-115
5.63333	-116
5.64167	-116
5.65000	-116
5.65833	-116
5.66667	-116
5.67500	-117
5.68333	-116
5.69167	-117
5.70000	-117
5.70833	-118
5.71667	-118
5.72500	-118
5.73333	-118
5.74167	-118
5.75000	-118
5.75833	-118
5.76667	-118
5.77500	-118
5.78333	-119
5.79167	-119
5.80000	-119
5.80833	-120
5.81667	-120
5.82500	-120
5.83333	-120
5.84167	-120
5.85000	-120
5.85833	-120
5.86667	-120
5.87500	-120
5.88333	-120
5.89167	-120
5.90000	-120
5.90833	-121
5.91667	-121
5.92500	-122
5.93333	-122
5.94167	-122
5.95000	-122
5.95833	-122
5.96667	-122
5.97500	-122
5.98333	-122
5.99167	-122
6.00000	-122
6.00833	-122
6.01667	-123
6.02500	-123
6.03333	-123
6.04167	-123
6.05000	-123
6.05833	-123
6.06667	-123
6.07500	-123
6.08333	-123
6.09167	-123
6.10000	-124
6.10833	-124
6.11667	-124
6.12500	-124
6.13333	-123
6.14167	-123
6.15000	-123
6.15833	-122
6.16667	-122
6.17500	-121
6.18333	-121
6.19167	-122
6.20000	-122
6.20833	-122
6.21667	-122
6.22500	-122
6.23333	-122
6.24167	-121
6.25000	-121
6.25833	-120
6.26667	-120
6.27500	-120
6.28333	-119
6.29167	-119
6.30000	-119
6.30833	-119
6.31667	-119
6.32500	-119
6.33333	-119
6.34167	-119
6.35000	-118
6.35833	-118
6.36667	-117
6.37500	-117
6.38333	-117
6.39167	-117
6.40000	-117
6.40833	-117
6.41667	-117
6.42500	-117
6.43333	-116
6.44167	-116
6.45000	-116
6.45833	-116
6.46667	-116
6.47500	-116
6.48333	-116
6.49167	-116
6.50000	-116
6.50833	-116
6.51667	-116
6.52500	-116
6.53333	-116
6.54167	-116
6.55000	-117
6.55833	-117
6.56667	-117
6.57500	-117
6.58333	-117
6.59167	-117
6.60000	-117
6.60833	-117
6.61667	-116
6.62500	-116
6.63333	-116
6.64167	-116
6.65000	-116
6.65833	-117
6.66667	-116
6.67500	-115
6.68333	-115
6.69167	-115
6.70000	-114
6.70833	-114
6.71667	-114
6.72500	-113
6.73333	-113
6.74167	-113
6.75000	-113
6.75833	-113
6.76667	-113
6.77500	-113
6.78333	-113
6.79167	-113
6.80000	-113
6.80833	-112
6.81667	-112
6.82500	-112
6.83333	-112
6.84167	-112
6.85000	-111
6.85833	-111
6.86667	-111
6.87500	-111
6.88333	-110
6.89167	-109
6.90000	-109
6.90833	-108
6.91667	-107
6.92500	-107
6.93333	-107
6.94167	-106
6.95000	-106
6.95833	-106
6.96667	-105
6.97500	-105
6.98333	-105
6.99167	-104
7.00000	-104
7.00833	-104
7.01667	-103
7.02500	-103
7.03333	-103
7.04167	-103
7.05000	-102
7.05833	-102
7.06667	-102
7.07500	-102
7.08333	-102
7.09167	-101
7.10000	-101
7.10833	-102
7.11667	-102
7.12500	-102
7.13333	-102
7.14167	-102
7.15000	-102
7.15833	-102
7.16667	-102
7.17500	-102
7.18333	-102
7.19167	-102
7.20000	-102
7.20833	-102
7.21667	-103
7.22500	-103
7.23333	-103
7.24167	-103
7.25000	-103
7.25833	-103
7.26667	-103
7.27500	-103
7.28333	-103
7.29167	-104
7.30000	-105
7.30833	-106
7.31667	-107
7.32500	-110
7.33333	-115
7.34167	-122
7.35000	-134
7.35833	-151
7.36667	-178
7.37500	-215
7.38333	-267
7.39167	-338
7.40000	-431
7.40833	-549
7.41667	-697
7.42500	-875
7.43333	-1083
7.44167	-1321
7.45000	-1583
7.45833	-1865
7.46667	-2156
7.47500	-2448
7.48333	-2730
7.49167	-2992
7.50000	-3223
7.50833	-3416
7.51667	-3564
7.52500	-3663
7.53333	-3711
7.54167	-3710
7.55000	-3662
7.55833	-3572
7.56667	-3445
7.57500	-3289
7.58333	-3109
7.59167	-2914
7.60000	-2711
7.60833	-2503
7.61667	-2297
7.62500	-2096
7.63333	-1904
7.64167	-1723
7.65000	-1554
7.65833	-1399
7.66667	-1257
7.67500	-1129
7.68333	-1013
7.69167	-909
7.70000	-817
7.70833	-734
7.71667	-661
7.72500	-596
7.73333	-538
7.74167	-487
7.75000	-442
7.75833	-402
7.76667	-366
7.77500	-334
7.78333	-306
7.79167	-281
7.80000	-260
7.80833	-241
7.81667	-223
7.82500	-209
7.83333	-196
7.84167	-184
7.85000	-174
7.85833	-165
7.86667	-157
7.87500	-151
7.88333	-144
7.89167	-139
7.90000	-134
7.90833	-129
7.91667	-125
7.92500	-121
7.93333	-116
7.94167	-111
7.95000	-106
7.95833	-101
7.96667	-95
7.97500	-88
7.98333	-81
7.99167	-73
8.00000	-64
8.00833	-55
8.01667	-44
8.02500	-34
8.03333	-23
8.04167	-12
8.05000	-0
8.05833	11
8.06667	21
8.07500	31
8.08333	41
8.09167	49
8.10000	57
8.10833	63
8.11667	68
8.12500	73
8.13333	75
8.14167	76
8.15000	76
8.15833	75
8.16667	72
8.17500	68
8.18333	64
8.19167	59
8.20000	54
8.20833	48
8.21667	42
8.22500	35
8.23333	29
8.24167	22
8.25000	16
8.25833	9
8.26667	3
8.27500	-2
8.28333	-8
8.29167	-13
8.30000	-18
8.30833	-23
8.31667	-28
8.32500	-33
8.33333	-37
8.34167	-40
8.35000	-44
8.35833	-46
8.36667	-49
8.37500	-52
8.38333	-55
8.39167	-57
8.40000	-60
8.40833	-62
8.41667	-65
8.42500	-67
8.43333	-69
8.44167	-71
8.45000	-72
8.45833	-73
8.46667	-74
8.47500	-75
8.48333	-76
8.49167	-76
8.50000	-76
8.50833	-76
8.51667	-75
8.52500	-73
8.53333	-70
8.54167	-67
8.55000	-63
8.55833	-58
8.56667	-51
8.57500	-43
8.58333	-33
8.59167	-20
8.60000	-4
8.60833	15
8.61667	40
8.62500	69
8.63333	105
8.64167	151
8.65000	207
8.65833	276
8.66667	361
8.67500	467
8.68333	599
8.69167	762
8.70000	963
8.70833	1209
8.71667	1510
8.72500	1872
8.73333	2307
8.74167	2822
8.75000	3426
8.75833	4125
8.76667	4926
8.77500	5831
8.78333	6840
8.79167	7948
8.80000	9148
8.80833	10429
8.81667	11774
8.82500	13165
8.83333	14577
8.84167	15985
8.85000	17362
8.85833	18678
8.86667	19905
8.87500	21017
8.88333	21990
8.89167	22804
8.90000	23442
8.90833	23892
8.91667	24149
8.92500	24212
8.93333	24085
8.94167	23778
8.95000	23302
8.95833	22676
8.96667	21916
8.97500	21045
8.98333	20084
8.99167	19054
9.00000	17977
9.00833	16873
9.01667	15760
9.02500	14654
9.03333	13569
9.04167	12517
9.05000	11508
9.05833	10548
9.06667	9644
9.07500	8798
9.08333	8012
9.09167	7287
9.10000	6622
9.10833	6014
9.11667	5462
9.12500	4961
9.13333	4510
9.14167	4102
9.15000	3736
9.15833	3407
9.16667	3111
9.17500	2846
9.18333	2607
9.19167	2393
9.20000	2199
9.20833	2024
9.21667	1866
9.22500	1721
9.23333	1590
9.24167	1469
9.25000	1358
9.25833	1256
9.26667	1161
9.27500	1073
9.28333	991
9.29167	914
9.30000	842
9.30833	775
9.31667	712
9.32500	653
9.33333	598
9.34167	547
9.35000	498
9.35833	453
9.36667	410
9.37500	371
9.38333	334
9.39167	300
9.40000	269
9.40833	240
9.41667	213
9.42500	188
9.43333	165
9.44167	144
9.45000	125
9.45833	107
9.46667	91
9.47500	76
9.48333	62
9.49167	50
9.50000	39
9.50833	28
9.51667	19
9.52500	10
9.53333	2
9.54167	-5
9.55000	-12
9.55833	-18
9.56667	-24
9.57500	-29
9.58333	-33
9.59167	-38
9.60000	-42
9.60833	-46
9.61667	-49
9.62500	-52
9.63333	-55
9.64167	-58
9.65000	-61
9.65833	-63
9.66667	-65
9.67500	-66
9.68333	-68
9.69167	-70
9.70000	-71
9.70833	-72
9.71667	-74
9.72500	-75
9.73333	-77
9.74167	-78
9.75000	-79
9.75833	-81
9.76667	-82
9.77500	-83
9.78333	-84
9.79167	-85
9.80000	-86
9.80833	-87
9.81667	-87
9.82500	-88
9.83333	-88
9.84167	-89
9.85000	-89
9.85833	-90
9.86667	-91
9.87500	-91
9.88333	-92
9.89167	-92
9.90000	-93
9.90833	-93
9.91667	-93
9.92500	-93
9.93333	-94
9.94167	-94
9.95000	-95
9.95833	-95
9.96667	-96
9.97500	-96
9.98333	-96
9.99167	-97
10.00000	-97
10.00833	-97
10.01667	-98
10.02500	-98
10.03333	-98
10.04167	-98
10.05000	-98
10.05833	-98
10.06667	-98
10.07500	-98
10.08333	-99
10.09167	-100
10.10000	-100
10.10833	-100
10.11667	-100
10.12500	-100
10.13333	-100
10.14167	-101
10.15000	-101
10.15833	-101
10.16667	-101
10.17500	-101
10.18333	-100
10.19167	-100
10.20000	-99
10.20833	-99
10.21667	-99
10.22500	-99
10.23333	-99
10.24167	-99
10.25000	-99
10.25833	-100
10.26667	-100
10.27500	-100
10.28333	-100
10.29167	-101
10.30000	-101
10.30833	-101
10.31667	-101
10.32500	-101
10.33333	-101
10.34167	-101
10.35000	-101
10.35833	-102
10.36667	-102
10.37500	-102
10.38333	-102
10.39167	-102
10.40000	-102
10.40833	-101
10.41667	-101
10.42500	-100
10.43333	-99
10.44167	-99
10.45000	-97
10.45833	-96
10.46667	-94
10.47500	-92
10.48333	-89
10.49167	-85
10.50000	-81
10.50833	-76
10.51667	-70
10.52500	-63
10.53333	-54
10.54167	-44
10.55000	-33
10.55833	-19
10.56667	-3
10.57500	16
10.58333	38
10.59167	64
10.60000	94
10.60833	129
10.61667	169
10.62500	216
10.63333	270
10.64167	335
10.65000	410
10.65833	499
10.66667	605
10.67500	729
10.68333	876
10.69167	1051
10.70000	1259
10.70833	1505
10.71667	1797
10.72500	2139
10.73333	2541
10.74167	3008
10.75000	3549
10.75833	4171
10.76667	4878
10.77500	5675
10.78333	6565
10.79167	7549
10.80000	8623
10.80833	9783
10.81667	11019
10.82500	12321
10.83333	13672
10.84167	15055
10.85000	16448
10.85833	17829
10.86667	19173
10.87500	20454
10.88333	21649
10.89167	22732
10.90000	23684
10.90833	24485
10.91667	25119
10.92500	25576
10.93333	25849
10.94167	25936
10.95000	25840
10.95833	25565
10.96667	25124
10.97500	24530
10.98333	23799
10.99167	22949
11.00000	22001
11.00833	20975
11.01667	19890
11.02500	18767
11.03333	17623
11.04167	16476
11.05000	15341
11.05833	14229
11.06667	13151
11.07500	12118
11.08333	11134
11.09167	10205
11.10000	9334
11.10833	8522
11.11667	7770
11.12500	7077
11.13333	6441
11.14167	5860
11.15000	5330
11.15833	4850
11.16667	4414
11.17500	4020
11.18333	3664
11.19167	3342
11.20000	3051
11.20833	2789
11.21667	2552
11.22500	2337
11.23333	2142
11.24167	1965
11.25000	1803
11.25833	1656
11.26667	1522
11.27500	1398
11.28333	1285
11.29167	1180
11.30000	1083
11.30833	993
11.31667	910
11.32500	833
11.33333	762
11.34167	696
11.35000	635
11.35833	578
11.36667	525
11.37500	476
11.38333	430
11.39167	388
11.40000	349
11.40833	313
11.41667	280
11.42500	250
11.43333	222
11.44167	196
11.45000	173
11.45833	151
11.46667	131
11.47500	113
11.48333	97
11.49167	82
11.50000	68
11.50833	56
11.51667	46
11.52500	36
11.53333	27
11.54167	18
11.55000	11
11.55833	4
11.56667	-2
11.57500	-7
11.58333	-12
11.59167	-17
11.60000	-21
11.60833	-25
11.61667	-28
11.62500	-30
11.63333	-33
11.64167	-35
11.65000	-37
11.65833	-38
11.66667	-39
11.67500	-39
11.68333	-39
11.69167	-39
11.70000	-38
11.70833	-37
11.71667	-36
11.72500	-35
11.73333	-34
11.74167	-32
11.75000	-31
11.75833	-30
11.76667	-29
11.77500	-28
11.78333	-27
11.79167	-26
11.80000	-26
11.80833	-27
11.81667	-27
11.82500	-28
11.83333	-30
11.84167	-32
11.85000	-34
11.85833	-37
11.86667	-39
11.87500	-42
11.88333	-45
11.89167	-48
11.90000	-51
11.90833	-54
11.91667	-57
11.92500	-60
11.93333	-64
11.94167	-67
11.95000	-71
11.95833	-74
11.96667	-77
11.97500	-79
11.98333	-82
11.99167	-84
12.00000	-86
12.00833	-88
12.01667	-90
12.02500	-92
12.03333	-94
12.04167	-95
12.05000	-97
12.05833	-98
12.06667	-99
12.07500	-100
12.08333	-101
12.09167	-102
12.10000	-102
12.10833	-102
12.11667	-103
12.12500	-104
12.13333	-105
12.14167	-105
12.15000	-106
12.15833	-106
12.16667	-107
12.17500	-108
12.18333	-108
12.19167	-108
12.20000	-109
12.20833	-110
12.21667	-110
12.22500	-110
12.23333	-111
12.24167	-111
12.25000	-111
12.25833	-111
12.26667	-111
12.27500	-112
12.28333	-112
12.29167	-112
12.30000	-112
12.30833	-111
12.31667	-112
12.32500	-112
12.33333	-112
12.34167	-112
12.35000	-112
12.35833	-113
12.36667	-113
12.37500	-113
12.38333	-113
12.39167	-112
12.40000	-112
12.40833	-112
12.41667	-112
12.42500	-112
12.43333	-112
12.44167	-113
12.45000	-113
12.45833	-113
12.46667	-113
12.47500	-113
12.48333	-113
12.49167	-112
12.50000	-112
12.50833	-112
12.51667	-111
12.52500	-111
12.53333	-111
12.54167	-111
12.55000	-111
12.55833	-111
12.56667	-112
12.57500	-112
12.58333	-112
12.59167	-112
12.60000	-112
12.60833	-112
12.61667	-112
12.62500	-112
12.63333	-112
12.64167	-112
12.65000	-112
12.65833	-113
12.66667	-113
12.67500	-113
12.68333	-113
12.69167	-113
12.70000	-113
12.70833	-112
12.71667	-113
12.72500	-113
12.73333	-113
12.74167	-114
12.75000	-114
12.75833	-114
12.76667	-114
12.77500	-113
12.78333	-113
12.79167	-113
12.80000	-114
12.80833	-114
12.81667	-114
12.82500	-115
12.83333	-115
12.84167	-114
12.85000	-114
12.85833	-114
12.86667	-115
12.87500	-115
12.88333	-116
12.89167	-116
12.90000	-116
12.90833	-116
12.91667	-116
12.92500	-116
12.93333	-115
12.94167	-115
12.95000	-115
12.95833	-115
12.96667	-115
12.97500	-115
12.98333	-116
12.99167	-116
13.00000	-116
13.00833	-116
13.01667	-116
13.02500	-116
13.03333	-115
13.04167	-115
13.05000	-115
13.05833	-115
13.06667	-114
13.07500	-114
13.08333	-114
13.09167	-115
13.10000	-115
13.10833	-115
13.11667	-115
13.12500	-115
13.13333	-115
13.14167	-115
13.15000	-114
13.15833	-114
13.16667	-114
13.17500	-114
13.18333	-114
13.19167	-113
13.20000	-112
13.20833	-113
13.21667	-112
13.22500	-112
13.23333	-112
13.24167	-112
13.25000	-112
13.25833	-112
13.26667	-111
13.27500	-111
13.28333	-110
13.29167	-110
13.30000	-109
13.30833	-109
13.31667	-108
13.32500	-107
13.33333	-107
13.34167	-106
13.35000	-105
13.35833	-104
13.36667	-103
13.37500	-101
13.38333	-100
13.39167	-98
13.40000	-97
13.40833	-95
13.41667	-93
13.42500	-91
13.43333	-89
13.44167	-87
13.45000	-85
13.45833	-83
13.46667	-81
13.47500	-78
13.48333	-76
13.49167	-74
13.50000	-72
13.50833	-71
13.51667	-69
13.52500	-68
13.53333	-67
13.54167	-66
13.55000	-66
13.55833	-66
13.56667	-66
13.57500	-66
13.58333	-66
13.59167	-67
13.60000	-67
13.60833	-68
13.61667	-70
13.62500	-71
13.63333	-73
13.64167	-74
13.65000	-76
13.65833	-78
13.66667	-79
13.67500	-81
13.68333	-82
13.69167	-84
13.70000	-86
13.70833	-87
13.71667	-89
13.72500	-90
13.73333	-90
13.74167	-92
13.75000	-93
13.75833	-94
13.76667	-95
13.77500	-95
13.78333	-96
13.79167	-96
13.80000	-97
13.80833	-97
13.81667	-98
13.82500	-98
13.83333	-99
13.84167	-99
13.85000	-100
13.85833	-100
13.86667	-100
13.87500	-100
13.88333	-100
13.89167	-101
13.90000	-101
13.90833	-101
13.91667	-102
13.92500	-102
13.93333	-102
13.94167	-102
13.95000	-102
13.95833	-102
13.96667	-102
13.97500	-102
13.98333	-102
13.99167	-103
14.00000	-103
14.00833	-104
14.01667	-104
14.02500	-104
14.03333	-104
14.04167	-104
14.05000	-104
14.05833	-104
14.06667	-104
14.07500	-104
14.08333	-104
14.09167	-104
14.10000	-105
14.10833	-105
14.11667	-105
14.12500	-105
14.13333	-105
14.14167	-105
14.15000	-105
14.15833	-105
14.16667	-104
14.17500	-104
14.18333	-104
14.19167	-104
14.20000	-104
14.20833	-103
14.21667	-103
14.22500	-104
14.23333	-104
14.24167	-104
14.25000	-104
14.25833	-103
14.26667	-103
14.27500	-103
14.28333	-103
14.29167	-102
14.30000	-102
14.30833	-102
14.31667	-102
14.32500	-102
14.33333	-101
14.34167	-101
14.35000	-101
14.35833	-101
14.36667	-101
14.37500	-101
14.38333	-101
14.39167	-101
14.40000	-100
14.40833	-100
14.41667	-99
14.42500	-99
14.43333	-99
14.44167	-98
14.45000	-98
14.45833	-98
14.46667	-98
14.47500	-97
14.48333	-97
14.49167	-97
14.50000	-96
14.50833	-96
14.51667	-95
14.52500	-94
14.53333	-94
14.54167	-94
14.55000	-93
14.55833	-93
14.56667	-92
14.57500	-92
14.58333	-91
14.59167	-90
14.60000	-90
14.60833	-89
14.61667	-88
14.62500	-88
14.63333	-87
14.64167	-86
14.65000	-85
14.65833	-84
14.66667	-83
14.67500	-81
14.68333	-80
14.69167	-78
14.70000	-76
14.70833	-75
14.71667	-73
14.72500	-70
14.73333	-68
14.74167	-65
14.75000	-62
14.75833	-59
14.76667	-55
14.77500	-51
14.78333	-47
14.79167	-43
14.80000	-38
14.80833	-32
14.81667	-26
14.82500	-18
14.83333	-10
14.84167	-2
14.85000	8
14.85833	19
14.86667	31
14.87500	44
14.88333	58
14.89167	75
14.90000	92
14.90833	112
14.91667	133
14.92500	157
14.93333	184
14.94167	214
14.95000	247
14.95833	283
14.96667	324
14.97500	369
14.98333	420
14.99167	477
15.00000	541
15.00833	613
15.01667	693
15.02500	783
15.03333	885
15.04167	998
15.05000	1126
15.05833	1269
15.06667	1428
15.07500	1605
15.08333	1800
15.09167	2016
15.10000	2253
15.10833	2513
15.11667	2794
15.12500	3097
15.13333	3422
15.14167	3768
15.15000	4133
15.15833	4515
15.16667	4912
15.17500	5320
15.18333	5737
15.19167	6157
15.20000	6577
15.20833	6992
15.21667	7395
15.22500	7783
15.23333	8150
15.24167	8490
15.25000	8799
15.25833	9073
15.26667	9307
15.27500	9499
15.28333	9645
15.29167	9745
15.30000	9796
15.30833	9800
15.31667	9755
15.32500	9665
15.33333	9531
15.34167	9356
15.35000	9144
15.35833	8898
15.36667	8623
15.37500	8322
15.38333	8001
15.39167	7664
15.40000	7316
15.40833	6961
15.41667	6603
15.42500	6245
15.43333	5892
15.44167	5546
15.45000	5209
15.45833	4884
15.46667	4573
15.47500	4276
15.48333	3996
15.49167	3732
15.50000	3485
15.50833	3255
15.51667	3042
15.52500	2845
15.53333	2665
15.54167	2500
15.55000	2350
15.55833	2213
15.56667	2090
15.57500	1979
15.58333	1879
15.59167	1791
15.60000	1712
15.60833	1643
15.61667	1582
15.62500	1530
15.63333	1484
15.64167	1445
15.65000	1413
15.65833	1386
15.66667	1365
15.67500	1348
15.68333	1336
15.69167	1328
15.70000	1325
15.70833	1325
15.71667	1329
15.72500	1337
15.73333	1348
15.74167	1362
15.75000	1379
15.75833	1399
15.76667	1421
15.77500	1447
15.78333	1475
15.79167	1505
15.80000	1537
15.80833	1571
15.81667	1608
15.82500	1646
15.83333	1686
15.84167	1728
15.85000	1772
15.85833	1818
15.86667	1865
15.87500	1913
15.88333	1962
15.89167	2012
15.90000	2064
15.90833	2117
15.91667	2170
15.92500	2225
15.93333	2280
15.94167	2335
15.95000	2391
15.95833	2447
15.96667	2503
15.97500	2559
15.98333	2616
15.99167	2672
16.00000	2728
16.00833	2784
16.01667	2839
16.02500	2893
16.03333	2947
16.04167	2999
16.05000	3051
16.05833	3102
16.06667	3151
16.07500	3198
16.08333	3245
16.09167	3289
16.10000	3332
16.10833	3374
16.11667	3413
16.12500	3450
16.13333	3486
16.14167	3519
16.15000	3550
16.15833	3578
16.16667	3604
16.17500	3628
16.18333	3649
16.19167	3668
16.20000	3685
16.20833	3699
16.21667	3710
16.22500	3718
16.23333	3724
16.24167	3728
16.25000	3728
16.25833	3726
16.26667	3721
16.27500	3713
16.28333	3703
16.29167	3690
16.30000	3675
16.30833	3658
16.31667	3638
16.32500	3616
16.33333	3592
16.34167	3566
16.35000	3537
16.35833	3506
16.36667	3473
16.37500	3438
16.38333	3402
16.39167	3363
16.40000	3323
16.40833	3281
16.41667	3238
16.42500	3193
16.43333	3146
16.44167	3098
16.45000	3049
16.45833	2999
16.46667	2948
16.47500	2896
16.48333	2844
16.49167	2790
16.50000	2736
16.50833	2682
16.51667	2626
16.52500	2571
16.53333	2515
16.54167	2458
16.55000	2402
16.55833	2345
16.56667	2288
16.57500	2231
16.58333	2175
16.59167	2119
16.60000	2062
16.60833	2006
16.61667	1951
16.62500	1896
16.63333	1842
16.64167	1788
16.65000	1734
16.65833	1682
16.66667	1630
16.67500	1579
16.68333	1528
16.69167	1478
16.70000	1429
16.70833	1382
16.71667	1334
16.72500	1288
16.73333	1242
16.74167	1198
16.75000	1154
16.75833	1111
16.76667	1069
16.77500	1029
16.78333	989
16.79167	951
16.80000	914
16.80833	877
16.81667	842
16.82500	808
16.83333	774
16.84167	742
16.85000	710
16.85833	679
16.86667	649
16.87500	621
16.88333	593
16.89167	567
16.90000	541
16.90833	516
16.91667	492
16.92500	469
16.93333	446
16.94167	425
16.95000	404
16.95833	384
16.96667	365
16.97500	346
16.98333	328
16.99167	311
17.00000	294
17.00833	279
17.01667	264
17.02500	249
17.03333	235
17.04167	222
17.05000	210
17.05833	198
17.06667	187
17.07500	176
17.08333	165
17.09167	155
17.10000	145
17.10833	136
17.11667	127
17.12500	118
17.13333	110
17.14167	103
17.15000	96
17.15833	89
17.16667	82
17.17500	76
17.18333	70
17.19167	65
17.20000	60
17.20833	55
17.21667	50
17.22500	45
17.23333	41
17.24167	37
17.25000	33
17.25833	29
17.26667	25
17.27500	21
17.28333	18
17.29167	14
17.30000	10
17.30833	7
17.31667	4
17.32500	2
17.33333	-0
17.34167	-2
17.35000	-4
17.35833	-6
17.36667	-8
17.37500	-11
17.38333	-13
17.39167	-14
17.40000	-16
17.40833	-17
17.41667	-18
17.42500	-19
17.43333	-21
17.44167	-22
17.45000	-23
17.45833	-24
17.46667	-24
17.47500	-25
17.48333	-25
17.49167	-25
17.50000	-25
17.50833	-25
17.51667	-25
17.52500	-24
17.53333	-24
17.54167	-23
17.55000	-22
17.55833	-21
17.56667	-19
17.57500	-17
17.58333	-15
17.59167	-13
17.60000	-10
17.60833	-7
17.61667	-3
17.62500	1
17.63333	5
17.64167	10
17.65000	15
17.65833	21
17.66667	27
17.67500	35
17.68333	43
17.69167	52
17.70000	62
17.70833	73
17.71667	86
17.72500	99
17.73333	114
17.74167	131
17.75000	149
17.75833	169
17.76667	191
17.77500	215
17.78333	242
17.79167	271
17.80000	303
17.80833	339
17.81667	378
17.82500	421
17.83333	469
17.84167	522
17.85000	580
17.85833	644
17.86667	715
17.87500	792
17.88333	877
17.89167	970
17.90000	1070
17.90833	1180
17.91667	1298
17.92500	1426
17.93333	1563
17.94167	1710
17.95000	1866
17.95833	2032
17.96667	2207
17.97500	2390
17.98333	2582
17.99167	2780
18.00000	2983
18.00833	3191
18.01667	3402
18.02500	3614
18.03333	3826
18.04167	4035
18.05000	4240
18.05833	4439
18.06667	4628
18.07500	4808
18.08333	4975
18.09167	5128
18.10000	5264
18.10833	5383
18.11667	5483
18.12500	5563
18.13333	5622
18.14167	5659
18.15000	5674
18.15833	5668
18.16667	5640
18.17500	5591
18.18333	5522
18.19167	5433
18.20000	5327
18.20833	5204
18.21667	5067
18.22500	4917
18.23333	4756
18.24167	4585
18.25000	4406
18.25833	4221
18.26667	4032
18.27500	3841
18.28333	3648
18.29167	3456
18.30000	3266
18.30833	3078
18.31667	2895
18.32500	2717
18.33333	2545
18.34167	2379
18.35000	2220
18.35833	2068
18.36667	1924
18.37500	1787
18.38333	1657
18.39167	1536
18.40000	1422
18.40833	1315
18.41667	1215
18.42500	1122
18.43333	1035
18.44167	955
18.45000	881
18.45833	812
18.46667	748
18.47500	689
18.48333	634
18.49167	584
18.50000	538
18.50833	496
18.51667	457
18.52500	421
18.53333	388
18.54167	358
18.55000	330
18.55833	304
18.56667	279
18.57500	257
18.58333	236
18.59167	218
18.60000	201
18.60833	185
18.61667	170
18.62500	157
18.63333	144
18.64167	133
18.65000	123
18.65833	113
18.66667	105
18.67500	97
18.68333	90
18.69167	82
18.70000	76
18.70833	70
18.71667	65
18.72500	60
18.73333	56
18.74167	52
18.75000	49
18.75833	46
18.76667	43
18.77500	40
18.78333	38
18.79167	35
18.80000	33
18.80833	31
18.81667	29
18.82500	28
18.83333	27
18.84167	25
18.85000	24
18.85833	23
18.86667	22
18.87500	21
18.88333	20
18.89167	20
18.90000	20
18.90833	19
18.91667	19
18.92500	18
18.93333	18
18.94167	18
18.95000	18
18.95833	18
18.96667	18
18.97500	18
18.98333	18
18.99167	18
19.00000	17
19.00833	17
19.01667	18
19.02500	18
19.03333	18
19.04167	18
19.05000	19
19.05833	19
19.06667	19
19.07500	19
19.08333	19
19.09167	20
19.10000	20
19.10833	20
19.11667	21
19.12500	21
19.13333	21
19.14167	21
19.15000	22
19.15833	22
19.16667	23
19.17500	23
19.18333	23
19.19167	24
19.20000	24
19.20833	24
19.21667	24
19.22500	24
19.23333	25
19.24167	25
19.25000	26
19.25833	27
19.26667	27
19.27500	28
19.28333	29
19.29167	29
19.30000	30
19.30833	30
19.31667	30
19.32500	31
19.33333	32
19.34167	32
19.35000	32
19.35833	32
19.36667	32
19.37500	33
19.38333	34
19.39167	34
19.40000	36
19.40833	36
19.41667	37
19.42500	37
19.43333	37
19.44167	38
19.45000	38
19.45833	39
19.46667	39
19.47500	40
19.48333	41
19.49167	41
19.50000	42
19.50833	42
19.51667	42
19.52500	43
19.53333	43
19.54167	44
19.55000	44
19.55833	45
19.56667	45
19.57500	45
19.58333	46
19.59167	46
19.60000	47
19.60833	48
19.61667	49
19.62500	50
19.63333	51
19.64167	52
19.65000	52
19.65833	52
19.66667	52
19.67500	53
19.68333	53
19.69167	54
19.70000	55
19.70833	55
19.71667	56
19.72500	57
19.73333	58
19.74167	58
19.75000	59
19.75833	59
19.76667	60
19.77500	61
19.78333	61
19.79167	62
19.80000	62
19.80833	63
19.81667	63
19.82500	64
19.83333	65
19.84167	65
19.85000	66
19.85833	67
19.86667	67
19.87500	68
19.88333	68
19.89167	69
19.90000	69
19.90833	70
19.91667	70
19.92500	71
19.93333	71
19.94167	72
19.95000	72
19.95833	73
19.96667	73
19.97500	74
19.98333	74
19.99167	75
20.00000	75
20.00833	76
20.01667	76
20.02500	75
20.03333	76
20.04167	76
20.05000	77
20.05833	78
20.06667	78
20.07500	79
20.08333	79
20.09167	80
20.10000	80
20.10833	80
20.11667	80
20.12500	81
20.13333	81
20.14167	82
20.15000	82
20.15833	83
20.16667	84
20.17500	84
20.18333	85
20.19167	86
20.20000	86
20.20833	87
20.21667	87
20.22500	88
20.23333	88
20.24167	89
20.25000	89
20.25833	89
20.26667	90
20.27500	90
20.28333	91
20.29167	91
20.30000	92
20.30833	93
20.31667	94
20.32500	95
20.33333	95
20.34167	95
20.35000	96
20.35833	97
20.36667	97
20.37500	98
20.38333	99
20.39167	99
20.40000	100
20.40833	100
20.41667	101
20.42500	101
20.43333	102
20.44167	103
20.45000	104
20.45833	104
20.46667	105
20.47500	105
20.48333	106
20.49167	106
20.50000	107
20.50833	107
20.51667	108
20.52500	109
20.53333	110
20.54167	110
20.55000	112
20.55833	113
20.56667	113
20.57500	114
20.58333	114
20.59167	115
20.60000	115
20.60833	115
20.61667	116
20.62500	117
20.63333	117
20.64167	118
20.65000	119
20.65833	119
20.66667	120
20.67500	120
20.68333	120
20.69167	120
20.70000	121
20.70833	122
20.71667	122
20.72500	123
20.73333	123
20.74167	123
20.75000	124
20.75833	125
20.76667	126
20.77500	126
20.78333	127
20.79167	128
20.80000	128
20.80833	128
20.81667	128
20.82500	129
20.83333	130
20.84167	131
20.85000	131
20.85833	132
20.86667	132
20.87500	132
20.88333	133
20.89167	133
20.90000	134
20.90833	134
20.91667	135
20.92500	136
20.93333	137
20.94167	137
20.95000	137
20.95833	138
20.96667	138
20.97500	139
20.98333	140
20.99167	140
21.00000	141
21.00833	142
21.01667	142
21.02500	143
21.03333	144
21.04167	144
21.05000	145
21.05833	146
21.06667	146
21.07500	147
21.08333	147
21.09167	148
21.10000	148
21.10833	149
21.11667	150
21.12500	151
21.13333	151
21.14167	152
21.15000	152
21.15833	153
21.16667	154
21.17500	154
21.18333	155
21.19167	155
21.20000	156
21.20833	157
21.21667	158
21.22500	158
21.23333	159
21.24167	159
21.25000	160
21.25833	161
21.26667	161
21.27500	162
21.28333	162
21.29167	163
21.30000	163
21.30833	164
21.31667	164
21.32500	165
21.33333	165
21.34167	166
21.35000	166
21.35833	167
21.36667	167
21.37500	167
21.38333	167
21.39167	168
21.40000	168
21.40833	168
21.41667	169
21.42500	169
21.43333	170
21.44167	171
21.45000	171
21.45833	172
21.46667	172
21.47500	173
21.48333	173
21.49167	174
21.50000	174
21.50833	175
21.51667	175
21.52500	175
21.53333	176
21.54167	176
21.55000	176
21.55833	176
21.56667	176
21.57500	176
21.58333	177
21.59167	177
21.60000	178
21.60833	178
21.61667	178
21.62500	179
21.63333	179
21.64167	180
21.65000	181
21.65833	182
21.66667	182
21.67500	182
21.68333	182
21.69167	183
21.70000	183
21.70833	184
21.71667	184
21.72500	184
21.73333	185
21.74167	186
21.75000	186
21.75833	187
21.76667	187
21.77500	188
21.78333	188
21.79167	188
21.80000	189
21.80833	189
21.81667	190
21.82500	190
21.83333	190
21.84167	191
21.85000	191
21.85833	192
21.86667	192
21.87500	192
21.88333	192
21.89167	193
21.90000	193
21.90833	193
21.91667	194
21.92500	194
21.93333	195
21.94167	195
21.95000	195
21.95833	195
21.96667	196
21.97500	196
21.98333	196
21.99167	196
22.00000	196
22.00833	196
22.01667	197
22.02500	197
22.03333	197
22.04167	197
22.05000	197
22.05833	197
22.06667	198
22.07500	199
22.08333	199
22.09167	200
22.10000	200
22.10833	200
22.11667	200
22.12500	200
22.13333	201
22.14167	201
22.15000	201
22.15833	201
22.16667	201
22.17500	201
22.18333	201
22.19167	201
22.20000	200
22.20833	200
22.21667	200
22.22500	200
22.23333	199
22.24167	199
22.25000	199
22.25833	199
22.26667	199
22.27500	199
22.28333	199
22.29167	199
22.30000	199
22.30833	200
22.31667	200
22.32500	200
22.33333	200
22.34167	200
22.35000	199
22.35833	199
22.36667	198
22.37500	198
22.38333	197
22.39167	196
22.40000	196
22.40833	195
22.41667	194
22.42500	193
22.43333	192
22.44167	191
22.45000	190
22.45833	189
22.46667	187
22.47500	186
22.48333	185
22.49167	184
22.50000	182
22.50833	181
22.51667	179
22.52500	177
22.53333	175
22.54167	172
22.55000	170
22.55833	167
22.56667	164
22.57500	162
22.58333	159
22.59167	157
22.60000	154
22.60833	151
22.61667	148
22.62500	145
22.63333	142
22.64167	139
22.65000	136
22.65833	133
22.66667	130
22.67500	128
22.68333	125
22.69167	122
22.70000	119
22.70833	117
22.71667	114
22.72500	111
22.73333	109
22.74167	107
22.75000	105
22.75833	102
22.76667	100
22.77500	98
22.78333	97
22.79167	95
22.80000	94
22.80833	93
22.81667	92
22.82500	92
22.83333	92
22.84167	92
22.85000	92
22.85833	92
22.86667	93
22.87500	93
22.88333	95
22.89167	96
22.90000	98
22.90833	100
22.91667	102
22.92500	104
22.93333	106
22.94167	109
22.95000	111
22.95833	114
22.96667	116
22.97500	119
22.98333	123
22.99167	126
23.00000	129
23.00833	132
23.01667	135
23.02500	138
23.03333	141
23.04167	144
23.05000	146
23.05833	149
23.06667	152
23.07500	155
23.08333	157
23.09167	160
23.10000	163
23.10833	166
23.11667	168
23.12500	170
23.13333	173
23.14167	175
23.15000	178
23.15833	181
23.16667	183
23.17500	185
23.18333	187
23.19167	189
23.20000	190
23.20833	191
23.21667	192
23.22500	194
23.23333	195
23.24167	196
23.25000	197
23.25833	198
23.26667	199
23.27500	200
23.28333	201
23.29167	203
23.30000	204
23.30833	204
23.31667	205
23.32500	206
23.33333	206
23.34167	207
23.35000	207
23.35833	208
23.36667	208
23.37500	209
23.38333	209
23.39167	210
23.40000	210
23.40833	211
23.41667	211
23.42500	211
23.43333	211
23.44167	212
23.45000	213
23.45833	213
23.46667	214
23.47500	213
23.48333	213
23.49167	213
23.50000	213
23.50833	213
23.51667	214
23.52500	214
23.53333	215
23.54167	215
23.55000	215
23.55833	214
23.56667	214
23.57500	214
23.58333	214
23.59167	215
23.60000	215
23.60833	215
23.61667	215
23.62500	216
23.63333	216
23.64167	215
23.65000	215
23.65833	215
23.66667	215
23.67500	215
23.68333	215
23.69167	215
23.70000	215
23.70833	214
23.71667	214
23.72500	214
23.73333	214
23.74167	214
23.75000	215
23.75833	215
23.76667	215
23.77500	215
23.78333	215
23.79167	215
23.80000	214
23.80833	214
23.81667	214
23.82500	215
23.83333	215
23.84167	214
23.85000	214
23.85833	213
23.86667	213
23.87500	213
23.88333	212
23.89167	212
23.90000	212
23.90833	211
23.91667	211
23.92500	211
23.93333	210
23.94167	210
23.95000	210
23.95833	209
23.96667	209
23.97500	209
23.98333	208
23.99167	208
24.00000	207
24.00833	207
24.01667	207
24.02500	207
24.03333	206
24.04167	205
24.05000	204
24.05833	203
24.06667	202
24.07500	202
24.08333	201
24.09167	201
24.10000	201
24.10833	200
24.11667	199
24.12500	199
24.13333	198
24.14167	197
24.15000	196
24.15833	195
24.16667	194
24.17500	193
24.18333	192
24.19167	191
24.20000	190
24.20833	189
24.21667	189
24.22500	188
24.23333	187
24.24167	186
24.25000	184
24.25833	183
24.26667	181
24.27500	179
24.28333	178
24.29167	176
24.30000	175
24.30833	174
24.31667	172
24.32500	171
24.33333	169
24.34167	168
24.35000	167
24.35833	166
24.36667	165
24.37500	164
24.38333	163
24.39167	161
24.40000	160
24.40833	159
24.41667	158
24.42500	157
24.43333	156
24.44167	156
24.45000	155
24.45833	154
24.46667	153
24.47500	153
24.48333	152
24.49167	152
24.50000	151
24.50833	151
24.51667	150
24.52500	150
24.53333	151
24.54167	151
24.55000	151
24.55833	150
24.56667	150
24.57500	150
24.58333	149
24.59167	150
24.60000	150
24.60833	150
24.61667	151
24.62500	152
24.63333	153
24.64167	153
24.65000	154
24.65833	155
24.66667	156
24.67500	156
24.68333	157
24.69167	158
24.70000	158
24.70833	159
24.71667	160
24.72500	160
24.73333	161
24.74167	162
24.75000	163
24.75833	163
24.76667	164
24.77500	165
24.78333	166
24.79167	167
24.80000	168
24.80833	169
24.81667	170
24.82500	170
24.83333	171
24.84167	172
24.85000	171
24.85833	172
24.86667	172
24.87500	172
24.88333	173
24.89167	173
24.90000	174
24.90833	174
24.91667	174
24.92500	175
24.93333	175
24.94167	175
24.95000	175
24.95833	175
24.96667	175
24.97500	175
24.98333	176
24.99167	176
25.00000	177
25.00833	178
25.01667	178
25.02500	178
25.03333	178
25.04167	178
25.05000	179
25.05833	179
25.06667	179
25.07500	180
25.08333	180
25.09167	180
25.10000	180
25.10833	180
25.11667	180
25.12500	180
25.13333	180
25.14167	180
25.15000	179
25.15833	179
25.16667	179
25.17500	179
25.18333	179
25.19167	180
25.20000	180
25.20833	180
25.21667	180
25.22500	179
25.23333	179
25.24167	179
25.25000	179
25.25833	178
25.26667	178
25.27500	178
25.28333	178
25.29167	177
25.30000	177
25.30833	177
25.31667	177
25.32500	176
25.33333	176
25.34167	175
25.35000	175
25.35833	175
25.36667	174
25.37500	174
25.38333	174
25.39167	173
25.40000	173
25.40833	173
25.41667	172
25.42500	171
25.43333	171
25.44167	171
25.45000	171
25.45833	171
25.46667	170
25.47500	170
25.48333	170
25.49167	170
25.50000	169
25.50833	169
25.51667	169
25.52500	169
25.53333	169
25.54167	169
25.55000	169
25.55833	169
25.56667	169
25.57500	170
25.58333	171
25.59167	172
25.60000	173
25.60833	174
25.61667	176
25.62500	177
25.63333	179
25.64167	181
25.65000	184
25.65833	186
25.66667	190
25.67500	193
25.68333	198
25.69167	202
25.70000	207
25.70833	212
25.71667	217
25.72500	223
25.73333	230
25.74167	237
25.75000	245
25.75833	253
25.76667	262
25.77500	272
25.78333	282
25.79167	294
25.80000	306
25.80833	319
25.81667	333
25.82500	349
25.83333	365
25.84167	383
25.85000	402
25.85833	422
25.86667	444
25.87500	467
25.88333	492
25.89167	518
25.90000	546
25.90833	576
25.91667	609
25.92500	644
25.93333	681
25.94167	721
25.95000	763
25.95833	808
25.96667	856
25.97500	908
25.98333	962
25.99167	1021
26.00000	1084
26.00833	1151
26.01667	1222
26.02500	1299
26.03333	1380
26.04167	1467
26.05000	1560
26.05833	1658
26.06667	1764
26.07500	1876
26.08333	1996
26.09167	2124
26.10000	2260
26.10833	2405
26.11667	2559
26.12500	2724
26.13333	2899
26.14167	3084
26.15000	3282
26.15833	3491
26.16667	3712
26.17500	3946
26.18333	4194
26.19167	4456
26.20000	4731
26.20833	5020
26.21667	5324
26.22500	5642
26.23333	5975
26.24167	6322
26.25000	6683
26.25833	7058
26.26667	7447
26.27500	7848
26.28333	8262
26.29167	8687
26.30000	9121
26.30833	9564
26.31667	10015
26.32500	10471
26.33333	10932
26.34167	11395
26.35000	11858
26.35833	12321
26.36667	12780
26.37500	13234
26.38333	13680
26.39167	14115
26.40000	14539
26.40833	14948
26.41667	15340
26.42500	15714
26.43333	16066
26.44167	16396
26.45000	16701
26.45833	16980
26.46667	17231
26.47500	17452
26.48333	17644
26.49167	17803
26.50000	17931
26.50833	18026
26.51667	18088
26.52500	18117
26.53333	18113
26.54167	18076
26.55000	18007
26.55833	17906
26.56667	17774
26.57500	17612
26.58333	17422
26.59167	17204
26.60000	16960
26.60833	16692
26.61667	16401
26.62500	16089
26.63333	15757
26.64167	15408
26.65000	15043
26.65833	14664
26.66667	14273
26.67500	13871
26.68333	13461
26.69167	13044
26.70000	12621
26.70833	12195
26.71667	11767
26.72500	11339
26.73333	10912
26.74167	10487
26.75000	10066
26.75833	9650
26.76667	9240
26.77500	8837
26.78333	8442
26.79167	8055
26.80000	7677
26.80833	7310
26.81667	6953
26.82500	6607
26.83333	6271
26.84167	5948
26.85000	5635
26.85833	5335
26.86667	5047
26.87500	4770
26.88333	4505
26.89167	4252
26.90000	4011
26.90833	3780
26.91667	3561
26.92500	3353
26.93333	3155
26.94167	2968
26.95000	2790
26.95833	2622
26.96667	2463
26.97500	2313
26.98333	2172
26.99167	2038
27.00000	1912
27.00833	1794
27.01667	1682
27.02500	1578
27.03333	1479
27.04167	1387
27.05000	1301
27.05833	1220
27.06667	1144
27.07500	1073
27.08333	1006
27.09167	944
27.10000	886
27.10833	832
27.11667	781
27.12500	733
27.13333	689
27.14167	647
27.15000	608
27.15833	572
27.16667	538
27.17500	507
27.18333	478
27.19167	450
27.20000	424
27.20833	400
27.21667	378
27.22500	356
27.23333	337
27.24167	319
27.25000	302
27.25833	286
27.26667	272
27.27500	258
27.28333	245
27.29167	232
27.30000	221
27.30833	211
27.31667	201
27.32500	192
27.33333	183
27.34167	175
27.35000	168
27.35833	161
27.36667	154
27.37500	148
27.38333	142
27.39167	136
27.40000	131
27.40833	126
27.41667	122
27.42500	117
27.43333	113
27.44167	109
27.45000	106
27.45833	102
27.46667	99
27.47500	96
27.48333	92
27.49167	90
27.50000	87
27.50833	85
27.51667	83
27.52500	80
27.53333	78
27.54167	76
27.55000	74
27.55833	72
27.56667	70
27.57500	68
27.58333	66
27.59167	64
27.60000	63
27.60833	62
27.61667	60
27.62500	59
27.63333	58
27.64167	57
27.65000	56
27.65833	55
27.66667	53
27.67500	52
27.68333	51
27.69167	50
27.70000	49
27.70833	47
27.71667	46
27.72500	45
27.73333	44
27.74167	43
27.75000	42
27.75833	41
27.76667	40
27.77500	39
27.78333	38
27.79167	37
27.80000	36
27.80833	35
27.81667	34
27.82500	33
27.83333	33
27.84167	32
27.85000	31
27.85833	31
27.86667	30
27.87500	29
27.88333	28
27.89167	27
27.90000	26
27.90833	25
27.91667	25
27.92500	24
27.93333	23
27.94167	23
27.95000	22
27.95833	21
27.96667	20
27.97500	19
27.98333	19
27.99167	18
28.00000	17

