R.Time (min)	Intensity
0.00000	-4
0.00833	-4
0.01667	0
0.02500	0
0.03333	0
0.04167	0
0.05000	0
0.05833	0
0.06667	0
0.07500	-0
0.08333	-0
0.09167	-0
0.10000	0
0.10833	1
0.11667	1
0.12500	2
0.13333	1
0.14167	1
0.15000	1
0.15833	2
0.16667	2
0.17500	3
0.18333	3
0.19167	4
0.20000	4
0.20833	3
0.21667	3
0.22500	4
0.23333	4
0.24167	4
0.25000	4
0.25833	5
0.26667	5
0.27500	5
0.28333	5
0.29167	5
0.30000	5
0.30833	5
0.31667	5
0.32500	5
0.33333	6
0.34167	6
0.35000	6
0.35833	6
0.36667	6
0.37500	6
0.38333	6
0.39167	5
0.40000	5
0.40833	5
0.41667	5
0.42500	5
0.43333	5
0.44167	4
0.45000	4
0.45833	4
0.46667	4
0.47500	4
0.48333	4
0.49167	4
0.50000	4
0.50833	4
0.51667	4
0.52500	4
0.53333	3
0.54167	3
0.55000	3
0.55833	3
0.56667	3
0.57500	3
0.58333	3
0.59167	3
0.60000	3
0.60833	3
0.61667	3
0.62500	3
0.63333	3
0.64167	2
0.65000	1
0.65833	1
0.66667	1
0.67500	1
0.68333	1
0.69167	1
0.70000	1
0.70833	1
0.71667	0
0.72500	0
0.73333	0
0.74167	-0
0.75000	-0
0.75833	-1
0.76667	-1
0.77500	-1
0.78333	-1
0.79167	-1
0.80000	-1
0.80833	-1
0.81667	-1
0.82500	-1
0.83333	-1
0.84167	-1
0.85000	-2
0.85833	-2
0.86667	-2
0.87500	-2
0.88333	-3
0.89167	-3
0.90000	-3
0.90833	-3
0.91667	-3
0.92500	-3
0.93333	-3
0.94167	-3
0.95000	-4
0.95833	-4
0.96667	-5
0.97500	-5
0.98333	-6
0.99167	-6
1.00000	-7
1.00833	-7
1.01667	-8
1.02500	-8
1.03333	-8
1.04167	-8
1.05000	-8
1.05833	-8
1.06667	-8
1.07500	-8
1.08333	-9
1.09167	-9
1.10000	-10
1.10833	-10
1.11667	-10
1.12500	-10
1.13333	-11
1.14167	-12
1.15000	-12
1.15833	-12
1.16667	-12
1.17500	-12
1.18333	-12
1.19167	-12
1.20000	-12
1.20833	-13
1.21667	-13
1.22500	-13
1.23333	-13
1.24167	-13
1.25000	-13
1.25833	-13
1.26667	-14
1.27500	-15
1.28333	-15
1.29167	-15
1.30000	-15
1.30833	-15
1.31667	-15
1.32500	-15
1.33333	-15
1.34167	-15
1.35000	-14
1.35833	-14
1.36667	-14
1.37500	-14
1.38333	-15
1.39167	-15
1.40000	-15
1.40833	-15
1.41667	-15
1.42500	-15
1.43333	-15
1.44167	-15
1.45000	-16
1.45833	-16
1.46667	-17
1.47500	-17
1.48333	-17
1.49167	-17
1.50000	-17
1.50833	-16
1.51667	-16
1.52500	-16
1.53333	-17
1.54167	-17
1.55000	-16
1.55833	-17
1.56667	-16
1.57500	-17
1.58333	-17
1.59167	-17
1.60000	-17
1.60833	-17
1.61667	-17
1.62500	-17
1.63333	-17
1.64167	-18
1.65000	-18
1.65833	-17
1.66667	-17
1.67500	-17
1.68333	-16
1.69167	-16
1.70000	-16
1.70833	-16
1.71667	-16
1.72500	-16
1.73333	-17
1.74167	-17
1.75000	-17
1.75833	-18
1.76667	-18
1.77500	-19
1.78333	-19
1.79167	-19
1.80000	-19
1.80833	-19
1.81667	-18
1.82500	-18
1.83333	-18
1.84167	-18
1.85000	-18
1.85833	-18
1.86667	-18
1.87500	-18
1.88333	-18
1.89167	-19
1.90000	-19
1.90833	-19
1.91667	-19
1.92500	-20
1.93333	-20
1.94167	-20
1.95000	-20
1.95833	-20
1.96667	-20
1.97500	-20
1.98333	-20
1.99167	-20
2.00000	-19
2.00833	-19
2.01667	-19
2.02500	-19
2.03333	-19
2.04167	-19
2.05000	-19
2.05833	-19
2.06667	-19
2.07500	-18
2.08333	-18
2.09167	-18
2.10000	-18
2.10833	-17
2.11667	-17
2.12500	-17
2.13333	-17
2.14167	-17
2.15000	-17
2.15833	-17
2.16667	-17
2.17500	-18
2.18333	-17
2.19167	-17
2.20000	-17
2.20833	-17
2.21667	-17
2.22500	-17
2.23333	-16
2.24167	-16
2.25000	-16
2.25833	-16
2.26667	-16
2.27500	-16
2.28333	-16
2.29167	-16
2.30000	-15
2.30833	-15
2.31667	-16
2.32500	-16
2.33333	-16
2.34167	-16
2.35000	-15
2.35833	-15
2.36667	-14
2.37500	-14
2.38333	-14
2.39167	-14
2.40000	-14
2.40833	-14
2.41667	-14
2.42500	-14
2.43333	-14
2.44167	-14
2.45000	-14
2.45833	-14
2.46667	-14
2.47500	-14
2.48333	-14
2.49167	-14
2.50000	-13
2.50833	-13
2.51667	-13
2.52500	-13
2.53333	-14
2.54167	-14
2.55000	-14
2.55833	-14
2.56667	-14
2.57500	-14
2.58333	-14
2.59167	-14
2.60000	-14
2.60833	-15
2.61667	-15
2.62500	-15
2.63333	-15
2.64167	-15
2.65000	-15
2.65833	-15
2.66667	-15
2.67500	-15
2.68333	-15
2.69167	-15
2.70000	-15
2.70833	-15
2.71667	-15
2.72500	-15
2.73333	-15
2.74167	-15
2.75000	-16
2.75833	-16
2.76667	-16
2.77500	-16
2.78333	-16
2.79167	-16
2.80000	-16
2.80833	-16
2.81667	-15
2.82500	-15
2.83333	-15
2.84167	-15
2.85000	-15
2.85833	-14
2.86667	-14
2.87500	-14
2.88333	-14
2.89167	-14
2.90000	-14
2.90833	-14
2.91667	-14
2.92500	-14
2.93333	-15
2.94167	-15
2.95000	-15
2.95833	-15
2.96667	-15
2.97500	-15
2.98333	-15
2.99167	-15
3.00000	-15
3.00833	-15
3.01667	-15
3.02500	-15
3.03333	-15
3.04167	-15
3.05000	-15
3.05833	-15
3.06667	-15
3.07500	-16
3.08333	-16
3.09167	-15
3.10000	-15
3.10833	-15
3.11667	-14
3.12500	-14
3.13333	-14
3.14167	-14
3.15000	-14
3.15833	-14
3.16667	-14
3.17500	-15
3.18333	-15
3.19167	-15
3.20000	-14
3.20833	-14
3.21667	-14
3.22500	-14
3.23333	-15
3.24167	-15
3.25000	-15
3.25833	-15
3.26667	-16
3.27500	-16
3.28333	-15
3.29167	-15
3.30000	-16
3.30833	-16
3.31667	-16
3.32500	-16
3.33333	-16
3.34167	-16
3.35000	-16
3.35833	-15
3.36667	-15
3.37500	-15
3.38333	-15
3.39167	-15
3.40000	-15
3.40833	-15
3.41667	-14
3.42500	-14
3.43333	-14
3.44167	-14
3.45000	-14
3.45833	-14
3.46667	-14
3.47500	-14
3.48333	-13
3.49167	-14
3.50000	-14
3.50833	-14
3.51667	-14
3.52500	-14
3.53333	-14
3.54167	-14
3.55000	-14
3.55833	-14
3.56667	-14
3.57500	-14
3.58333	-14
3.59167	-14
3.60000	-13
3.60833	-13
3.61667	-12
3.62500	-12
3.63333	-12
3.64167	-12
3.65000	-12
3.65833	-12
3.66667	-12
3.67500	-12
3.68333	-12
3.69167	-12
3.70000	-12
3.70833	-12
3.71667	-11
3.72500	-11
3.73333	-10
3.74167	-10
3.75000	-10
3.75833	-10
3.76667	-10
3.77500	-10
3.78333	-10
3.79167	-10
3.80000	-10
3.80833	-10
3.81667	-10
3.82500	-10
3.83333	-10
3.84167	-9
3.85000	-9
3.85833	-9
3.86667	-9
3.87500	-9
3.88333	-8
3.89167	-8
3.90000	-8
3.90833	-8
3.91667	-8
3.92500	-8
3.93333	-8
3.94167	-7
3.95000	-8
3.95833	-8
3.96667	-8
3.97500	-8
3.98333	-9
3.99167	-8
4.00000	-8
4.00833	-8
4.01667	-8
4.02500	-8
4.03333	-8
4.04167	-7
4.05000	-7
4.05833	-7
4.06667	-7
4.07500	-6
4.08333	-6
4.09167	-6
4.10000	-6
4.10833	-6
4.11667	-6
4.12500	-6
4.13333	-6
4.14167	-6
4.15000	-6
4.15833	-6
4.16667	-6
4.17500	-6
4.18333	-6
4.19167	-6
4.20000	-5
4.20833	-5
4.21667	-5
4.22500	-5
4.23333	-5
4.24167	-4
4.25000	-4
4.25833	-4
4.26667	-3
4.27500	-3
4.28333	-3
4.29167	-3
4.30000	-3
4.30833	-3
4.31667	-3
4.32500	-3
4.33333	-3
4.34167	-3
4.35000	-3
4.35833	-3
4.36667	-3
4.37500	-3
4.38333	-3
4.39167	-3
4.40000	-3
4.40833	-3
4.41667	-2
4.42500	-2
4.43333	-2
4.44167	-2
4.45000	-2
4.45833	-2
4.46667	-2
4.47500	-2
4.48333	-1
4.49167	-1
4.50000	-1
4.50833	-1
4.51667	-1
4.52500	-1
4.53333	-1
4.54167	-1
4.55000	-0
4.55833	-0
4.56667	0
4.57500	1
4.58333	1
4.59167	1
4.60000	1
4.60833	0
4.61667	0
4.62500	1
4.63333	1
4.64167	1
4.65000	1
4.65833	1
4.66667	1
4.67500	2
4.68333	2
4.69167	2
4.70000	2
4.70833	2
4.71667	2
4.72500	2
4.73333	2
4.74167	2
4.75000	3
4.75833	3
4.76667	3
4.77500	3
4.78333	3
4.79167	3
4.80000	3
4.80833	3
4.81667	3
4.82500	3
4.83333	3
4.84167	3
4.85000	3
4.85833	3
4.86667	3
4.87500	4
4.88333	4
4.89167	4
4.90000	4
4.90833	4
4.91667	4
4.92500	4
4.93333	4
4.94167	4
4.95000	4
4.95833	5
4.96667	4
4.97500	4
4.98333	4
4.99167	4
5.00000	4
5.00833	4
5.01667	4
5.02500	4
5.03333	4
5.04167	4
5.05000	4
5.05833	4
5.06667	4
5.07500	4
5.08333	4
5.09167	4
5.10000	4
5.10833	5
5.11667	5
5.12500	5
5.13333	5
5.14167	5
5.15000	5
5.15833	5
5.16667	5
5.17500	4
5.18333	4
5.19167	4
5.20000	3
5.20833	3
5.21667	3
5.22500	3
5.23333	3
5.24167	3
5.25000	3
5.25833	3
5.26667	3
5.27500	3
5.28333	2
5.29167	2
5.30000	2
5.30833	2
5.31667	2
5.32500	2
5.33333	2
5.34167	2
5.35000	2
5.35833	2
5.36667	2
5.37500	2
5.38333	2
5.39167	2
5.40000	2
5.40833	2
5.41667	2
5.42500	2
5.43333	2
5.44167	2
5.45000	2
5.45833	2
5.46667	2
5.47500	2
5.48333	1
5.49167	2
5.50000	2
5.50833	2
5.51667	2
5.52500	2
5.53333	2
5.54167	2
5.55000	1
5.55833	2
5.56667	2
5.57500	2
5.58333	2
5.59167	2
5.60000	3
5.60833	2
5.61667	2
5.62500	2
5.63333	3
5.64167	3
5.65000	3
5.65833	3
5.66667	3
5.67500	3
5.68333	3
5.69167	4
5.70000	4
5.70833	4
5.71667	4
5.72500	4
5.73333	5
5.74167	5
5.75000	5
5.75833	5
5.76667	5
5.77500	5
5.78333	5
5.79167	5
5.80000	5
5.80833	5
5.81667	5
5.82500	6
5.83333	5
5.84167	6
5.85000	6
5.85833	6
5.86667	6
5.87500	6
5.88333	6
5.89167	5
5.90000	5
5.90833	5
5.91667	5
5.92500	5
5.93333	5
5.94167	5
5.95000	5
5.95833	6
5.96667	6
5.97500	6
5.98333	6
5.99167	5
6.00000	5
6.00833	5
6.01667	5
6.02500	5
6.03333	5
6.04167	5
6.05000	6
6.05833	6
6.06667	6
6.07500	7
6.08333	7
6.09167	7
6.10000	7
6.10833	7
6.11667	7
6.12500	7
6.13333	7
6.14167	7
6.15000	7
6.15833	7
6.16667	7
6.17500	7
6.18333	7
6.19167	7
6.20000	7
6.20833	6
6.21667	6
6.22500	7
6.23333	7
6.24167	8
6.25000	8
6.25833	8
6.26667	8
6.27500	8
6.28333	9
6.29167	9
6.30000	9
6.30833	8
6.31667	8
6.32500	8
6.33333	9
6.34167	9
6.35000	9
6.35833	9
6.36667	9
6.37500	9
6.38333	8
6.39167	8
6.40000	8
6.40833	8
6.41667	8
6.42500	8
6.43333	8
6.44167	7
6.45000	8
6.45833	7
6.46667	7
6.47500	7
6.48333	7
6.49167	6
6.50000	6
6.50833	6
6.51667	6
6.52500	5
6.53333	5
6.54167	5
6.55000	5
6.55833	5
6.56667	5
6.57500	5
6.58333	5
6.59167	5
6.60000	5
6.60833	5
6.61667	6
6.62500	6
6.63333	6
6.64167	6
6.65000	6
6.65833	6
6.66667	6
6.67500	6
6.68333	5
6.69167	5
6.70000	5
6.70833	5
6.71667	5
6.72500	5
6.73333	5
6.74167	5
6.75000	5
6.75833	5
6.76667	5
6.77500	6
6.78333	6
6.79167	6
6.80000	5
6.80833	5
6.81667	6
6.82500	6
6.83333	6
6.84167	6
6.85000	6
6.85833	6
6.86667	7
6.87500	7
6.88333	8
6.89167	8
6.90000	8
6.90833	8
6.91667	9
6.92500	9
6.93333	10
6.94167	10
6.95000	11
6.95833	11
6.96667	11
6.97500	12
6.98333	12
6.99167	12
7.00000	12
7.00833	12
7.01667	12
7.02500	12
7.03333	12
7.04167	12
7.05000	12
7.05833	12
7.06667	12
7.07500	11
7.08333	11
7.09167	11
7.10000	11
7.10833	11
7.11667	11
7.12500	11
7.13333	11
7.14167	11
7.15000	11
7.15833	10
7.16667	11
7.17500	11
7.18333	11
7.19167	11
7.20000	11
7.20833	11
7.21667	11
7.22500	11
7.23333	12
7.24167	12
7.25000	12
7.25833	12
7.26667	11
7.27500	11
7.28333	11
7.29167	10
7.30000	9
7.30833	8
7.31667	6
7.32500	3
7.33333	-2
7.34167	-10
7.35000	-22
7.35833	-39
7.36667	-66
7.37500	-104
7.38333	-158
7.39167	-231
7.40000	-328
7.40833	-452
7.41667	-605
7.42500	-790
7.43333	-1005
7.44167	-1250
7.45000	-1518
7.45833	-1804
7.46667	-2098
7.47500	-2391
7.48333	-2672
7.49167	-2929
7.50000	-3154
7.50833	-3339
7.51667	-3478
7.52500	-3567
7.53333	-3606
7.54167	-3595
7.55000	-3538
7.55833	-3441
7.56667	-3308
7.57500	-3147
7.58333	-2965
7.59167	-2769
7.60000	-2565
7.60833	-2358
7.61667	-2154
7.62500	-1956
7.63333	-1767
7.64167	-1589
7.65000	-1423
7.65833	-1270
7.66667	-1131
7.67500	-1004
7.68333	-891
7.69167	-789
7.70000	-698
7.70833	-616
7.71667	-544
7.72500	-479
7.73333	-422
7.74167	-372
7.75000	-326
7.75833	-286
7.76667	-251
7.77500	-219
7.78333	-191
7.79167	-166
7.80000	-144
7.80833	-125
7.81667	-108
7.82500	-92
7.83333	-79
7.84167	-67
7.85000	-57
7.85833	-48
7.86667	-40
7.87500	-33
7.88333	-27
7.89167	-22
7.90000	-16
7.90833	-11
7.91667	-7
7.92500	-3
7.93333	1
7.94167	5
7.95000	9
7.95833	14
7.96667	20
7.97500	26
7.98333	32
7.99167	39
8.00000	47
8.00833	56
8.01667	66
8.02500	76
8.03333	86
8.04167	96
8.05000	107
8.05833	118
8.06667	128
8.07500	138
8.08333	148
8.09167	157
8.10000	166
8.10833	173
8.11667	179
8.12500	183
8.13333	187
8.14167	189
8.15000	191
8.15833	191
8.16667	189
8.17500	187
8.18333	184
8.19167	179
8.20000	175
8.20833	169
8.21667	163
8.22500	156
8.23333	150
8.24167	143
8.25000	137
8.25833	131
8.26667	125
8.27500	118
8.28333	112
8.29167	107
8.30000	102
8.30833	97
8.31667	93
8.32500	89
8.33333	85
8.34167	81
8.35000	77
8.35833	73
8.36667	70
8.37500	67
8.38333	64
8.39167	61
8.40000	58
8.40833	56
8.41667	53
8.42500	51
8.43333	49
8.44167	47
8.45000	45
8.45833	44
8.46667	42
8.47500	41
8.48333	40
8.49167	39
8.50000	39
8.50833	38
8.51667	39
8.52500	39
8.53333	41
8.54167	44
8.55000	48
8.55833	52
8.56667	58
8.57500	66
8.58333	75
8.59167	86
8.60000	99
8.60833	116
8.61667	137
8.62500	162
8.63333	194
8.64167	233
8.65000	283
8.65833	344
8.66667	419
8.67500	513
8.68333	630
8.69167	775
8.70000	955
8.70833	1176
8.71667	1445
8.72500	1773
8.73333	2168
8.74167	2639
8.75000	3194
8.75833	3842
8.76667	4587
8.77500	5435
8.78333	6386
8.79167	7440
8.80000	8590
8.80833	9827
8.81667	11138
8.82500	12505
8.83333	13907
8.84167	15319
8.85000	16715
8.85833	18068
8.86667	19349
8.87500	20531
8.88333	21588
8.89167	22499
8.90000	23245
8.90833	23812
8.91667	24190
8.92500	24376
8.93333	24371
8.94167	24181
8.95000	23816
8.95833	23290
8.96667	22620
8.97500	21825
8.98333	20927
8.99167	19947
9.00000	18905
9.00833	17823
9.01667	16719
9.02500	15610
9.03333	14513
9.04167	13440
9.05000	12402
9.05833	11409
9.06667	10466
9.07500	9578
9.08333	8750
9.09167	7980
9.10000	7271
9.10833	6620
9.11667	6026
9.12500	5485
9.13333	4995
9.14167	4553
9.15000	4154
9.15833	3796
9.16667	3474
9.17500	3184
9.18333	2924
9.19167	2690
9.20000	2479
9.20833	2288
9.21667	2116
9.22500	1959
9.23333	1816
9.24167	1686
9.25000	1566
9.25833	1455
9.26667	1353
9.27500	1259
9.28333	1171
9.29167	1089
9.30000	1013
9.30833	941
9.31667	875
9.32500	813
9.33333	754
9.34167	700
9.35000	649
9.35833	602
9.36667	557
9.37500	516
9.38333	477
9.39167	441
9.40000	408
9.40833	377
9.41667	349
9.42500	322
9.43333	298
9.44167	275
9.45000	255
9.45833	236
9.46667	219
9.47500	203
9.48333	189
9.49167	176
9.50000	164
9.50833	153
9.51667	143
9.52500	134
9.53333	126
9.54167	119
9.55000	112
9.55833	106
9.56667	100
9.57500	95
9.58333	90
9.59167	86
9.60000	82
9.60833	79
9.61667	76
9.62500	73
9.63333	70
9.64167	67
9.65000	64
9.65833	62
9.66667	60
9.67500	58
9.68333	56
9.69167	54
9.70000	52
9.70833	51
9.71667	50
9.72500	49
9.73333	48
9.74167	47
9.75000	46
9.75833	45
9.76667	45
9.77500	44
9.78333	44
9.79167	43
9.80000	42
9.80833	41
9.81667	40
9.82500	40
9.83333	39
9.84167	38
9.85000	37
9.85833	36
9.86667	36
9.87500	35
9.88333	35
9.89167	35
9.90000	34
9.90833	34
9.91667	33
9.92500	33
9.93333	33
9.94167	32
9.95000	32
9.95833	31
9.96667	31
9.97500	31
9.98333	30
9.99167	30
10.00000	30
10.00833	29
10.01667	29
10.02500	29
10.03333	29
10.04167	28
10.05000	28
10.05833	28
10.06667	28
10.07500	28
10.08333	28
10.09167	28
10.10000	28
10.10833	28
10.11667	28
10.12500	27
10.13333	27
10.14167	27
10.15000	27
10.15833	27
10.16667	27
10.17500	26
10.18333	26
10.19167	26
10.20000	26
10.20833	26
10.21667	26
10.22500	26
10.23333	26
10.24167	27
10.25000	27
10.25833	27
10.26667	28
10.27500	28
10.28333	28
10.29167	28
10.30000	28
10.30833	28
10.31667	28
10.32500	28
10.33333	28
10.34167	27
10.35000	27
10.35833	27
10.36667	27
10.37500	27
10.38333	27
10.39167	27
10.40000	28
10.40833	28
10.41667	29
10.42500	29
10.43333	30
10.44167	30
10.45000	32
10.45833	33
10.46667	35
10.47500	38
10.48333	41
10.49167	44
10.50000	48
10.50833	53
10.51667	58
10.52500	64
10.53333	71
10.54167	80
10.55000	90
10.55833	102
10.56667	116
10.57500	133
10.58333	153
10.59167	176
10.60000	202
10.60833	233
10.61667	268
10.62500	309
10.63333	357
10.64167	414
10.65000	480
10.65833	558
10.66667	650
10.67500	759
10.68333	888
10.69167	1041
10.70000	1223
10.70833	1438
10.71667	1694
10.72500	1996
10.73333	2352
10.74167	2768
10.75000	3253
10.75833	3814
10.76667	4456
10.77500	5185
10.78333	6006
10.79167	6920
10.80000	7928
10.80833	9026
10.81667	10209
10.82500	11465
10.83333	12784
10.84167	14148
10.85000	15540
10.85833	16936
10.86667	18315
10.87500	19650
10.88333	20918
10.89167	22092
10.90000	23151
10.90833	24074
10.91667	24842
10.92500	25442
10.93333	25863
10.94167	26099
10.95000	26151
10.95833	26020
10.96667	25715
10.97500	25246
10.98333	24627
10.99167	23875
11.00000	23010
11.00833	22050
11.01667	21016
11.02500	19927
11.03333	18803
11.04167	17661
11.05000	16518
11.05833	15387
11.06667	14281
11.07500	13212
11.08333	12185
11.09167	11209
11.10000	10289
11.10833	9425
11.11667	8621
11.12500	7876
11.13333	7189
11.14167	6558
11.15000	5981
11.15833	5456
11.16667	4978
11.17500	4545
11.18333	4152
11.19167	3797
11.20000	3476
11.20833	3186
11.21667	2924
11.22500	2687
11.23333	2472
11.24167	2276
11.25000	2099
11.25833	1937
11.26667	1789
11.27500	1655
11.28333	1531
11.29167	1417
11.30000	1312
11.30833	1215
11.31667	1125
11.32500	1042
11.33333	964
11.34167	893
11.35000	826
11.35833	764
11.36667	707
11.37500	653
11.38333	604
11.39167	559
11.40000	516
11.40833	478
11.41667	442
11.42500	410
11.43333	380
11.44167	352
11.45000	327
11.45833	303
11.46667	282
11.47500	262
11.48333	245
11.49167	228
11.50000	214
11.50833	201
11.51667	189
11.52500	178
11.53333	168
11.54167	159
11.55000	151
11.55833	144
11.56667	138
11.57500	132
11.58333	127
11.59167	122
11.60000	118
11.60833	114
11.61667	110
11.62500	107
11.63333	104
11.64167	102
11.65000	100
11.65833	99
11.66667	98
11.67500	97
11.68333	97
11.69167	97
11.70000	97
11.70833	98
11.71667	99
11.72500	100
11.73333	102
11.74167	103
11.75000	104
11.75833	105
11.76667	106
11.77500	107
11.78333	108
11.79167	108
11.80000	108
11.80833	108
11.81667	108
11.82500	107
11.83333	106
11.84167	104
11.85000	102
11.85833	101
11.86667	99
11.87500	96
11.88333	94
11.89167	91
11.90000	88
11.90833	85
11.91667	82
11.92500	79
11.93333	76
11.94167	72
11.95000	69
11.95833	66
11.96667	64
11.97500	61
11.98333	58
11.99167	56
12.00000	54
12.00833	52
12.01667	50
12.02500	49
12.03333	47
12.04167	46
12.05000	45
12.05833	43
12.06667	42
12.07500	41
12.08333	40
12.09167	39
12.10000	38
12.10833	37
12.11667	36
12.12500	35
12.13333	35
12.14167	34
12.15000	34
12.15833	33
12.16667	33
12.17500	33
12.18333	33
12.19167	33
12.20000	32
12.20833	32
12.21667	31
12.22500	31
12.23333	30
12.24167	29
12.25000	29
12.25833	29
12.26667	30
12.27500	30
12.28333	30
12.29167	30
12.30000	30
12.30833	30
12.31667	30
12.32500	30
12.33333	30
12.34167	30
12.35000	29
12.35833	29
12.36667	28
12.37500	28
12.38333	28
12.39167	28
12.40000	28
12.40833	28
12.41667	28
12.42500	28
12.43333	28
12.44167	28
12.45000	28
12.45833	28
12.46667	27
12.47500	27
12.48333	27
12.49167	26
12.50000	26
12.50833	26
12.51667	26
12.52500	26
12.53333	26
12.54167	25
12.55000	25
12.55833	25
12.56667	24
12.57500	24
12.58333	24
12.59167	24
12.60000	24
12.60833	23
12.61667	23
12.62500	23
12.63333	23
12.64167	23
12.65000	23
12.65833	23
12.66667	22
12.67500	22
12.68333	22
12.69167	22
12.70000	22
12.70833	22
12.71667	22
12.72500	22
12.73333	22
12.74167	22
12.75000	22
12.75833	21
12.76667	21
12.77500	21
12.78333	21
12.79167	21
12.80000	21
12.80833	21
12.81667	22
12.82500	22
12.83333	21
12.84167	21
12.85000	21
12.85833	21
12.86667	22
12.87500	23
12.88333	23
12.89167	23
12.90000	23
12.90833	23
12.91667	23
12.92500	24
12.93333	24
12.94167	24
12.95000	24
12.95833	24
12.96667	24
12.97500	24
12.98333	24
12.99167	24
13.00000	24
13.00833	23
13.01667	23
13.02500	23
13.03333	23
13.04167	23
13.05000	23
13.05833	23
13.06667	22
13.07500	22
13.08333	22
13.09167	22
13.10000	23
13.10833	23
13.11667	23
13.12500	23
13.13333	23
13.14167	23
13.15000	23
13.15833	23
13.16667	23
13.17500	23
13.18333	23
13.19167	23
13.20000	24
13.20833	24
13.21667	24
13.22500	24
13.23333	24
13.24167	24
13.25000	24
13.25833	24
13.26667	24
13.27500	24
13.28333	24
13.29167	24
13.30000	25
13.30833	25
13.31667	26
13.32500	26
13.33333	27
13.34167	27
13.35000	28
13.35833	28
13.36667	29
13.37500	30
13.38333	31
13.39167	32
13.40000	34
13.40833	35
13.41667	38
13.42500	40
13.43333	42
13.44167	44
13.45000	46
13.45833	49
13.46667	51
13.47500	53
13.48333	55
13.49167	57
13.50000	59
13.50833	60
13.51667	62
13.52500	63
13.53333	64
13.54167	65
13.55000	66
13.55833	66
13.56667	66
13.57500	66
13.58333	66
13.59167	66
13.60000	65
13.60833	64
13.61667	63
13.62500	61
13.63333	60
13.64167	59
13.65000	57
13.65833	55
13.66667	53
13.67500	52
13.68333	50
13.69167	48
13.70000	46
13.70833	44
13.71667	43
13.72500	42
13.73333	41
13.74167	40
13.75000	38
13.75833	36
13.76667	35
13.77500	34
13.78333	33
13.79167	33
13.80000	32
13.80833	31
13.81667	30
13.82500	30
13.83333	29
13.84167	29
13.85000	28
13.85833	28
13.86667	28
13.87500	28
13.88333	27
13.89167	27
13.90000	27
13.90833	26
13.91667	26
13.92500	25
13.93333	25
13.94167	25
13.95000	24
13.95833	24
13.96667	23
13.97500	23
13.98333	23
13.99167	22
14.00000	22
14.00833	22
14.01667	22
14.02500	22
14.03333	22
14.04167	22
14.05000	22
14.05833	22
14.06667	22
14.07500	22
14.08333	22
14.09167	22
14.10000	22
14.10833	22
14.11667	23
14.12500	23
14.13333	24
14.14167	24
14.15000	24
14.15833	24
14.16667	24
14.17500	24
14.18333	24
14.19167	24
14.20000	24
14.20833	24
14.21667	24
14.22500	24
14.23333	24
14.24167	24
14.25000	24
14.25833	24
14.26667	24
14.27500	25
14.28333	25
14.29167	25
14.30000	25
14.30833	25
14.31667	25
14.32500	25
14.33333	26
14.34167	26
14.35000	26
14.35833	26
14.36667	26
14.37500	26
14.38333	26
14.39167	26
14.40000	26
14.40833	27
14.41667	27
14.42500	27
14.43333	27
14.44167	27
14.45000	28
14.45833	28
14.46667	28
14.47500	28
14.48333	29
14.49167	29
14.50000	29
14.50833	30
14.51667	30
14.52500	30
14.53333	31
14.54167	32
14.55000	32
14.55833	33
14.56667	33
14.57500	34
14.58333	34
14.59167	34
14.60000	35
14.60833	35
14.61667	36
14.62500	36
14.63333	37
14.64167	39
14.65000	40
14.65833	41
14.66667	41
14.67500	43
14.68333	44
14.69167	45
14.70000	46
14.70833	48
14.71667	50
14.72500	52
14.73333	54
14.74167	57
14.75000	60
14.75833	63
14.76667	67
14.77500	70
14.78333	74
14.79167	79
14.80000	84
14.80833	90
14.81667	96
14.82500	103
14.83333	110
14.84167	118
14.85000	127
14.85833	137
14.86667	149
14.87500	161
14.88333	174
14.89167	189
14.90000	206
14.90833	224
14.91667	245
14.92500	267
14.93333	292
14.94167	320
14.95000	351
14.95833	385
14.96667	423
14.97500	465
14.98333	513
14.99167	565
15.00000	625
15.00833	691
15.01667	766
15.02500	850
15.03333	944
15.04167	1050
15.05000	1168
15.05833	1301
15.06667	1450
15.07500	1615
15.08333	1800
15.09167	2003
15.10000	2228
15.10833	2475
15.11667	2744
15.12500	3035
15.13333	3349
15.14167	3684
15.15000	4040
15.15833	4415
15.16667	4807
15.17500	5213
15.18333	5630
15.19167	6054
15.20000	6480
15.20833	6903
15.21667	7319
15.22500	7722
15.23333	8106
15.24167	8468
15.25000	8801
15.25833	9100
15.26667	9362
15.27500	9583
15.28333	9760
15.29167	9890
15.30000	9972
15.30833	10005
15.31667	9990
15.32500	9928
15.33333	9820
15.34167	9669
15.35000	9478
15.35833	9252
15.36667	8993
15.37500	8707
15.38333	8397
15.39167	8068
15.40000	7726
15.40833	7374
15.41667	7017
15.42500	6658
15.43333	6302
15.44167	5951
15.45000	5608
15.45833	5276
15.46667	4957
15.47500	4652
15.48333	4362
15.49167	4089
15.50000	3833
15.50833	3593
15.51667	3371
15.52500	3166
15.53333	2977
15.54167	2804
15.55000	2646
15.55833	2502
15.56667	2372
15.57500	2255
15.58333	2150
15.59167	2056
15.60000	1973
15.60833	1900
15.61667	1836
15.62500	1780
15.63333	1733
15.64167	1693
15.65000	1659
15.65833	1633
15.66667	1611
15.67500	1595
15.68333	1584
15.69167	1578
15.70000	1576
15.70833	1578
15.71667	1584
15.72500	1593
15.73333	1607
15.74167	1624
15.75000	1643
15.75833	1666
15.76667	1691
15.77500	1719
15.78333	1750
15.79167	1784
15.80000	1819
15.80833	1857
15.81667	1897
15.82500	1939
15.83333	1983
15.84167	2029
15.85000	2076
15.85833	2124
15.86667	2174
15.87500	2225
15.88333	2278
15.89167	2331
15.90000	2385
15.90833	2441
15.91667	2496
15.92500	2552
15.93333	2609
15.94167	2666
15.95000	2723
15.95833	2780
15.96667	2838
15.97500	2895
15.98333	2951
15.99167	3008
16.00000	3063
16.00833	3117
16.01667	3170
16.02500	3223
16.03333	3275
16.04167	3325
16.05000	3374
16.05833	3421
16.06667	3467
16.07500	3511
16.08333	3553
16.09167	3593
16.10000	3631
16.10833	3667
16.11667	3700
16.12500	3731
16.13333	3761
16.14167	3787
16.15000	3811
16.15833	3832
16.16667	3851
16.17500	3866
16.18333	3880
16.19167	3891
16.20000	3899
16.20833	3904
16.21667	3907
16.22500	3907
16.23333	3904
16.24167	3899
16.25000	3890
16.25833	3879
16.26667	3866
16.27500	3850
16.28333	3831
16.29167	3810
16.30000	3786
16.30833	3760
16.31667	3732
16.32500	3701
16.33333	3668
16.34167	3633
16.35000	3596
16.35833	3558
16.36667	3517
16.37500	3474
16.38333	3430
16.39167	3384
16.40000	3337
16.40833	3288
16.41667	3239
16.42500	3188
16.43333	3137
16.44167	3084
16.45000	3031
16.45833	2976
16.46667	2921
16.47500	2865
16.48333	2808
16.49167	2751
16.50000	2694
16.50833	2637
16.51667	2579
16.52500	2521
16.53333	2463
16.54167	2405
16.55000	2346
16.55833	2288
16.56667	2231
16.57500	2173
16.58333	2116
16.59167	2060
16.60000	2004
16.60833	1948
16.61667	1893
16.62500	1839
16.63333	1785
16.64167	1732
16.65000	1680
16.65833	1629
16.66667	1579
16.67500	1530
16.68333	1481
16.69167	1433
16.70000	1386
16.70833	1340
16.71667	1295
16.72500	1251
16.73333	1208
16.74167	1165
16.75000	1124
16.75833	1084
16.76667	1045
16.77500	1007
16.78333	970
16.79167	935
16.80000	900
16.80833	866
16.81667	833
16.82500	802
16.83333	771
16.84167	741
16.85000	712
16.85833	685
16.86667	657
16.87500	631
16.88333	606
16.89167	581
16.90000	558
16.90833	536
16.91667	514
16.92500	494
16.93333	474
16.94167	454
16.95000	436
16.95833	418
16.96667	401
16.97500	385
16.98333	369
16.99167	354
17.00000	339
17.00833	325
17.01667	312
17.02500	299
17.03333	287
17.04167	275
17.05000	264
17.05833	254
17.06667	244
17.07500	234
17.08333	225
17.09167	216
17.10000	207
17.10833	199
17.11667	191
17.12500	184
17.13333	177
17.14167	170
17.15000	164
17.15833	159
17.16667	153
17.17500	148
17.18333	143
17.19167	138
17.20000	133
17.20833	128
17.21667	124
17.22500	120
17.23333	116
17.24167	112
17.25000	108
17.25833	105
17.26667	102
17.27500	99
17.28333	96
17.29167	93
17.30000	90
17.30833	88
17.31667	86
17.32500	84
17.33333	81
17.34167	79
17.35000	77
17.35833	75
17.36667	73
17.37500	72
17.38333	70
17.39167	68
17.40000	67
17.40833	66
17.41667	65
17.42500	63
17.43333	62
17.44167	61
17.45000	60
17.45833	59
17.46667	58
17.47500	57
17.48333	56
17.49167	56
17.50000	55
17.50833	55
17.51667	55
17.52500	55
17.53333	55
17.54167	56
17.55000	57
17.55833	58
17.56667	59
17.57500	60
17.58333	62
17.59167	64
17.60000	66
17.60833	68
17.61667	71
17.62500	75
17.63333	79
17.64167	83
17.65000	87
17.65833	93
17.66667	98
17.67500	105
17.68333	112
17.69167	121
17.70000	130
17.70833	140
17.71667	151
17.72500	164
17.73333	177
17.74167	192
17.75000	209
17.75833	227
17.76667	247
17.77500	269
17.78333	293
17.79167	320
17.80000	350
17.80833	383
17.81667	419
17.82500	459
17.83333	504
17.84167	553
17.85000	607
17.85833	667
17.86667	733
17.87500	805
17.88333	884
17.89167	971
17.90000	1066
17.90833	1169
17.91667	1281
17.92500	1403
17.93333	1534
17.94167	1676
17.95000	1826
17.95833	1987
17.96667	2157
17.97500	2337
17.98333	2524
17.99167	2719
18.00000	2921
18.00833	3128
18.01667	3339
18.02500	3552
18.03333	3766
18.04167	3979
18.05000	4188
18.05833	4392
18.06667	4589
18.07500	4777
18.08333	4953
18.09167	5116
18.10000	5263
18.10833	5394
18.11667	5506
18.12500	5598
18.13333	5670
18.14167	5720
18.15000	5748
18.15833	5754
18.16667	5738
18.17500	5700
18.18333	5642
18.19167	5564
18.20000	5468
18.20833	5354
18.21667	5224
18.22500	5079
18.23333	4923
18.24167	4756
18.25000	4580
18.25833	4397
18.26667	4209
18.27500	4018
18.28333	3825
18.29167	3631
18.30000	3438
18.30833	3248
18.31667	3062
18.32500	2881
18.33333	2705
18.34167	2535
18.35000	2371
18.35833	2215
18.36667	2066
18.37500	1924
18.38333	1790
18.39167	1663
18.40000	1544
18.40833	1433
18.41667	1329
18.42500	1232
18.43333	1141
18.44167	1057
18.45000	978
18.45833	906
18.46667	839
18.47500	777
18.48333	720
18.49167	668
18.50000	619
18.50833	574
18.51667	532
18.52500	493
18.53333	458
18.54167	425
18.55000	395
18.55833	367
18.56667	341
18.57500	317
18.58333	295
18.59167	275
18.60000	257
18.60833	239
18.61667	224
18.62500	209
18.63333	195
18.64167	183
18.65000	171
18.65833	160
18.66667	150
18.67500	141
18.68333	132
18.69167	125
18.70000	117
18.70833	111
18.71667	105
18.72500	99
18.73333	94
18.74167	89
18.75000	85
18.75833	80
18.76667	77
18.77500	74
18.78333	71
18.79167	68
18.80000	65
18.80833	63
18.81667	61
18.82500	59
18.83333	57
18.84167	56
18.85000	54
18.85833	53
18.86667	52
18.87500	50
18.88333	49
18.89167	48
18.90000	47
18.90833	46
18.91667	45
18.92500	45
18.93333	45
18.94167	44
18.95000	44
18.95833	44
18.96667	43
18.97500	43
18.98333	43
18.99167	42
19.00000	42
19.00833	41
19.01667	41
19.02500	41
19.03333	40
19.04167	40
19.05000	40
19.05833	39
19.06667	39
19.07500	39
19.08333	39
19.09167	38
19.10000	38
19.10833	38
19.11667	38
19.12500	38
19.13333	37
19.14167	37
19.15000	37
19.15833	38
19.16667	38
19.17500	37
19.18333	37
19.19167	36
19.20000	36
19.20833	36
19.21667	36
19.22500	36
19.23333	36
19.24167	36
19.25000	36
19.25833	36
19.26667	35
19.27500	35
19.28333	35
19.29167	35
19.30000	34
19.30833	34
19.31667	34
19.32500	35
19.33333	35
19.34167	35
19.35000	35
19.35833	35
19.36667	35
19.37500	35
19.38333	35
19.39167	35
19.40000	35
19.40833	35
19.41667	36
19.42500	36
19.43333	36
19.44167	36
19.45000	36
19.45833	36
19.46667	36
19.47500	35
19.48333	35
19.49167	34
19.50000	34
19.50833	34
19.51667	34
19.52500	35
19.53333	35
19.54167	35
19.55000	35
19.55833	35
19.56667	35
19.57500	35
19.58333	35
19.59167	35
19.60000	35
19.60833	34
19.61667	34
19.62500	34
19.63333	34
19.64167	34
19.65000	34
19.65833	34
19.66667	35
19.67500	35
19.68333	35
19.69167	35
19.70000	35
19.70833	35
19.71667	35
19.72500	35
19.73333	34
19.74167	34
19.75000	34
19.75833	34
19.76667	34
19.77500	34
19.78333	34
19.79167	34
19.80000	34
19.80833	33
19.81667	33
19.82500	33
19.83333	34
19.84167	34
19.85000	34
19.85833	34
19.86667	34
19.87500	34
19.88333	34
19.89167	34
19.90000	34
19.90833	34
19.91667	34
19.92500	34
19.93333	34
19.94167	34
19.95000	35
19.95833	34
19.96667	34
19.97500	34
19.98333	34
19.99167	34
20.00000	34
20.00833	33
20.01667	33
20.02500	33
20.03333	32
20.04167	32
20.05000	31
20.05833	31
20.06667	31
20.07500	31
20.08333	31
20.09167	31
20.10000	32
20.10833	32
20.11667	32
20.12500	32
20.13333	32
20.14167	32
20.15000	32
20.15833	32
20.16667	32
20.17500	32
20.18333	32
20.19167	31
20.20000	31
20.20833	31
20.21667	31
20.22500	31
20.23333	31
20.24167	32
20.25000	32
20.25833	32
20.26667	32
20.27500	32
20.28333	32
20.29167	32
20.30000	32
20.30833	31
20.31667	31
20.32500	31
20.33333	31
20.34167	31
20.35000	31
20.35833	31
20.36667	31
20.37500	31
20.38333	31
20.39167	30
20.40000	31
20.40833	30
20.41667	30
20.42500	30
20.43333	30
20.44167	30
20.45000	31
20.45833	31
20.46667	31
20.47500	32
20.48333	32
20.49167	32
20.50000	32
20.50833	32
20.51667	32
20.52500	33
20.53333	33
20.54167	33
20.55000	33
20.55833	33
20.56667	33
20.57500	33
20.58333	33
20.59167	33
20.60000	32
20.60833	32
20.61667	32
20.62500	32
20.63333	33
20.64167	33
20.65000	33
20.65833	33
20.66667	33
20.67500	33
20.68333	33
20.69167	33
20.70000	33
20.70833	33
20.71667	33
20.72500	33
20.73333	33
20.74167	33
20.75000	33
20.75833	33
20.76667	33
20.77500	33
20.78333	33
20.79167	33
20.80000	33
20.80833	33
20.81667	33
20.82500	33
20.83333	32
20.84167	32
20.85000	32
20.85833	32
20.86667	32
20.87500	32
20.88333	32
20.89167	32
20.90000	32
20.90833	32
20.91667	32
20.92500	32
20.93333	32
20.94167	33
20.95000	32
20.95833	32
20.96667	32
20.97500	32
20.98333	32
20.99167	32
21.00000	32
21.00833	32
21.01667	32
21.02500	32
21.03333	32
21.04167	32
21.05000	32
21.05833	32
21.06667	32
21.07500	32
21.08333	32
21.09167	32
21.10000	33
21.10833	33
21.11667	33
21.12500	33
21.13333	33
21.14167	33
21.15000	33
21.15833	33
21.16667	33
21.17500	33
21.18333	34
21.19167	34
21.20000	35
21.20833	35
21.21667	35
21.22500	35
21.23333	34
21.24167	34
21.25000	34
21.25833	34
21.26667	34
21.27500	34
21.28333	35
21.29167	35
21.30000	35
21.30833	35
21.31667	35
21.32500	35
21.33333	35
21.34167	34
21.35000	34
21.35833	34
21.36667	34
21.37500	35
21.38333	35
21.39167	35
21.40000	34
21.40833	33
21.41667	33
21.42500	32
21.43333	32
21.44167	32
21.45000	32
21.45833	33
21.46667	33
21.47500	33
21.48333	32
21.49167	32
21.50000	32
21.50833	32
21.51667	32
21.52500	32
21.53333	32
21.54167	32
21.55000	32
21.55833	32
21.56667	32
21.57500	32
21.58333	32
21.59167	32
21.60000	31
21.60833	31
21.61667	31
21.62500	31
21.63333	31
21.64167	31
21.65000	31
21.65833	31
21.66667	31
21.67500	31
21.68333	31
21.69167	31
21.70000	31
21.70833	31
21.71667	32
21.72500	32
21.73333	32
21.74167	32
21.75000	32
21.75833	33
21.76667	33
21.77500	33
21.78333	33
21.79167	33
21.80000	33
21.80833	33
21.81667	33
21.82500	33
21.83333	34
21.84167	34
21.85000	34
21.85833	34
21.86667	34
21.87500	34
21.88333	34
21.89167	34
21.90000	33
21.90833	33
21.91667	33
21.92500	34
21.93333	34
21.94167	33
21.95000	33
21.95833	33
21.96667	33
21.97500	33
21.98333	33
21.99167	34
22.00000	34
22.00833	34
22.01667	34
22.02500	34
22.03333	34
22.04167	34
22.05000	34
22.05833	34
22.06667	34
22.07500	34
22.08333	34
22.09167	34
22.10000	34
22.10833	34
22.11667	33
22.12500	33
22.13333	34
22.14167	34
22.15000	34
22.15833	33
22.16667	33
22.17500	34
22.18333	34
22.19167	34
22.20000	34
22.20833	34
22.21667	34
22.22500	34
22.23333	34
22.24167	34
22.25000	35
22.25833	35
22.26667	34
22.27500	34
22.28333	34
22.29167	34
22.30000	34
22.30833	33
22.31667	33
22.32500	32
22.33333	32
22.34167	31
22.35000	30
22.35833	30
22.36667	29
22.37500	29
22.38333	29
22.39167	28
22.40000	27
22.40833	26
22.41667	26
22.42500	25
22.43333	24
22.44167	23
22.45000	21
22.45833	19
22.46667	18
22.47500	16
22.48333	15
22.49167	14
22.50000	12
22.50833	10
22.51667	9
22.52500	7
22.53333	4
22.54167	2
22.55000	-0
22.55833	-3
22.56667	-6
22.57500	-9
22.58333	-11
22.59167	-14
22.60000	-17
22.60833	-20
22.61667	-23
22.62500	-26
22.63333	-29
22.64167	-32
22.65000	-35
22.65833	-38
22.66667	-41
22.67500	-45
22.68333	-48
22.69167	-51
22.70000	-54
22.70833	-58
22.71667	-61
22.72500	-64
22.73333	-67
22.74167	-70
22.75000	-73
22.75833	-76
22.76667	-78
22.77500	-81
22.78333	-83
22.79167	-85
22.80000	-86
22.80833	-88
22.81667	-89
22.82500	-90
22.83333	-90
22.84167	-91
22.85000	-91
22.85833	-91
22.86667	-91
22.87500	-91
22.88333	-90
22.89167	-89
22.90000	-88
22.90833	-87
22.91667	-85
22.92500	-83
22.93333	-81
22.94167	-79
22.95000	-76
22.95833	-74
22.96667	-71
22.97500	-68
22.98333	-66
22.99167	-63
23.00000	-60
23.00833	-57
23.01667	-54
23.02500	-51
23.03333	-48
23.04167	-45
23.05000	-42
23.05833	-39
23.06667	-36
23.07500	-33
23.08333	-30
23.09167	-27
23.10000	-24
23.10833	-21
23.11667	-19
23.12500	-16
23.13333	-14
23.14167	-11
23.15000	-9
23.15833	-6
23.16667	-3
23.17500	-1
23.18333	1
23.19167	3
23.20000	4
23.20833	6
23.21667	8
23.22500	9
23.23333	10
23.24167	12
23.25000	13
23.25833	15
23.26667	16
23.27500	17
23.28333	18
23.29167	19
23.30000	20
23.30833	21
23.31667	22
23.32500	23
23.33333	24
23.34167	25
23.35000	25
23.35833	26
23.36667	26
23.37500	27
23.38333	27
23.39167	28
23.40000	28
23.40833	28
23.41667	28
23.42500	28
23.43333	28
23.44167	28
23.45000	29
23.45833	29
23.46667	29
23.47500	29
23.48333	30
23.49167	30
23.50000	31
23.50833	31
23.51667	31
23.52500	31
23.53333	31
23.54167	31
23.55000	31
23.55833	31
23.56667	31
23.57500	31
23.58333	30
23.59167	30
23.60000	31
23.60833	31
23.61667	31
23.62500	31
23.63333	31
23.64167	31
23.65000	31
23.65833	31
23.66667	30
23.67500	31
23.68333	31
23.69167	31
23.70000	31
23.70833	30
23.71667	30
23.72500	30
23.73333	30
23.74167	30
23.75000	30
23.75833	31
23.76667	31
23.77500	32
23.78333	32
23.79167	32
23.80000	32
23.80833	32
23.81667	31
23.82500	31
23.83333	31
23.84167	31
23.85000	31
23.85833	31
23.86667	31
23.87500	32
23.88333	32
23.89167	32
23.90000	32
23.90833	33
23.91667	32
23.92500	32
23.93333	32
23.94167	32
23.95000	32
23.95833	32
23.96667	32
23.97500	32
23.98333	31
23.99167	31
24.00000	31
24.00833	31
24.01667	31
24.02500	31
24.03333	31
24.04167	30
24.05000	30
24.05833	30
24.06667	30
24.07500	29
24.08333	29
24.09167	28
24.10000	28
24.10833	27
24.11667	27
24.12500	27
24.13333	26
24.14167	26
24.15000	25
24.15833	24
24.16667	24
24.17500	23
24.18333	22
24.19167	22
24.20000	21
24.20833	20
24.21667	20
24.22500	20
24.23333	19
24.24167	18
24.25000	17
24.25833	16
24.26667	15
24.27500	14
24.28333	13
24.29167	11
24.30000	10
24.30833	9
24.31667	7
24.32500	6
24.33333	4
24.34167	3
24.35000	1
24.35833	-0
24.36667	-1
24.37500	-3
24.38333	-3
24.39167	-4
24.40000	-5
24.40833	-6
24.41667	-7
24.42500	-9
24.43333	-9
24.44167	-10
24.45000	-11
24.45833	-12
24.46667	-12
24.47500	-13
24.48333	-13
24.49167	-13
24.50000	-14
24.50833	-14
24.51667	-14
24.52500	-15
24.53333	-15
24.54167	-16
24.55000	-16
24.55833	-16
24.56667	-16
24.57500	-16
24.58333	-16
24.59167	-15
24.60000	-15
24.60833	-14
24.61667	-13
24.62500	-12
24.63333	-12
24.64167	-11
24.65000	-10
24.65833	-9
24.66667	-8
24.67500	-7
24.68333	-7
24.69167	-6
24.70000	-5
24.70833	-3
24.71667	-2
24.72500	-1
24.73333	1
24.74167	2
24.75000	4
24.75833	5
24.76667	7
24.77500	8
24.78333	9
24.79167	10
24.80000	11
24.80833	13
24.81667	14
24.82500	15
24.83333	16
24.84167	16
24.85000	18
24.85833	19
24.86667	20
24.87500	21
24.88333	22
24.89167	23
24.90000	25
24.90833	26
24.91667	27
24.92500	28
24.93333	28
24.94167	29
24.95000	29
24.95833	30
24.96667	30
24.97500	31
24.98333	31
24.99167	32
25.00000	33
25.00833	34
25.01667	34
25.02500	36
25.03333	36
25.04167	37
25.05000	38
25.05833	38
25.06667	39
25.07500	39
25.08333	40
25.09167	41
25.10000	41
25.10833	41
25.11667	42
25.12500	42
25.13333	42
25.14167	42
25.15000	42
25.15833	43
25.16667	43
25.17500	43
25.18333	44
25.19167	44
25.20000	45
25.20833	45
25.21667	45
25.22500	45
25.23333	45
25.24167	45
25.25000	45
25.25833	45
25.26667	46
25.27500	46
25.28333	46
25.29167	45
25.30000	45
25.30833	45
25.31667	44
25.32500	44
25.33333	44
25.34167	43
25.35000	43
25.35833	43
25.36667	43
25.37500	43
25.38333	43
25.39167	43
25.40000	43
25.40833	43
25.41667	43
25.42500	43
25.43333	43
25.44167	44
25.45000	44
25.45833	44
25.46667	44
25.47500	45
25.48333	45
25.49167	46
25.50000	46
25.50833	47
25.51667	48
25.52500	48
25.53333	49
25.54167	51
25.55000	51
25.55833	52
25.56667	53
25.57500	54
25.58333	55
25.59167	57
25.60000	59
25.60833	61
25.61667	63
25.62500	66
25.63333	68
25.64167	71
25.65000	74
25.65833	77
25.66667	80
25.67500	84
25.68333	88
25.69167	92
25.70000	97
25.70833	102
25.71667	107
25.72500	113
25.73333	119
25.74167	126
25.75000	133
25.75833	141
25.76667	150
25.77500	160
25.78333	170
25.79167	181
25.80000	193
25.80833	206
25.81667	220
25.82500	235
25.83333	251
25.84167	268
25.85000	287
25.85833	307
25.86667	328
25.87500	350
25.88333	375
25.89167	401
25.90000	429
25.90833	459
25.91667	491
25.92500	525
25.93333	562
25.94167	601
25.95000	643
25.95833	687
25.96667	735
25.97500	785
25.98333	839
25.99167	897
26.00000	958
26.00833	1024
26.01667	1094
26.02500	1169
26.03333	1249
26.04167	1335
26.05000	1426
26.05833	1523
26.06667	1627
26.07500	1738
26.08333	1856
26.09167	1982
26.10000	2116
26.10833	2258
26.11667	2410
26.12500	2572
26.13333	2744
26.14167	2927
26.15000	3122
26.15833	3328
26.16667	3546
26.17500	3778
26.18333	4022
26.19167	4281
26.20000	4554
26.20833	4841
26.21667	5142
26.22500	5458
26.23333	5789
26.24167	6134
26.25000	6494
26.25833	6868
26.26667	7257
26.27500	7658
26.28333	8072
26.29167	8497
26.30000	8933
26.30833	9378
26.31667	9832
26.32500	10293
26.33333	10759
26.34167	11229
26.35000	11699
26.35833	12169
26.36667	12637
26.37500	13099
26.38333	13555
26.39167	14001
26.40000	14435
26.40833	14855
26.41667	15258
26.42500	15644
26.43333	16008
26.44167	16350
26.45000	16668
26.45833	16959
26.46667	17222
26.47500	17456
26.48333	17659
26.49167	17831
26.50000	17970
26.50833	18076
26.51667	18148
26.52500	18187
26.53333	18193
26.54167	18164
26.55000	18103
26.55833	18009
26.56667	17884
26.57500	17728
26.58333	17542
26.59167	17328
26.60000	17088
26.60833	16822
26.61667	16533
26.62500	16222
26.63333	15891
26.64167	15542
26.65000	15176
26.65833	14796
26.66667	14403
26.67500	13999
26.68333	13586
26.69167	13166
26.70000	12740
26.70833	12311
26.71667	11880
26.72500	11448
26.73333	11017
26.74167	10588
26.75000	10162
26.75833	9741
26.76667	9327
26.77500	8919
26.78333	8519
26.79167	8128
26.80000	7746
26.80833	7374
26.81667	7012
26.82500	6661
26.83333	6322
26.84167	5994
26.85000	5678
26.85833	5374
26.86667	5083
26.87500	4802
26.88333	4534
26.89167	4277
26.90000	4032
26.90833	3799
26.91667	3577
26.92500	3366
26.93333	3166
26.94167	2976
26.95000	2796
26.95833	2626
26.96667	2465
26.97500	2313
26.98333	2169
26.99167	2034
27.00000	1907
27.00833	1787
27.01667	1674
27.02500	1568
27.03333	1469
27.04167	1376
27.05000	1289
27.05833	1206
27.06667	1129
27.07500	1058
27.08333	990
27.09167	927
27.10000	868
27.10833	813
27.11667	762
27.12500	714
27.13333	669
27.14167	627
27.15000	588
27.15833	551
27.16667	517
27.17500	485
27.18333	456
27.19167	428
27.20000	402
27.20833	378
27.21667	356
27.22500	335
27.23333	316
27.24167	298
27.25000	281
27.25833	265
27.26667	250
27.27500	236
27.28333	224
27.29167	212
27.30000	201
27.30833	190
27.31667	181
27.32500	172
27.33333	164
27.34167	156
27.35000	149
27.35833	143
27.36667	137
27.37500	131
27.38333	126
27.39167	121
27.40000	116
27.40833	112
27.41667	108
27.42500	104
27.43333	100
27.44167	97
27.45000	94
27.45833	91
27.46667	87
27.47500	85
27.48333	83
27.49167	81
27.50000	79
27.50833	77
27.51667	75
27.52500	74
27.53333	72
27.54167	71
27.55000	69
27.55833	68
27.56667	67
27.57500	66
27.58333	64
27.59167	63
27.60000	62
27.60833	61
27.61667	60
27.62500	59
27.63333	58
27.64167	57
27.65000	57
27.65833	56
27.66667	55
27.67500	54
27.68333	53
27.69167	52
27.70000	51
27.70833	50
27.71667	50
27.72500	49
27.73333	49
27.74167	48
27.75000	48
27.75833	47
27.76667	47
27.77500	47
27.78333	47
27.79167	46
27.80000	46
27.80833	45
27.81667	44
27.82500	44
27.83333	44
27.84167	43
27.85000	42
27.85833	42
27.86667	41
27.87500	41
27.88333	40
27.89167	40
27.90000	40
27.90833	39
27.91667	39
27.92500	39
27.93333	39
27.94167	39
27.95000	38
27.95833	37
27.96667	37
27.97500	36
27.98333	36
27.99167	36
28.00000	36

