R.Time (min)	Intensity
0.00000	-37
0.00833	-37
0.01667	-3
0.02500	-1
0.03333	-1
0.04167	-2
0.05000	-3
0.05833	-4
0.06667	-4
0.07500	-4
0.08333	-5
0.09167	-5
0.10000	-5
0.10833	-5
0.11667	-6
0.12500	-6
0.13333	-6
0.14167	-7
0.15000	-7
0.15833	-8
0.16667	-8
0.17500	-8
0.18333	-8
0.19167	-9
0.20000	-10
0.20833	-11
0.21667	-11
0.22500	-12
0.23333	-13
0.24167	-13
0.25000	-14
0.25833	-14
0.26667	-15
0.27500	-15
0.28333	-15
0.29167	-16
0.30000	-16
0.30833	-16
0.31667	-17
0.32500	-18
0.33333	-19
0.34167	-19
0.35000	-20
0.35833	-20
0.36667	-20
0.37500	-21
0.38333	-21
0.39167	-22
0.40000	-22
0.40833	-22
0.41667	-22
0.42500	-23
0.43333	-23
0.44167	-24
0.45000	-24
0.45833	-24
0.46667	-25
0.47500	-25
0.48333	-25
0.49167	-26
0.50000	-26
0.50833	-27
0.51667	-27
0.52500	-28
0.53333	-28
0.54167	-29
0.55000	-29
0.55833	-29
0.56667	-29
0.57500	-30
0.58333	-30
0.59167	-30
0.60000	-30
0.60833	-30
0.61667	-31
0.62500	-31
0.63333	-31
0.64167	-32
0.65000	-32
0.65833	-32
0.66667	-32
0.67500	-32
0.68333	-32
0.69167	-33
0.70000	-34
0.70833	-34
0.71667	-34
0.72500	-35
0.73333	-35
0.74167	-35
0.75000	-36
0.75833	-36
0.76667	-36
0.77500	-37
0.78333	-37
0.79167	-37
0.80000	-37
0.80833	-37
0.81667	-37
0.82500	-37
0.83333	-37
0.84167	-37
0.85000	-38
0.85833	-38
0.86667	-38
0.87500	-39
0.88333	-39
0.89167	-39
0.90000	-40
0.90833	-40
0.91667	-40
0.92500	-40
0.93333	-40
0.94167	-40
0.95000	-40
0.95833	-41
0.96667	-41
0.97500	-41
0.98333	-42
0.99167	-42
1.00000	-42
1.00833	-42
1.01667	-42
1.02500	-42
1.03333	-42
1.04167	-42
1.05000	-42
1.05833	-43
1.06667	-43
1.07500	-44
1.08333	-44
1.09167	-45
1.10000	-45
1.10833	-45
1.11667	-45
1.12500	-46
1.13333	-46
1.14167	-46
1.15000	-46
1.15833	-46
1.16667	-46
1.17500	-46
1.18333	-46
1.19167	-46
1.20000	-46
1.20833	-46
1.21667	-47
1.22500	-47
1.23333	-48
1.24167	-48
1.25000	-48
1.25833	-48
1.26667	-48
1.27500	-48
1.28333	-48
1.29167	-48
1.30000	-48
1.30833	-48
1.31667	-48
1.32500	-49
1.33333	-49
1.34167	-49
1.35000	-48
1.35833	-48
1.36667	-48
1.37500	-49
1.38333	-49
1.39167	-50
1.40000	-50
1.40833	-50
1.41667	-51
1.42500	-51
1.43333	-52
1.44167	-52
1.45000	-52
1.45833	-52
1.46667	-53
1.47500	-53
1.48333	-53
1.49167	-54
1.50000	-54
1.50833	-54
1.51667	-54
1.52500	-54
1.53333	-54
1.54167	-55
1.55000	-55
1.55833	-56
1.56667	-56
1.57500	-56
1.58333	-56
1.59167	-56
1.60000	-56
1.60833	-57
1.61667	-57
1.62500	-58
1.63333	-58
1.64167	-59
1.65000	-59
1.65833	-60
1.66667	-60
1.67500	-60
1.68333	-61
1.69167	-61
1.70000	-61
1.70833	-62
1.71667	-62
1.72500	-62
1.73333	-62
1.74167	-62
1.75000	-62
1.75833	-63
1.76667	-63
1.77500	-63
1.78333	-62
1.79167	-62
1.80000	-63
1.80833	-63
1.81667	-63
1.82500	-63
1.83333	-64
1.84167	-64
1.85000	-64
1.85833	-64
1.86667	-64
1.87500	-64
1.88333	-64
1.89167	-65
1.90000	-65
1.90833	-65
1.91667	-65
1.92500	-66
1.93333	-66
1.94167	-66
1.95000	-66
1.95833	-66
1.96667	-67
1.97500	-66
1.98333	-67
1.99167	-67
2.00000	-68
2.00833	-68
2.01667	-68
2.02500	-68
2.03333	-68
2.04167	-68
2.05000	-68
2.05833	-68
2.06667	-68
2.07500	-68
2.08333	-68
2.09167	-68
2.10000	-69
2.10833	-69
2.11667	-69
2.12500	-69
2.13333	-69
2.14167	-70
2.15000	-70
2.15833	-71
2.16667	-71
2.17500	-71
2.18333	-71
2.19167	-72
2.20000	-72
2.20833	-72
2.21667	-72
2.22500	-72
2.23333	-73
2.24167	-73
2.25000	-73
2.25833	-72
2.26667	-72
2.27500	-72
2.28333	-72
2.29167	-72
2.30000	-72
2.30833	-73
2.31667	-73
2.32500	-73
2.33333	-72
2.34167	-72
2.35000	-72
2.35833	-72
2.36667	-72
2.37500	-73
2.38333	-73
2.39167	-73
2.40000	-73
2.40833	-73
2.41667	-74
2.42500	-74
2.43333	-74
2.44167	-74
2.45000	-74
2.45833	-74
2.46667	-75
2.47500	-75
2.48333	-75
2.49167	-75
2.50000	-76
2.50833	-76
2.51667	-76
2.52500	-76
2.53333	-76
2.54167	-76
2.55000	-76
2.55833	-75
2.56667	-75
2.57500	-75
2.58333	-75
2.59167	-75
2.60000	-75
2.60833	-75
2.61667	-75
2.62500	-75
2.63333	-75
2.64167	-75
2.65000	-75
2.65833	-75
2.66667	-75
2.67500	-75
2.68333	-75
2.69167	-75
2.70000	-75
2.70833	-75
2.71667	-75
2.72500	-75
2.73333	-75
2.74167	-75
2.75000	-75
2.75833	-74
2.76667	-74
2.77500	-74
2.78333	-74
2.79167	-75
2.80000	-75
2.80833	-75
2.81667	-75
2.82500	-75
2.83333	-75
2.84167	-75
2.85000	-75
2.85833	-75
2.86667	-75
2.87500	-75
2.88333	-75
2.89167	-75
2.90000	-75
2.90833	-76
2.91667	-76
2.92500	-76
2.93333	-76
2.94167	-76
2.95000	-76
2.95833	-76
2.96667	-76
2.97500	-75
2.98333	-75
2.99167	-75
3.00000	-75
3.00833	-75
3.01667	-75
3.02500	-75
3.03333	-75
3.04167	-76
3.05000	-76
3.05833	-76
3.06667	-76
3.07500	-76
3.08333	-76
3.09167	-76
3.10000	-76
3.10833	-76
3.11667	-77
3.12500	-77
3.13333	-77
3.14167	-77
3.15000	-76
3.15833	-76
3.16667	-76
3.17500	-76
3.18333	-76
3.19167	-76
3.20000	-76
3.20833	-76
3.21667	-76
3.22500	-76
3.23333	-77
3.24167	-77
3.25000	-77
3.25833	-77
3.26667	-76
3.27500	-76
3.28333	-76
3.29167	-76
3.30000	-76
3.30833	-76
3.31667	-76
3.32500	-76
3.33333	-76
3.34167	-76
3.35000	-75
3.35833	-75
3.36667	-75
3.37500	-76
3.38333	-76
3.39167	-76
3.40000	-76
3.40833	-76
3.41667	-76
3.42500	-76
3.43333	-76
3.44167	-77
3.45000	-77
3.45833	-77
3.46667	-77
3.47500	-77
3.48333	-77
3.49167	-76
3.50000	-76
3.50833	-76
3.51667	-76
3.52500	-76
3.53333	-77
3.54167	-77
3.55000	-78
3.55833	-79
3.56667	-79
3.57500	-79
3.58333	-79
3.59167	-79
3.60000	-79
3.60833	-80
3.61667	-80
3.62500	-79
3.63333	-79
3.64167	-80
3.65000	-80
3.65833	-80
3.66667	-80
3.67500	-81
3.68333	-81
3.69167	-82
3.70000	-82
3.70833	-82
3.71667	-82
3.72500	-82
3.73333	-82
3.74167	-82
3.75000	-82
3.75833	-82
3.76667	-82
3.77500	-82
3.78333	-82
3.79167	-83
3.80000	-83
3.80833	-83
3.81667	-83
3.82500	-83
3.83333	-84
3.84167	-84
3.85000	-84
3.85833	-84
3.86667	-84
3.87500	-84
3.88333	-84
3.89167	-83
3.90000	-83
3.90833	-83
3.91667	-83
3.92500	-83
3.93333	-82
3.94167	-82
3.95000	-82
3.95833	-82
3.96667	-82
3.97500	-82
3.98333	-82
3.99167	-82
4.00000	-82
4.00833	-82
4.01667	-82
4.02500	-82
4.03333	-82
4.04167	-83
4.05000	-82
4.05833	-82
4.06667	-82
4.07500	-82
4.08333	-82
4.09167	-82
4.10000	-82
4.10833	-82
4.11667	-81
4.12500	-81
4.13333	-81
4.14167	-82
4.15000	-82
4.15833	-82
4.16667	-83
4.17500	-83
4.18333	-82
4.19167	-83
4.20000	-83
4.20833	-84
4.21667	-83
4.22500	-83
4.23333	-83
4.24167	-83
4.25000	-84
4.25833	-84
4.26667	-84
4.27500	-84
4.28333	-84
4.29167	-85
4.30000	-84
4.30833	-84
4.31667	-84
4.32500	-83
4.33333	-83
4.34167	-83
4.35000	-83
4.35833	-83
4.36667	-84
4.37500	-84
4.38333	-84
4.39167	-84
4.40000	-84
4.40833	-84
4.41667	-84
4.42500	-84
4.43333	-84
4.44167	-84
4.45000	-84
4.45833	-84
4.46667	-85
4.47500	-85
4.48333	-85
4.49167	-85
4.50000	-85
4.50833	-85
4.51667	-85
4.52500	-85
4.53333	-85
4.54167	-85
4.55000	-85
4.55833	-85
4.56667	-85
4.57500	-85
4.58333	-85
4.59167	-85
4.60000	-85
4.60833	-85
4.61667	-85
4.62500	-85
4.63333	-85
4.64167	-84
4.65000	-84
4.65833	-84
4.66667	-84
4.67500	-84
4.68333	-84
4.69167	-84
4.70000	-83
4.70833	-83
4.71667	-83
4.72500	-83
4.73333	-83
4.74167	-83
4.75000	-83
4.75833	-83
4.76667	-83
4.77500	-83
4.78333	-84
4.79167	-84
4.80000	-84
4.80833	-84
4.81667	-84
4.82500	-84
4.83333	-84
4.84167	-84
4.85000	-85
4.85833	-85
4.86667	-85
4.87500	-85
4.88333	-85
4.89167	-85
4.90000	-85
4.90833	-85
4.91667	-85
4.92500	-85
4.93333	-84
4.94167	-84
4.95000	-84
4.95833	-84
4.96667	-85
4.97500	-85
4.98333	-85
4.99167	-85
5.00000	-85
5.00833	-85
5.01667	-85
5.02500	-85
5.03333	-85
5.04167	-85
5.05000	-85
5.05833	-85
5.06667	-85
5.07500	-85
5.08333	-86
5.09167	-86
5.10000	-86
5.10833	-86
5.11667	-86
5.12500	-86
5.13333	-86
5.14167	-86
5.15000	-86
5.15833	-86
5.16667	-85
5.17500	-85
5.18333	-85
5.19167	-85
5.20000	-85
5.20833	-85
5.21667	-85
5.22500	-85
5.23333	-85
5.24167	-85
5.25000	-85
5.25833	-85
5.26667	-85
5.27500	-86
5.28333	-86
5.29167	-85
5.30000	-85
5.30833	-85
5.31667	-84
5.32500	-84
5.33333	-83
5.34167	-83
5.35000	-83
5.35833	-83
5.36667	-83
5.37500	-83
5.38333	-83
5.39167	-83
5.40000	-83
5.40833	-83
5.41667	-83
5.42500	-82
5.43333	-83
5.44167	-83
5.45000	-83
5.45833	-83
5.46667	-83
5.47500	-84
5.48333	-84
5.49167	-85
5.50000	-85
5.50833	-85
5.51667	-85
5.52500	-85
5.53333	-85
5.54167	-85
5.55000	-85
5.55833	-86
5.56667	-86
5.57500	-86
5.58333	-86
5.59167	-87
5.60000	-87
5.60833	-87
5.61667	-87
5.62500	-87
5.63333	-87
5.64167	-87
5.65000	-87
5.65833	-87
5.66667	-87
5.67500	-87
5.68333	-88
5.69167	-88
5.70000	-88
5.70833	-88
5.71667	-89
5.72500	-89
5.73333	-89
5.74167	-89
5.75000	-89
5.75833	-89
5.76667	-90
5.77500	-89
5.78333	-89
5.79167	-89
5.80000	-89
5.80833	-89
5.81667	-89
5.82500	-89
5.83333	-90
5.84167	-90
5.85000	-90
5.85833	-91
5.86667	-91
5.87500	-91
5.88333	-91
5.89167	-92
5.90000	-92
5.90833	-92
5.91667	-92
5.92500	-92
5.93333	-92
5.94167	-92
5.95000	-92
5.95833	-92
5.96667	-92
5.97500	-92
5.98333	-92
5.99167	-92
6.00000	-92
6.00833	-92
6.01667	-93
6.02500	-93
6.03333	-93
6.04167	-93
6.05000	-93
6.05833	-92
6.06667	-92
6.07500	-92
6.08333	-93
6.09167	-93
6.10000	-93
6.10833	-93
6.11667	-94
6.12500	-94
6.13333	-94
6.14167	-94
6.15000	-94
6.15833	-94
6.16667	-94
6.17500	-94
6.18333	-94
6.19167	-94
6.20000	-94
6.20833	-94
6.21667	-94
6.22500	-94
6.23333	-94
6.24167	-95
6.25000	-95
6.25833	-96
6.26667	-96
6.27500	-96
6.28333	-96
6.29167	-95
6.30000	-95
6.30833	-95
6.31667	-95
6.32500	-95
6.33333	-95
6.34167	-96
6.35000	-96
6.35833	-96
6.36667	-95
6.37500	-95
6.38333	-95
6.39167	-95
6.40000	-95
6.40833	-95
6.41667	-95
6.42500	-95
6.43333	-95
6.44167	-95
6.45000	-95
6.45833	-95
6.46667	-95
6.47500	-95
6.48333	-95
6.49167	-95
6.50000	-95
6.50833	-94
6.51667	-94
6.52500	-94
6.53333	-94
6.54167	-93
6.55000	-93
6.55833	-94
6.56667	-94
6.57500	-94
6.58333	-93
6.59167	-93
6.60000	-93
6.60833	-93
6.61667	-93
6.62500	-93
6.63333	-92
6.64167	-92
6.65000	-92
6.65833	-92
6.66667	-92
6.67500	-92
6.68333	-92
6.69167	-92
6.70000	-92
6.70833	-92
6.71667	-92
6.72500	-92
6.73333	-92
6.74167	-92
6.75000	-91
6.75833	-91
6.76667	-91
6.77500	-91
6.78333	-91
6.79167	-91
6.80000	-91
6.80833	-90
6.81667	-90
6.82500	-90
6.83333	-90
6.84167	-89
6.85000	-89
6.85833	-89
6.86667	-90
6.87500	-90
6.88333	-90
6.89167	-90
6.90000	-90
6.90833	-89
6.91667	-89
6.92500	-89
6.93333	-89
6.94167	-89
6.95000	-88
6.95833	-88
6.96667	-88
6.97500	-88
6.98333	-88
6.99167	-88
7.00000	-87
7.00833	-87
7.01667	-87
7.02500	-88
7.03333	-88
7.04167	-88
7.05000	-89
7.05833	-89
7.06667	-90
7.07500	-90
7.08333	-90
7.09167	-90
7.10000	-91
7.10833	-91
7.11667	-91
7.12500	-92
7.13333	-92
7.14167	-92
7.15000	-92
7.15833	-92
7.16667	-92
7.17500	-91
7.18333	-91
7.19167	-92
7.20000	-92
7.20833	-92
7.21667	-91
7.22500	-91
7.23333	-90
7.24167	-89
7.25000	-89
7.25833	-87
7.26667	-85
7.27500	-82
7.28333	-78
7.29167	-72
7.30000	-64
7.30833	-54
7.31667	-39
7.32500	-18
7.33333	9
7.34167	43
7.35000	87
7.35833	141
7.36667	206
7.37500	283
7.38333	368
7.39167	460
7.40000	555
7.40833	647
7.41667	731
7.42500	797
7.43333	840
7.44167	852
7.45000	825
7.45833	757
7.46667	646
7.47500	493
7.48333	303
7.49167	82
7.50000	-158
7.50833	-409
7.51667	-658
7.52500	-895
7.53333	-1110
7.54167	-1296
7.55000	-1448
7.55833	-1562
7.56667	-1639
7.57500	-1678
7.58333	-1684
7.59167	-1660
7.60000	-1611
7.60833	-1542
7.61667	-1458
7.62500	-1364
7.63333	-1264
7.64167	-1162
7.65000	-1059
7.65833	-959
7.66667	-864
7.67500	-773
7.68333	-689
7.69167	-611
7.70000	-540
7.70833	-475
7.71667	-416
7.72500	-363
7.73333	-316
7.74167	-273
7.75000	-235
7.75833	-202
7.76667	-173
7.77500	-148
7.78333	-126
7.79167	-108
7.80000	-92
7.80833	-79
7.81667	-69
7.82500	-60
7.83333	-54
7.84167	-49
7.85000	-45
7.85833	-42
7.86667	-40
7.87500	-39
7.88333	-38
7.89167	-38
7.90000	-38
7.90833	-38
7.91667	-37
7.92500	-35
7.93333	-33
7.94167	-30
7.95000	-26
7.95833	-21
7.96667	-14
7.97500	-5
7.98333	6
7.99167	18
8.00000	32
8.00833	49
8.01667	67
8.02500	86
8.03333	106
8.04167	127
8.05000	148
8.05833	169
8.06667	190
8.07500	210
8.08333	228
8.09167	245
8.10000	260
8.10833	273
8.11667	284
8.12500	291
8.13333	297
8.14167	299
8.15000	299
8.15833	296
8.16667	291
8.17500	283
8.18333	274
8.19167	263
8.20000	252
8.20833	239
8.21667	226
8.22500	212
8.23333	198
8.24167	184
8.25000	171
8.25833	157
8.26667	144
8.27500	131
8.28333	119
8.29167	108
8.30000	97
8.30833	87
8.31667	78
8.32500	69
8.33333	60
8.34167	52
8.35000	45
8.35833	38
8.36667	31
8.37500	24
8.38333	18
8.39167	12
8.40000	6
8.40833	1
8.41667	-4
8.42500	-9
8.43333	-14
8.44167	-18
8.45000	-22
8.45833	-26
8.46667	-28
8.47500	-31
8.48333	-32
8.49167	-33
8.50000	-33
8.50833	-32
8.51667	-30
8.52500	-27
8.53333	-22
8.54167	-15
8.55000	-7
8.55833	5
8.56667	19
8.57500	36
8.58333	58
8.59167	85
8.60000	119
8.60833	160
8.61667	210
8.62500	272
8.63333	349
8.64167	444
8.65000	562
8.65833	709
8.66667	890
8.67500	1116
8.68333	1395
8.69167	1740
8.70000	2164
8.70833	2685
8.71667	3318
8.72500	4083
8.73333	4998
8.74167	6082
8.75000	7352
8.75833	8824
8.76667	10509
8.77500	12412
8.78333	14534
8.79167	16867
8.80000	19396
8.80833	22096
8.81667	24934
8.82500	27869
8.83333	30853
8.84167	33831
8.85000	36745
8.85833	39534
8.86667	42139
8.87500	44503
8.88333	46575
8.89167	48311
8.90000	49676
8.90833	50646
8.91667	51206
8.92500	51353
8.93333	51097
8.94167	50457
8.95000	49458
8.95833	48137
8.96667	46533
8.97500	44691
8.98333	42657
8.99167	40475
9.00000	38193
9.00833	35851
9.01667	33490
9.02500	31145
9.03333	28844
9.04167	26613
9.05000	24473
9.05833	22439
9.06667	20522
9.07500	18729
9.08333	17064
9.09167	15528
9.10000	14119
9.10833	12832
9.11667	11662
9.12500	10603
9.13333	9647
9.14167	8786
9.15000	8013
9.15833	7318
9.16667	6695
9.17500	6137
9.18333	5635
9.19167	5183
9.20000	4776
9.20833	4409
9.21667	4075
9.22500	3772
9.23333	3496
9.24167	3242
9.25000	3008
9.25833	2792
9.26667	2592
9.27500	2405
9.28333	2231
9.29167	2068
9.30000	1916
9.30833	1774
9.31667	1640
9.32500	1516
9.33333	1399
9.34167	1289
9.35000	1187
9.35833	1091
9.36667	1002
9.37500	919
9.38333	842
9.39167	770
9.40000	704
9.40833	642
9.41667	586
9.42500	534
9.43333	486
9.44167	442
9.45000	402
9.45833	365
9.46667	331
9.47500	299
9.48333	271
9.49167	245
9.50000	222
9.50833	200
9.51667	180
9.52500	162
9.53333	145
9.54167	130
9.55000	116
9.55833	103
9.56667	91
9.57500	81
9.58333	71
9.59167	62
9.60000	54
9.60833	46
9.61667	40
9.62500	33
9.63333	27
9.64167	22
9.65000	17
9.65833	13
9.66667	8
9.67500	4
9.68333	1
9.69167	-3
9.70000	-6
9.70833	-9
9.71667	-12
9.72500	-15
9.73333	-17
9.74167	-20
9.75000	-22
9.75833	-24
9.76667	-27
9.77500	-28
9.78333	-30
9.79167	-32
9.80000	-34
9.80833	-35
9.81667	-36
9.82500	-37
9.83333	-39
9.84167	-39
9.85000	-40
9.85833	-41
9.86667	-42
9.87500	-43
9.88333	-44
9.89167	-44
9.90000	-45
9.90833	-46
9.91667	-46
9.92500	-47
9.93333	-47
9.94167	-48
9.95000	-49
9.95833	-49
9.96667	-50
9.97500	-50
9.98333	-51
9.99167	-52
10.00000	-52
10.00833	-53
10.01667	-53
10.02500	-53
10.03333	-54
10.04167	-54
10.05000	-55
10.05833	-55
10.06667	-55
10.07500	-56
10.08333	-56
10.09167	-56
10.10000	-57
10.10833	-57
10.11667	-58
10.12500	-59
10.13333	-59
10.14167	-59
10.15000	-59
10.15833	-59
10.16667	-59
10.17500	-59
10.18333	-59
10.19167	-59
10.20000	-60
10.20833	-60
10.21667	-60
10.22500	-61
10.23333	-61
10.24167	-61
10.25000	-61
10.25833	-61
10.26667	-61
10.27500	-62
10.28333	-62
10.29167	-62
10.30000	-62
10.30833	-62
10.31667	-62
10.32500	-62
10.33333	-62
10.34167	-62
10.35000	-62
10.35833	-62
10.36667	-62
10.37500	-61
10.38333	-61
10.39167	-61
10.40000	-60
10.40833	-59
10.41667	-58
10.42500	-56
10.43333	-54
10.44167	-52
10.45000	-49
10.45833	-45
10.46667	-41
10.47500	-36
10.48333	-29
10.49167	-22
10.50000	-12
10.50833	-1
10.51667	12
10.52500	27
10.53333	46
10.54167	67
10.55000	93
10.55833	122
10.56667	156
10.57500	196
10.58333	242
10.59167	296
10.60000	359
10.60833	433
10.61667	518
10.62500	617
10.63333	733
10.64167	869
10.65000	1029
10.65833	1218
10.66667	1440
10.67500	1703
10.68333	2014
10.69167	2384
10.70000	2823
10.70833	3342
10.71667	3955
10.72500	4676
10.73333	5520
10.74167	6503
10.75000	7640
10.75833	8945
10.76667	10430
10.77500	12103
10.78333	13972
10.79167	16036
10.80000	18291
10.80833	20727
10.81667	23325
10.82500	26062
10.83333	28907
10.84167	31821
10.85000	34761
10.85833	37680
10.86667	40525
10.87500	43244
10.88333	45784
10.89167	48094
10.90000	50129
10.90833	51847
10.91667	53216
10.92500	54211
10.93333	54817
10.94167	55027
10.95000	54847
10.95833	54288
10.96667	53374
10.97500	52132
10.98333	50596
10.99167	48807
11.00000	46806
11.00833	44636
11.01667	42340
11.02500	39959
11.03333	37533
11.04167	35098
11.05000	32686
11.05833	30324
11.06667	28035
11.07500	25838
11.08333	23749
11.09167	21775
11.10000	19925
11.10833	18202
11.11667	16606
11.12500	15135
11.13333	13786
11.14167	12553
11.15000	11431
11.15833	10413
11.16667	9490
11.17500	8656
11.18333	7903
11.19167	7223
11.20000	6610
11.20833	6057
11.21667	5557
11.22500	5104
11.23333	4693
11.24167	4320
11.25000	3980
11.25833	3669
11.26667	3385
11.27500	3124
11.28333	2884
11.29167	2663
11.30000	2459
11.30833	2270
11.31667	2094
11.32500	1931
11.33333	1780
11.34167	1640
11.35000	1510
11.35833	1389
11.36667	1277
11.37500	1173
11.38333	1077
11.39167	988
11.40000	906
11.40833	830
11.41667	760
11.42500	696
11.43333	637
11.44167	582
11.45000	533
11.45833	488
11.46667	447
11.47500	409
11.48333	375
11.49167	344
11.50000	316
11.50833	290
11.51667	267
11.52500	246
11.53333	228
11.54167	211
11.55000	195
11.55833	181
11.56667	168
11.57500	156
11.58333	146
11.59167	136
11.60000	128
11.60833	120
11.61667	113
11.62500	107
11.63333	102
11.64167	98
11.65000	94
11.65833	92
11.66667	90
11.67500	89
11.68333	89
11.69167	89
11.70000	89
11.70833	91
11.71667	93
11.72500	95
11.73333	98
11.74167	100
11.75000	103
11.75833	106
11.76667	108
11.77500	109
11.78333	110
11.79167	111
11.80000	111
11.80833	111
11.81667	109
11.82500	107
11.83333	104
11.84167	100
11.85000	96
11.85833	91
11.86667	85
11.87500	79
11.88333	73
11.89167	67
11.90000	60
11.90833	54
11.91667	47
11.92500	41
11.93333	34
11.94167	27
11.95000	21
11.95833	15
11.96667	10
11.97500	4
11.98333	-0
11.99167	-4
12.00000	-8
12.00833	-12
12.01667	-16
12.02500	-19
12.03333	-22
12.04167	-25
12.05000	-28
12.05833	-30
12.06667	-32
12.07500	-34
12.08333	-37
12.09167	-38
12.10000	-40
12.10833	-42
12.11667	-43
12.12500	-45
12.13333	-46
12.14167	-47
12.15000	-47
12.15833	-48
12.16667	-49
12.17500	-50
12.18333	-51
12.19167	-52
12.20000	-53
12.20833	-54
12.21667	-55
12.22500	-55
12.23333	-57
12.24167	-58
12.25000	-58
12.25833	-59
12.26667	-60
12.27500	-60
12.28333	-61
12.29167	-61
12.30000	-62
12.30833	-62
12.31667	-62
12.32500	-62
12.33333	-62
12.34167	-63
12.35000	-63
12.35833	-63
12.36667	-64
12.37500	-64
12.38333	-64
12.39167	-64
12.40000	-64
12.40833	-64
12.41667	-65
12.42500	-65
12.43333	-65
12.44167	-65
12.45000	-65
12.45833	-65
12.46667	-65
12.47500	-65
12.48333	-65
12.49167	-65
12.50000	-66
12.50833	-66
12.51667	-66
12.52500	-66
12.53333	-66
12.54167	-66
12.55000	-66
12.55833	-66
12.56667	-66
12.57500	-66
12.58333	-66
12.59167	-66
12.60000	-66
12.60833	-66
12.61667	-66
12.62500	-66
12.63333	-66
12.64167	-67
12.65000	-67
12.65833	-67
12.66667	-67
12.67500	-67
12.68333	-68
12.69167	-68
12.70000	-68
12.70833	-68
12.71667	-68
12.72500	-68
12.73333	-69
12.74167	-69
12.75000	-70
12.75833	-70
12.76667	-70
12.77500	-70
12.78333	-70
12.79167	-70
12.80000	-70
12.80833	-69
12.81667	-69
12.82500	-69
12.83333	-69
12.84167	-69
12.85000	-68
12.85833	-68
12.86667	-68
12.87500	-68
12.88333	-68
12.89167	-68
12.90000	-68
12.90833	-68
12.91667	-68
12.92500	-69
12.93333	-70
12.94167	-70
12.95000	-70
12.95833	-70
12.96667	-70
12.97500	-69
12.98333	-69
12.99167	-69
13.00000	-69
13.00833	-69
13.01667	-69
13.02500	-69
13.03333	-69
13.04167	-70
13.05000	-70
13.05833	-71
13.06667	-71
13.07500	-71
13.08333	-71
13.09167	-71
13.10000	-71
13.10833	-70
13.11667	-70
13.12500	-69
13.13333	-69
13.14167	-69
13.15000	-70
13.15833	-70
13.16667	-71
13.17500	-71
13.18333	-71
13.19167	-71
13.20000	-71
13.20833	-71
13.21667	-70
13.22500	-70
13.23333	-70
13.24167	-70
13.25000	-70
13.25833	-70
13.26667	-70
13.27500	-70
13.28333	-70
13.29167	-70
13.30000	-70
13.30833	-69
13.31667	-69
13.32500	-68
13.33333	-67
13.34167	-66
13.35000	-65
13.35833	-64
13.36667	-63
13.37500	-62
13.38333	-61
13.39167	-60
13.40000	-59
13.40833	-58
13.41667	-56
13.42500	-54
13.43333	-52
13.44167	-50
13.45000	-47
13.45833	-45
13.46667	-43
13.47500	-41
13.48333	-40
13.49167	-39
13.50000	-37
13.50833	-36
13.51667	-35
13.52500	-33
13.53333	-32
13.54167	-31
13.55000	-31
13.55833	-31
13.56667	-31
13.57500	-31
13.58333	-32
13.59167	-33
13.60000	-35
13.60833	-36
13.61667	-37
13.62500	-38
13.63333	-39
13.64167	-40
13.65000	-41
13.65833	-42
13.66667	-43
13.67500	-45
13.68333	-46
13.69167	-48
13.70000	-50
13.70833	-52
13.71667	-54
13.72500	-56
13.73333	-57
13.74167	-58
13.75000	-59
13.75833	-60
13.76667	-60
13.77500	-60
13.78333	-60
13.79167	-61
13.80000	-62
13.80833	-63
13.81667	-63
13.82500	-64
13.83333	-65
13.84167	-66
13.85000	-66
13.85833	-66
13.86667	-66
13.87500	-66
13.88333	-66
13.89167	-67
13.90000	-66
13.90833	-66
13.91667	-66
13.92500	-67
13.93333	-67
13.94167	-68
13.95000	-69
13.95833	-69
13.96667	-69
13.97500	-69
13.98333	-69
13.99167	-69
14.00000	-69
14.00833	-68
14.01667	-68
14.02500	-68
14.03333	-68
14.04167	-68
14.05000	-69
14.05833	-69
14.06667	-69
14.07500	-70
14.08333	-71
14.09167	-71
14.10000	-71
14.10833	-71
14.11667	-70
14.12500	-70
14.13333	-69
14.14167	-68
14.15000	-68
14.15833	-67
14.16667	-67
14.17500	-67
14.18333	-67
14.19167	-67
14.20000	-68
14.20833	-68
14.21667	-69
14.22500	-69
14.23333	-70
14.24167	-70
14.25000	-70
14.25833	-69
14.26667	-68
14.27500	-67
14.28333	-66
14.29167	-66
14.30000	-65
14.30833	-65
14.31667	-65
14.32500	-65
14.33333	-65
14.34167	-65
14.35000	-66
14.35833	-66
14.36667	-66
14.37500	-66
14.38333	-66
14.39167	-66
14.40000	-66
14.40833	-66
14.41667	-65
14.42500	-64
14.43333	-63
14.44167	-62
14.45000	-61
14.45833	-60
14.46667	-59
14.47500	-59
14.48333	-58
14.49167	-58
14.50000	-58
14.50833	-58
14.51667	-58
14.52500	-57
14.53333	-57
14.54167	-56
14.55000	-56
14.55833	-55
14.56667	-55
14.57500	-54
14.58333	-52
14.59167	-51
14.60000	-49
14.60833	-48
14.61667	-46
14.62500	-44
14.63333	-42
14.64167	-40
14.65000	-37
14.65833	-34
14.66667	-32
14.67500	-29
14.68333	-26
14.69167	-23
14.70000	-20
14.70833	-16
14.71667	-12
14.72500	-8
14.73333	-3
14.74167	2
14.75000	8
14.75833	15
14.76667	22
14.77500	30
14.78333	40
14.79167	50
14.80000	61
14.80833	74
14.81667	88
14.82500	104
14.83333	121
14.84167	140
14.85000	161
14.85833	184
14.86667	209
14.87500	237
14.88333	268
14.89167	303
14.90000	341
14.90833	383
14.91667	429
14.92500	479
14.93333	536
14.94167	599
14.95000	668
14.95833	746
14.96667	833
14.97500	929
14.98333	1038
14.99167	1159
15.00000	1296
15.00833	1449
15.01667	1620
15.02500	1813
15.03333	2028
15.04167	2270
15.05000	2541
15.05833	2844
15.06667	3181
15.07500	3556
15.08333	3971
15.09167	4429
15.10000	4931
15.10833	5479
15.11667	6073
15.12500	6714
15.13333	7401
15.14167	8132
15.15000	8904
15.15833	9712
15.16667	10552
15.17500	11415
15.18333	12296
15.19167	13185
15.20000	14072
15.20833	14948
15.21667	15800
15.22500	16620
15.23333	17395
15.24167	18113
15.25000	18767
15.25833	19345
15.26667	19841
15.27500	20246
15.28333	20554
15.29167	20764
15.30000	20872
15.30833	20878
15.31667	20784
15.32500	20593
15.33333	20309
15.34167	19938
15.35000	19488
15.35833	18966
15.36667	18383
15.37500	17746
15.38333	17067
15.39167	16354
15.40000	15617
15.40833	14866
15.41667	14109
15.42500	13354
15.43333	12608
15.44167	11877
15.45000	11167
15.45833	10482
15.46667	9827
15.47500	9204
15.48333	8615
15.49167	8062
15.50000	7545
15.50833	7064
15.51667	6619
15.52500	6209
15.53333	5833
15.54167	5490
15.55000	5179
15.55833	4897
15.56667	4643
15.57500	4416
15.58333	4214
15.59167	4034
15.60000	3875
15.60833	3736
15.61667	3616
15.62500	3512
15.63333	3424
15.64167	3350
15.65000	3290
15.65833	3242
15.66667	3206
15.67500	3181
15.68333	3166
15.69167	3160
15.70000	3164
15.70833	3176
15.71667	3196
15.72500	3224
15.73333	3259
15.74167	3300
15.75000	3349
15.75833	3403
15.76667	3464
15.77500	3530
15.78333	3602
15.79167	3678
15.80000	3758
15.80833	3843
15.81667	3932
15.82500	4025
15.83333	4121
15.84167	4221
15.85000	4324
15.85833	4430
15.86667	4538
15.87500	4648
15.88333	4760
15.89167	4874
15.90000	4989
15.90833	5106
15.91667	5223
15.92500	5342
15.93333	5460
15.94167	5578
15.95000	5696
15.95833	5814
15.96667	5930
15.97500	6045
15.98333	6158
15.99167	6270
16.00000	6379
16.00833	6486
16.01667	6590
16.02500	6691
16.03333	6789
16.04167	6883
16.05000	6974
16.05833	7061
16.06667	7143
16.07500	7222
16.08333	7296
16.09167	7366
16.10000	7431
16.10833	7491
16.11667	7546
16.12500	7595
16.13333	7640
16.14167	7679
16.15000	7714
16.15833	7743
16.16667	7766
16.17500	7784
16.18333	7796
16.19167	7803
16.20000	7804
16.20833	7800
16.21667	7791
16.22500	7776
16.23333	7756
16.24167	7731
16.25000	7700
16.25833	7664
16.26667	7624
16.27500	7579
16.28333	7529
16.29167	7475
16.30000	7417
16.30833	7355
16.31667	7289
16.32500	7219
16.33333	7146
16.34167	7069
16.35000	6988
16.35833	6905
16.36667	6819
16.37500	6730
16.38333	6638
16.39167	6544
16.40000	6447
16.40833	6348
16.41667	6247
16.42500	6144
16.43333	6040
16.44167	5933
16.45000	5826
16.45833	5717
16.46667	5607
16.47500	5497
16.48333	5386
16.49167	5274
16.50000	5162
16.50833	5050
16.51667	4938
16.52500	4826
16.53333	4714
16.54167	4602
16.55000	4491
16.55833	4380
16.56667	4270
16.57500	4161
16.58333	4052
16.59167	3945
16.60000	3839
16.60833	3733
16.61667	3629
16.62500	3526
16.63333	3424
16.64167	3324
16.65000	3224
16.65833	3127
16.66667	3030
16.67500	2935
16.68333	2841
16.69167	2750
16.70000	2661
16.70833	2573
16.71667	2487
16.72500	2403
16.73333	2320
16.74167	2239
16.75000	2160
16.75833	2083
16.76667	2009
16.77500	1936
16.78333	1865
16.79167	1796
16.80000	1729
16.80833	1663
16.81667	1599
16.82500	1538
16.83333	1478
16.84167	1420
16.85000	1364
16.85833	1309
16.86667	1257
16.87500	1205
16.88333	1156
16.89167	1108
16.90000	1062
16.90833	1018
16.91667	974
16.92500	932
16.93333	892
16.94167	853
16.95000	816
16.95833	779
16.96667	745
16.97500	711
16.98333	679
16.99167	649
17.00000	620
17.00833	591
17.01667	564
17.02500	538
17.03333	513
17.04167	490
17.05000	467
17.05833	446
17.06667	425
17.07500	405
17.08333	386
17.09167	368
17.10000	351
17.10833	334
17.11667	318
17.12500	303
17.13333	288
17.14167	274
17.15000	261
17.15833	248
17.16667	236
17.17500	224
17.18333	213
17.19167	202
17.20000	193
17.20833	183
17.21667	174
17.22500	165
17.23333	156
17.24167	149
17.25000	141
17.25833	134
17.26667	127
17.27500	121
17.28333	115
17.29167	110
17.30000	105
17.30833	100
17.31667	95
17.32500	90
17.33333	86
17.34167	82
17.35000	78
17.35833	75
17.36667	71
17.37500	68
17.38333	65
17.39167	62
17.40000	59
17.40833	56
17.41667	54
17.42500	52
17.43333	50
17.44167	47
17.45000	45
17.45833	44
17.46667	42
17.47500	41
17.48333	40
17.49167	40
17.50000	40
17.50833	40
17.51667	41
17.52500	42
17.53333	43
17.54167	45
17.55000	47
17.55833	50
17.56667	53
17.57500	57
17.58333	62
17.59167	67
17.60000	72
17.60833	78
17.61667	85
17.62500	93
17.63333	101
17.64167	111
17.65000	121
17.65833	133
17.66667	146
17.67500	161
17.68333	178
17.69167	196
17.70000	216
17.70833	239
17.71667	263
17.72500	290
17.73333	319
17.74167	352
17.75000	389
17.75833	429
17.76667	473
17.77500	522
17.78333	576
17.79167	636
17.80000	703
17.80833	776
17.81667	857
17.82500	946
17.83333	1044
17.84167	1153
17.85000	1273
17.85833	1405
17.86667	1549
17.87500	1708
17.88333	1883
17.89167	2073
17.90000	2280
17.90833	2505
17.91667	2748
17.92500	3011
17.93333	3293
17.94167	3594
17.95000	3915
17.95833	4255
17.96667	4613
17.97500	4988
17.98333	5378
17.99167	5780
18.00000	6195
18.00833	6617
18.01667	7043
18.02500	7470
18.03333	7895
18.04167	8313
18.05000	8721
18.05833	9113
18.06667	9487
18.07500	9838
18.08333	10162
18.09167	10456
18.10000	10715
18.10833	10938
18.11667	11122
18.12500	11264
18.13333	11363
18.14167	11419
18.15000	11431
18.15833	11400
18.16667	11326
18.17500	11211
18.18333	11057
18.19167	10866
18.20000	10641
18.20833	10384
18.21667	10100
18.22500	9791
18.23333	9460
18.24167	9112
18.25000	8751
18.25833	8379
18.26667	7999
18.27500	7616
18.28333	7232
18.29167	6850
18.30000	6473
18.30833	6102
18.31667	5740
18.32500	5388
18.33333	5049
18.34167	4722
18.35000	4410
18.35833	4111
18.36667	3828
18.37500	3560
18.38333	3306
18.39167	3068
18.40000	2844
18.40833	2635
18.41667	2440
18.42500	2258
18.43333	2089
18.44167	1932
18.45000	1787
18.45833	1652
18.46667	1528
18.47500	1413
18.48333	1306
18.49167	1208
18.50000	1117
18.50833	1034
18.51667	957
18.52500	887
18.53333	821
18.54167	761
18.55000	705
18.55833	654
18.56667	607
18.57500	564
18.58333	524
18.59167	487
18.60000	452
18.60833	421
18.61667	392
18.62500	364
18.63333	339
18.64167	317
18.65000	296
18.65833	276
18.66667	258
18.67500	242
18.68333	226
18.69167	212
18.70000	199
18.70833	187
18.71667	176
18.72500	166
18.73333	157
18.74167	149
18.75000	141
18.75833	134
18.76667	127
18.77500	121
18.78333	115
18.79167	110
18.80000	106
18.80833	102
18.81667	98
18.82500	94
18.83333	91
18.84167	89
18.85000	87
18.85833	85
18.86667	84
18.87500	82
18.88333	80
18.89167	79
18.90000	78
18.90833	76
18.91667	75
18.92500	75
18.93333	74
18.94167	73
18.95000	72
18.95833	71
18.96667	71
18.97500	70
18.98333	70
18.99167	69
19.00000	69
19.00833	68
19.01667	68
19.02500	67
19.03333	67
19.04167	67
19.05000	67
19.05833	67
19.06667	67
19.07500	67
19.08333	67
19.09167	67
19.10000	67
19.10833	67
19.11667	67
19.12500	66
19.13333	67
19.14167	67
19.15000	68
19.15833	68
19.16667	69
19.17500	69
19.18333	70
19.19167	70
19.20000	71
19.20833	71
19.21667	71
19.22500	72
19.23333	72
19.24167	72
19.25000	73
19.25833	73
19.26667	73
19.27500	73
19.28333	73
19.29167	73
19.30000	73
19.30833	73
19.31667	73
19.32500	73
19.33333	74
19.34167	74
19.35000	74
19.35833	75
19.36667	75
19.37500	76
19.38333	76
19.39167	76
19.40000	77
19.40833	77
19.41667	78
19.42500	79
19.43333	79
19.44167	79
19.45000	80
19.45833	80
19.46667	80
19.47500	81
19.48333	81
19.49167	82
19.50000	82
19.50833	83
19.51667	84
19.52500	84
19.53333	85
19.54167	86
19.55000	86
19.55833	86
19.56667	87
19.57500	87
19.58333	87
19.59167	88
19.60000	88
19.60833	88
19.61667	89
19.62500	90
19.63333	91
19.64167	91
19.65000	92
19.65833	92
19.66667	93
19.67500	93
19.68333	93
19.69167	94
19.70000	94
19.70833	95
19.71667	95
19.72500	95
19.73333	95
19.74167	95
19.75000	95
19.75833	96
19.76667	96
19.77500	96
19.78333	96
19.79167	96
19.80000	97
19.80833	97
19.81667	98
19.82500	98
19.83333	98
19.84167	99
19.85000	99
19.85833	99
19.86667	99
19.87500	100
19.88333	101
19.89167	102
19.90000	102
19.90833	103
19.91667	103
19.92500	103
19.93333	103
19.94167	104
19.95000	104
19.95833	105
19.96667	106
19.97500	107
19.98333	107
19.99167	108
20.00000	109
20.00833	109
20.01667	110
20.02500	110
20.03333	111
20.04167	111
20.05000	112
20.05833	112
20.06667	113
20.07500	114
20.08333	114
20.09167	115
20.10000	115
20.10833	116
20.11667	116
20.12500	116
20.13333	117
20.14167	118
20.15000	119
20.15833	119
20.16667	119
20.17500	120
20.18333	120
20.19167	120
20.20000	121
20.20833	122
20.21667	122
20.22500	123
20.23333	123
20.24167	123
20.25000	124
20.25833	124
20.26667	124
20.27500	125
20.28333	125
20.29167	126
20.30000	126
20.30833	127
20.31667	127
20.32500	127
20.33333	128
20.34167	128
20.35000	129
20.35833	129
20.36667	130
20.37500	130
20.38333	131
20.39167	131
20.40000	132
20.40833	132
20.41667	133
20.42500	133
20.43333	133
20.44167	134
20.45000	134
20.45833	134
20.46667	134
20.47500	134
20.48333	135
20.49167	136
20.50000	137
20.50833	137
20.51667	138
20.52500	139
20.53333	140
20.54167	140
20.55000	141
20.55833	142
20.56667	142
20.57500	143
20.58333	143
20.59167	144
20.60000	145
20.60833	145
20.61667	146
20.62500	147
20.63333	147
20.64167	147
20.65000	148
20.65833	148
20.66667	149
20.67500	149
20.68333	150
20.69167	151
20.70000	151
20.70833	152
20.71667	152
20.72500	153
20.73333	153
20.74167	154
20.75000	154
20.75833	154
20.76667	155
20.77500	155
20.78333	155
20.79167	156
20.80000	156
20.80833	156
20.81667	157
20.82500	157
20.83333	158
20.84167	158
20.85000	158
20.85833	159
20.86667	159
20.87500	159
20.88333	159
20.89167	160
20.90000	160
20.90833	161
20.91667	161
20.92500	162
20.93333	163
20.94167	163
20.95000	163
20.95833	164
20.96667	164
20.97500	164
20.98333	165
20.99167	165
21.00000	166
21.00833	167
21.01667	168
21.02500	168
21.03333	169
21.04167	170
21.05000	171
21.05833	171
21.06667	172
21.07500	172
21.08333	173
21.09167	174
21.10000	175
21.10833	176
21.11667	176
21.12500	177
21.13333	178
21.14167	178
21.15000	178
21.15833	179
21.16667	179
21.17500	180
21.18333	181
21.19167	182
21.20000	182
21.20833	182
21.21667	183
21.22500	184
21.23333	184
21.24167	185
21.25000	185
21.25833	186
21.26667	186
21.27500	186
21.28333	187
21.29167	187
21.30000	188
21.30833	188
21.31667	188
21.32500	189
21.33333	189
21.34167	189
21.35000	189
21.35833	189
21.36667	189
21.37500	189
21.38333	189
21.39167	189
21.40000	190
21.40833	191
21.41667	191
21.42500	191
21.43333	192
21.44167	192
21.45000	192
21.45833	193
21.46667	193
21.47500	193
21.48333	193
21.49167	194
21.50000	194
21.50833	194
21.51667	195
21.52500	196
21.53333	196
21.54167	197
21.55000	197
21.55833	197
21.56667	197
21.57500	197
21.58333	198
21.59167	198
21.60000	198
21.60833	198
21.61667	198
21.62500	198
21.63333	199
21.64167	199
21.65000	199
21.65833	199
21.66667	199
21.67500	200
21.68333	200
21.69167	201
21.70000	201
21.70833	201
21.71667	201
21.72500	201
21.73333	202
21.74167	202
21.75000	203
21.75833	203
21.76667	204
21.77500	204
21.78333	204
21.79167	204
21.80000	205
21.80833	205
21.81667	205
21.82500	205
21.83333	205
21.84167	205
21.85000	205
21.85833	205
21.86667	205
21.87500	206
21.88333	206
21.89167	206
21.90000	206
21.90833	206
21.91667	206
21.92500	206
21.93333	207
21.94167	206
21.95000	206
21.95833	207
21.96667	207
21.97500	207
21.98333	207
21.99167	207
22.00000	208
22.00833	208
22.01667	208
22.02500	208
22.03333	208
22.04167	208
22.05000	208
22.05833	208
22.06667	208
22.07500	208
22.08333	208
22.09167	209
22.10000	209
22.10833	208
22.11667	208
22.12500	208
22.13333	208
22.14167	209
22.15000	209
22.15833	209
22.16667	209
22.17500	209
22.18333	209
22.19167	209
22.20000	209
22.20833	209
22.21667	210
22.22500	210
22.23333	210
22.24167	210
22.25000	210
22.25833	210
22.26667	210
22.27500	209
22.28333	209
22.29167	209
22.30000	209
22.30833	209
22.31667	209
22.32500	209
22.33333	209
22.34167	208
22.35000	208
22.35833	207
22.36667	207
22.37500	207
22.38333	207
22.39167	206
22.40000	206
22.40833	205
22.41667	204
22.42500	203
22.43333	202
22.44167	200
22.45000	199
22.45833	198
22.46667	197
22.47500	196
22.48333	195
22.49167	193
22.50000	192
22.50833	190
22.51667	188
22.52500	187
22.53333	185
22.54167	183
22.55000	181
22.55833	179
22.56667	176
22.57500	174
22.58333	171
22.59167	169
22.60000	167
22.60833	164
22.61667	162
22.62500	160
22.63333	158
22.64167	155
22.65000	152
22.65833	149
22.66667	146
22.67500	143
22.68333	141
22.69167	138
22.70000	135
22.70833	132
22.71667	129
22.72500	127
22.73333	124
22.74167	122
22.75000	120
22.75833	118
22.76667	116
22.77500	115
22.78333	113
22.79167	113
22.80000	111
22.80833	111
22.81667	110
22.82500	110
22.83333	110
22.84167	110
22.85000	110
22.85833	111
22.86667	112
22.87500	113
22.88333	114
22.89167	115
22.90000	116
22.90833	117
22.91667	119
22.92500	121
22.93333	122
22.94167	124
22.95000	127
22.95833	129
22.96667	132
22.97500	134
22.98333	137
22.99167	140
23.00000	142
23.00833	145
23.01667	148
23.02500	151
23.03333	154
23.04167	158
23.05000	161
23.05833	164
23.06667	166
23.07500	169
23.08333	171
23.09167	174
23.10000	176
23.10833	179
23.11667	181
23.12500	183
23.13333	185
23.14167	187
23.15000	189
23.15833	191
23.16667	194
23.17500	196
23.18333	198
23.19167	199
23.20000	201
23.20833	203
23.21667	205
23.22500	206
23.23333	207
23.24167	208
23.25000	209
23.25833	210
23.26667	211
23.27500	212
23.28333	213
23.29167	214
23.30000	216
23.30833	217
23.31667	217
23.32500	218
23.33333	218
23.34167	218
23.35000	218
23.35833	219
23.36667	220
23.37500	220
23.38333	220
23.39167	221
23.40000	222
23.40833	222
23.41667	223
23.42500	223
23.43333	223
23.44167	224
23.45000	224
23.45833	224
23.46667	224
23.47500	224
23.48333	225
23.49167	225
23.50000	226
23.50833	226
23.51667	226
23.52500	226
23.53333	226
23.54167	227
23.55000	227
23.55833	227
23.56667	227
23.57500	227
23.58333	227
23.59167	227
23.60000	227
23.60833	227
23.61667	227
23.62500	227
23.63333	227
23.64167	227
23.65000	227
23.65833	228
23.66667	228
23.67500	228
23.68333	228
23.69167	228
23.70000	228
23.70833	228
23.71667	228
23.72500	228
23.73333	228
23.74167	228
23.75000	228
23.75833	227
23.76667	228
23.77500	227
23.78333	227
23.79167	227
23.80000	227
23.80833	227
23.81667	227
23.82500	227
23.83333	227
23.84167	227
23.85000	226
23.85833	226
23.86667	226
23.87500	226
23.88333	226
23.89167	226
23.90000	225
23.90833	225
23.91667	225
23.92500	224
23.93333	224
23.94167	224
23.95000	224
23.95833	224
23.96667	224
23.97500	224
23.98333	223
23.99167	223
24.00000	223
24.00833	222
24.01667	221
24.02500	221
24.03333	220
24.04167	220
24.05000	219
24.05833	219
24.06667	218
24.07500	218
24.08333	217
24.09167	216
24.10000	215
24.10833	215
24.11667	215
24.12500	215
24.13333	214
24.14167	213
24.15000	213
24.15833	213
24.16667	212
24.17500	211
24.18333	210
24.19167	210
24.20000	209
24.20833	208
24.21667	207
24.22500	206
24.23333	205
24.24167	204
24.25000	203
24.25833	201
24.26667	200
24.27500	199
24.28333	198
24.29167	196
24.30000	195
24.30833	194
24.31667	193
24.32500	191
24.33333	190
24.34167	190
24.35000	189
24.35833	187
24.36667	186
24.37500	185
24.38333	184
24.39167	182
24.40000	181
24.40833	179
24.41667	178
24.42500	177
24.43333	176
24.44167	175
24.45000	174
24.45833	174
24.46667	173
24.47500	172
24.48333	171
24.49167	171
24.50000	170
24.50833	170
24.51667	170
24.52500	169
24.53333	168
24.54167	168
24.55000	167
24.55833	167
24.56667	167
24.57500	166
24.58333	166
24.59167	166
24.60000	166
24.60833	167
24.61667	167
24.62500	167
24.63333	167
24.64167	167
24.65000	167
24.65833	168
24.66667	168
24.67500	168
24.68333	169
24.69167	169
24.70000	170
24.70833	170
24.71667	171
24.72500	172
24.73333	172
24.74167	173
24.75000	173
24.75833	174
24.76667	174
24.77500	174
24.78333	175
24.79167	175
24.80000	176
24.80833	176
24.81667	177
24.82500	178
24.83333	178
24.84167	179
24.85000	179
24.85833	180
24.86667	180
24.87500	181
24.88333	182
24.89167	182
24.90000	183
24.90833	183
24.91667	184
24.92500	185
24.93333	186
24.94167	186
24.95000	186
24.95833	187
24.96667	187
24.97500	188
24.98333	189
24.99167	189
25.00000	190
25.00833	190
25.01667	190
25.02500	191
25.03333	192
25.04167	192
25.05000	193
25.05833	193
25.06667	194
25.07500	194
25.08333	195
25.09167	195
25.10000	195
25.10833	195
25.11667	195
25.12500	196
25.13333	196
25.14167	196
25.15000	196
25.15833	196
25.16667	196
25.17500	196
25.18333	195
25.19167	195
25.20000	195
25.20833	195
25.21667	195
25.22500	195
25.23333	194
25.24167	194
25.25000	194
25.25833	193
25.26667	193
25.27500	192
25.28333	192
25.29167	191
25.30000	191
25.30833	191
25.31667	190
25.32500	190
25.33333	189
25.34167	188
25.35000	187
25.35833	187
25.36667	186
25.37500	185
25.38333	184
25.39167	183
25.40000	182
25.40833	181
25.41667	180
25.42500	179
25.43333	179
25.44167	179
25.45000	179
25.45833	178
25.46667	178
25.47500	178
25.48333	178
25.49167	178
25.50000	178
25.50833	179
25.51667	179
25.52500	180
25.53333	181
25.54167	182
25.55000	184
25.55833	186
25.56667	188
25.57500	191
25.58333	194
25.59167	198
25.60000	201
25.60833	205
25.61667	209
25.62500	213
25.63333	218
25.64167	224
25.65000	230
25.65833	237
25.66667	244
25.67500	253
25.68333	262
25.69167	272
25.70000	283
25.70833	294
25.71667	307
25.72500	320
25.73333	335
25.74167	351
25.75000	368
25.75833	387
25.76667	407
25.77500	429
25.78333	453
25.79167	478
25.80000	505
25.80833	534
25.81667	566
25.82500	599
25.83333	636
25.84167	675
25.85000	717
25.85833	762
25.86667	810
25.87500	861
25.88333	916
25.89167	974
25.90000	1037
25.90833	1105
25.91667	1177
25.92500	1254
25.93333	1336
25.94167	1424
25.95000	1518
25.95833	1619
25.96667	1726
25.97500	1841
25.98333	1963
25.99167	2094
26.00000	2234
26.00833	2383
26.01667	2543
26.02500	2713
26.03333	2895
26.04167	3090
26.05000	3298
26.05833	3520
26.06667	3757
26.07500	4011
26.08333	4281
26.09167	4570
26.10000	4878
26.10833	5206
26.11667	5557
26.12500	5930
26.13333	6327
26.14167	6750
26.15000	7198
26.15833	7675
26.16667	8180
26.17500	8713
26.18333	9278
26.19167	9873
26.20000	10499
26.20833	11156
26.21667	11845
26.22500	12565
26.23333	13316
26.24167	14097
26.25000	14906
26.25833	15743
26.26667	16604
26.27500	17489
26.28333	18395
26.29167	19318
26.30000	20255
26.30833	21203
26.31667	22158
26.32500	23116
26.33333	24072
26.34167	25021
26.35000	25960
26.35833	26883
26.36667	27785
26.37500	28661
26.38333	29507
26.39167	30317
26.40000	31087
26.40833	31814
26.41667	32493
26.42500	33119
26.43333	33691
26.44167	34206
26.45000	34660
26.45833	35051
26.46667	35378
26.47500	35640
26.48333	35835
26.49167	35965
26.50000	36028
26.50833	36025
26.51667	35957
26.52500	35826
26.53333	35633
26.54167	35380
26.55000	35070
26.55833	34704
26.56667	34286
26.57500	33817
26.58333	33302
26.59167	32744
26.60000	32145
26.60833	31509
26.61667	30840
26.62500	30141
26.63333	29416
26.64167	28667
26.65000	27899
26.65833	27114
26.66667	26314
26.67500	25505
26.68333	24689
26.69167	23868
26.70000	23045
26.70833	22223
26.71667	21404
26.72500	20591
26.73333	19786
26.74167	18991
26.75000	18206
26.75833	17434
26.76667	16677
26.77500	15936
26.78333	15212
26.79167	14507
26.80000	13821
26.80833	13155
26.81667	12509
26.82500	11885
26.83333	11281
26.84167	10700
26.85000	10140
26.85833	9601
26.86667	9085
26.87500	8590
26.88333	8115
26.89167	7662
26.90000	7230
26.90833	6818
26.91667	6425
26.92500	6053
26.93333	5698
26.94167	5362
26.95000	5044
26.95833	4742
26.96667	4457
26.97500	4187
26.98333	3932
26.99167	3691
27.00000	3465
27.00833	3251
27.01667	3050
27.02500	2861
27.03333	2683
27.04167	2516
27.05000	2359
27.05833	2212
27.06667	2074
27.07500	1944
27.08333	1823
27.09167	1709
27.10000	1602
27.10833	1503
27.11667	1409
27.12500	1322
27.13333	1240
27.14167	1164
27.15000	1092
27.15833	1025
27.16667	963
27.17500	905
27.18333	851
27.19167	800
27.20000	753
27.20833	709
27.21667	668
27.22500	629
27.23333	594
27.24167	560
27.25000	528
27.25833	499
27.26667	471
27.27500	446
27.28333	422
27.29167	400
27.30000	380
27.30833	361
27.31667	342
27.32500	326
27.33333	310
27.34167	295
27.35000	282
27.35833	269
27.36667	257
27.37500	246
27.38333	235
27.39167	225
27.40000	216
27.40833	207
27.41667	199
27.42500	191
27.43333	184
27.44167	177
27.45000	171
27.45833	165
27.46667	159
27.47500	154
27.48333	149
27.49167	144
27.50000	140
27.50833	136
27.51667	132
27.52500	128
27.53333	124
27.54167	121
27.55000	118
27.55833	115
27.56667	112
27.57500	110
27.58333	106
27.59167	104
27.60000	101
27.60833	99
27.61667	97
27.62500	95
27.63333	93
27.64167	91
27.65000	89
27.65833	88
27.66667	86
27.67500	84
27.68333	83
27.69167	82
27.70000	81
27.70833	79
27.71667	78
27.72500	77
27.73333	76
27.74167	75
27.75000	74
27.75833	73
27.76667	72
27.77500	71
27.78333	70
27.79167	69
27.80000	68
27.80833	67
27.81667	66
27.82500	65
27.83333	65
27.84167	64
27.85000	63
27.85833	62
27.86667	61
27.87500	60
27.88333	59
27.89167	58
27.90000	57
27.90833	56
27.91667	55
27.92500	54
27.93333	54
27.94167	54
27.95000	53
27.95833	53
27.96667	52
27.97500	51
27.98333	50
27.99167	50
28.00000	49

