R.Time (min)	Intensity
0.00000	5
0.00833	5
0.01667	0
0.02500	0
0.03333	0
0.04167	0
0.05000	0
0.05833	-0
0.06667	-1
0.07500	-1
0.08333	-1
0.09167	-1
0.10000	-1
0.10833	-1
0.11667	-1
0.12500	-1
0.13333	-0
0.14167	0
0.15000	1
0.15833	1
0.16667	1
0.17500	2
0.18333	2
0.19167	2
0.20000	2
0.20833	3
0.21667	2
0.22500	2
0.23333	3
0.24167	3
0.25000	3
0.25833	4
0.26667	4
0.27500	4
0.28333	4
0.29167	4
0.30000	3
0.30833	3
0.31667	4
0.32500	4
0.33333	4
0.34167	4
0.35000	4
0.35833	4
0.36667	4
0.37500	5
0.38333	5
0.39167	5
0.40000	6
0.40833	6
0.41667	6
0.42500	5
0.43333	5
0.44167	5
0.45000	6
0.45833	6
0.46667	6
0.47500	6
0.48333	6
0.49167	6
0.50000	6
0.50833	6
0.51667	6
0.52500	6
0.53333	6
0.54167	6
0.55000	6
0.55833	7
0.56667	6
0.57500	6
0.58333	6
0.59167	6
0.60000	6
0.60833	6
0.61667	7
0.62500	7
0.63333	7
0.64167	7
0.65000	7
0.65833	7
0.66667	7
0.67500	8
0.68333	8
0.69167	8
0.70000	8
0.70833	8
0.71667	8
0.72500	8
0.73333	8
0.74167	8
0.75000	8
0.75833	8
0.76667	8
0.77500	8
0.78333	9
0.79167	9
0.80000	9
0.80833	9
0.81667	10
0.82500	10
0.83333	10
0.84167	10
0.85000	10
0.85833	10
0.86667	10
0.87500	10
0.88333	11
0.89167	11
0.90000	11
0.90833	12
0.91667	12
0.92500	12
0.93333	12
0.94167	13
0.95000	13
0.95833	13
0.96667	13
0.97500	13
0.98333	13
0.99167	13
1.00000	13
1.00833	13
1.01667	13
1.02500	12
1.03333	12
1.04167	13
1.05000	13
1.05833	13
1.06667	13
1.07500	14
1.08333	14
1.09167	14
1.10000	13
1.10833	13
1.11667	12
1.12500	12
1.13333	12
1.14167	11
1.15000	12
1.15833	12
1.16667	12
1.17500	12
1.18333	12
1.19167	12
1.20000	12
1.20833	12
1.21667	12
1.22500	12
1.23333	12
1.24167	12
1.25000	12
1.25833	12
1.26667	12
1.27500	12
1.28333	12
1.29167	12
1.30000	12
1.30833	12
1.31667	12
1.32500	12
1.33333	12
1.34167	12
1.35000	12
1.35833	12
1.36667	12
1.37500	11
1.38333	11
1.39167	11
1.40000	11
1.40833	11
1.41667	11
1.42500	11
1.43333	10
1.44167	10
1.45000	10
1.45833	10
1.46667	10
1.47500	10
1.48333	11
1.49167	11
1.50000	11
1.50833	11
1.51667	11
1.52500	11
1.53333	11
1.54167	10
1.55000	10
1.55833	11
1.56667	11
1.57500	11
1.58333	11
1.59167	11
1.60000	12
1.60833	12
1.61667	12
1.62500	11
1.63333	11
1.64167	11
1.65000	12
1.65833	12
1.66667	12
1.67500	12
1.68333	12
1.69167	13
1.70000	13
1.70833	13
1.71667	13
1.72500	14
1.73333	14
1.74167	14
1.75000	14
1.75833	14
1.76667	13
1.77500	13
1.78333	13
1.79167	13
1.80000	13
1.80833	13
1.81667	13
1.82500	13
1.83333	13
1.84167	13
1.85000	13
1.85833	13
1.86667	13
1.87500	13
1.88333	13
1.89167	12
1.90000	12
1.90833	12
1.91667	12
1.92500	13
1.93333	13
1.94167	13
1.95000	13
1.95833	13
1.96667	13
1.97500	12
1.98333	12
1.99167	12
2.00000	12
2.00833	12
2.01667	12
2.02500	11
2.03333	11
2.04167	10
2.05000	10
2.05833	10
2.06667	10
2.07500	10
2.08333	10
2.09167	10
2.10000	10
2.10833	10
2.11667	10
2.12500	10
2.13333	10
2.14167	10
2.15000	10
2.15833	10
2.16667	9
2.17500	9
2.18333	9
2.19167	9
2.20000	9
2.20833	9
2.21667	9
2.22500	9
2.23333	9
2.24167	9
2.25000	9
2.25833	8
2.26667	8
2.27500	8
2.28333	8
2.29167	8
2.30000	8
2.30833	9
2.31667	9
2.32500	9
2.33333	8
2.34167	8
2.35000	8
2.35833	7
2.36667	7
2.37500	7
2.38333	7
2.39167	7
2.40000	7
2.40833	7
2.41667	6
2.42500	6
2.43333	6
2.44167	7
2.45000	7
2.45833	7
2.46667	7
2.47500	8
2.48333	8
2.49167	8
2.50000	8
2.50833	8
2.51667	9
2.52500	9
2.53333	9
2.54167	9
2.55000	9
2.55833	9
2.56667	8
2.57500	8
2.58333	8
2.59167	8
2.60000	8
2.60833	8
2.61667	8
2.62500	7
2.63333	7
2.64167	8
2.65000	8
2.65833	8
2.66667	8
2.67500	8
2.68333	7
2.69167	7
2.70000	7
2.70833	7
2.71667	7
2.72500	7
2.73333	7
2.74167	7
2.75000	7
2.75833	6
2.76667	6
2.77500	6
2.78333	5
2.79167	5
2.80000	5
2.80833	5
2.81667	5
2.82500	5
2.83333	5
2.84167	4
2.85000	4
2.85833	4
2.86667	3
2.87500	3
2.88333	3
2.89167	2
2.90000	2
2.90833	2
2.91667	2
2.92500	2
2.93333	2
2.94167	2
2.95000	2
2.95833	2
2.96667	2
2.97500	2
2.98333	1
2.99167	1
3.00000	1
3.00833	0
3.01667	0
3.02500	0
3.03333	0
3.04167	0
3.05000	1
3.05833	1
3.06667	1
3.07500	1
3.08333	1
3.09167	1
3.10000	1
3.10833	1
3.11667	1
3.12500	2
3.13333	2
3.14167	2
3.15000	2
3.15833	2
3.16667	2
3.17500	2
3.18333	2
3.19167	3
3.20000	3
3.20833	3
3.21667	3
3.22500	3
3.23333	3
3.24167	3
3.25000	3
3.25833	3
3.26667	4
3.27500	4
3.28333	4
3.29167	4
3.30000	4
3.30833	4
3.31667	4
3.32500	4
3.33333	4
3.34167	4
3.35000	4
3.35833	3
3.36667	3
3.37500	3
3.38333	3
3.39167	3
3.40000	3
3.40833	3
3.41667	3
3.42500	3
3.43333	3
3.44167	3
3.45000	3
3.45833	3
3.46667	2
3.47500	2
3.48333	2
3.49167	2
3.50000	2
3.50833	2
3.51667	2
3.52500	2
3.53333	2
3.54167	2
3.55000	2
3.55833	2
3.56667	2
3.57500	2
3.58333	2
3.59167	2
3.60000	2
3.60833	2
3.61667	3
3.62500	3
3.63333	3
3.64167	3
3.65000	3
3.65833	3
3.66667	3
3.67500	3
3.68333	4
3.69167	4
3.70000	4
3.70833	4
3.71667	5
3.72500	6
3.73333	7
3.74167	7
3.75000	8
3.75833	8
3.76667	8
3.77500	8
3.78333	7
3.79167	7
3.80000	7
3.80833	7
3.81667	8
3.82500	8
3.83333	8
3.84167	9
3.85000	9
3.85833	9
3.86667	10
3.87500	10
3.88333	10
3.89167	10
3.90000	10
3.90833	11
3.91667	11
3.92500	11
3.93333	11
3.94167	11
3.95000	11
3.95833	11
3.96667	11
3.97500	12
3.98333	12
3.99167	12
4.00000	13
4.00833	13
4.01667	13
4.02500	13
4.03333	13
4.04167	12
4.05000	12
4.05833	11
4.06667	11
4.07500	11
4.08333	11
4.09167	11
4.10000	11
4.10833	11
4.11667	11
4.12500	10
4.13333	10
4.14167	10
4.15000	10
4.15833	10
4.16667	10
4.17500	10
4.18333	10
4.19167	9
4.20000	9
4.20833	9
4.21667	9
4.22500	9
4.23333	9
4.24167	9
4.25000	9
4.25833	9
4.26667	9
4.27500	9
4.28333	9
4.29167	10
4.30000	10
4.30833	10
4.31667	10
4.32500	10
4.33333	10
4.34167	10
4.35000	10
4.35833	10
4.36667	10
4.37500	10
4.38333	10
4.39167	10
4.40000	10
4.40833	10
4.41667	10
4.42500	10
4.43333	10
4.44167	10
4.45000	10
4.45833	10
4.46667	10
4.47500	10
4.48333	11
4.49167	11
4.50000	11
4.50833	11
4.51667	11
4.52500	11
4.53333	11
4.54167	11
4.55000	11
4.55833	11
4.56667	11
4.57500	11
4.58333	12
4.59167	12
4.60000	12
4.60833	12
4.61667	12
4.62500	12
4.63333	12
4.64167	12
4.65000	13
4.65833	13
4.66667	13
4.67500	13
4.68333	13
4.69167	13
4.70000	13
4.70833	13
4.71667	13
4.72500	13
4.73333	13
4.74167	13
4.75000	14
4.75833	14
4.76667	15
4.77500	15
4.78333	15
4.79167	15
4.80000	15
4.80833	15
4.81667	15
4.82500	14
4.83333	14
4.84167	14
4.85000	13
4.85833	13
4.86667	13
4.87500	14
4.88333	13
4.89167	14
4.90000	14
4.90833	14
4.91667	14
4.92500	14
4.93333	14
4.94167	14
4.95000	14
4.95833	14
4.96667	14
4.97500	14
4.98333	14
4.99167	14
5.00000	14
5.00833	14
5.01667	15
5.02500	15
5.03333	14
5.04167	14
5.05000	14
5.05833	15
5.06667	15
5.07500	15
5.08333	15
5.09167	15
5.10000	15
5.10833	15
5.11667	15
5.12500	15
5.13333	15
5.14167	15
5.15000	15
5.15833	15
5.16667	15
5.17500	15
5.18333	15
5.19167	15
5.20000	15
5.20833	16
5.21667	16
5.22500	16
5.23333	16
5.24167	16
5.25000	15
5.25833	15
5.26667	15
5.27500	15
5.28333	16
5.29167	16
5.30000	15
5.30833	15
5.31667	15
5.32500	15
5.33333	15
5.34167	15
5.35000	15
5.35833	15
5.36667	16
5.37500	16
5.38333	16
5.39167	16
5.40000	16
5.40833	16
5.41667	16
5.42500	16
5.43333	16
5.44167	16
5.45000	16
5.45833	16
5.46667	16
5.47500	16
5.48333	16
5.49167	16
5.50000	16
5.50833	16
5.51667	16
5.52500	16
5.53333	16
5.54167	16
5.55000	15
5.55833	16
5.56667	16
5.57500	16
5.58333	17
5.59167	17
5.60000	17
5.60833	17
5.61667	17
5.62500	17
5.63333	17
5.64167	17
5.65000	17
5.65833	17
5.66667	17
5.67500	17
5.68333	17
5.69167	17
5.70000	18
5.70833	18
5.71667	18
5.72500	18
5.73333	18
5.74167	18
5.75000	18
5.75833	18
5.76667	18
5.77500	18
5.78333	18
5.79167	18
5.80000	18
5.80833	18
5.81667	18
5.82500	18
5.83333	18
5.84167	18
5.85000	18
5.85833	18
5.86667	18
5.87500	18
5.88333	18
5.89167	17
5.90000	17
5.90833	18
5.91667	18
5.92500	18
5.93333	18
5.94167	18
5.95000	19
5.95833	19
5.96667	19
5.97500	19
5.98333	20
5.99167	20
6.00000	20
6.00833	20
6.01667	20
6.02500	19
6.03333	19
6.04167	18
6.05000	18
6.05833	19
6.06667	19
6.07500	19
6.08333	19
6.09167	19
6.10000	20
6.10833	20
6.11667	20
6.12500	19
6.13333	19
6.14167	20
6.15000	20
6.15833	20
6.16667	20
6.17500	20
6.18333	20
6.19167	20
6.20000	20
6.20833	20
6.21667	20
6.22500	20
6.23333	21
6.24167	21
6.25000	21
6.25833	21
6.26667	21
6.27500	21
6.28333	21
6.29167	21
6.30000	21
6.30833	21
6.31667	21
6.32500	21
6.33333	21
6.34167	22
6.35000	22
6.35833	22
6.36667	22
6.37500	22
6.38333	23
6.39167	23
6.40000	23
6.40833	23
6.41667	24
6.42500	24
6.43333	23
6.44167	23
6.45000	23
6.45833	23
6.46667	23
6.47500	23
6.48333	23
6.49167	22
6.50000	22
6.50833	23
6.51667	23
6.52500	23
6.53333	23
6.54167	23
6.55000	23
6.55833	23
6.56667	22
6.57500	23
6.58333	23
6.59167	23
6.60000	23
6.60833	23
6.61667	23
6.62500	23
6.63333	23
6.64167	22
6.65000	22
6.65833	22
6.66667	22
6.67500	21
6.68333	21
6.69167	21
6.70000	21
6.70833	20
6.71667	20
6.72500	20
6.73333	20
6.74167	20
6.75000	21
6.75833	20
6.76667	20
6.77500	20
6.78333	20
6.79167	20
6.80000	20
6.80833	20
6.81667	20
6.82500	20
6.83333	21
6.84167	21
6.85000	21
6.85833	22
6.86667	22
6.87500	22
6.88333	22
6.89167	23
6.90000	23
6.90833	23
6.91667	23
6.92500	24
6.93333	24
6.94167	25
6.95000	25
6.95833	26
6.96667	26
6.97500	26
6.98333	26
6.99167	27
7.00000	27
7.00833	28
7.01667	28
7.02500	28
7.03333	28
7.04167	28
7.05000	28
7.05833	27
7.06667	27
7.07500	27
7.08333	27
7.09167	27
7.10000	27
7.10833	27
7.11667	26
7.12500	26
7.13333	26
7.14167	26
7.15000	25
7.15833	25
7.16667	25
7.17500	26
7.18333	26
7.19167	25
7.20000	25
7.20833	25
7.21667	24
7.22500	24
7.23333	23
7.24167	23
7.25000	22
7.25833	22
7.26667	21
7.27500	19
7.28333	17
7.29167	13
7.30000	7
7.30833	-1
7.31667	-11
7.32500	-26
7.33333	-48
7.34167	-79
7.35000	-121
7.35833	-178
7.36667	-255
7.37500	-355
7.38333	-483
7.39167	-644
7.40000	-840
7.40833	-1073
7.41667	-1345
7.42500	-1652
7.43333	-1989
7.44167	-2349
7.45000	-2723
7.45833	-3099
7.46667	-3465
7.47500	-3807
7.48333	-4114
7.49167	-4375
7.50000	-4582
7.50833	-4728
7.51667	-4812
7.52500	-4833
7.53333	-4794
7.54167	-4700
7.55000	-4556
7.55833	-4371
7.56667	-4153
7.57500	-3911
7.58333	-3652
7.59167	-3385
7.60000	-3115
7.60833	-2849
7.61667	-2591
7.62500	-2344
7.63333	-2113
7.64167	-1897
7.65000	-1699
7.65833	-1518
7.66667	-1354
7.67500	-1205
7.68333	-1073
7.69167	-954
7.70000	-848
7.70833	-754
7.71667	-671
7.72500	-598
7.73333	-532
7.74167	-475
7.75000	-424
7.75833	-378
7.76667	-338
7.77500	-302
7.78333	-269
7.79167	-241
7.80000	-215
7.80833	-192
7.81667	-172
7.82500	-153
7.83333	-136
7.84167	-121
7.85000	-107
7.85833	-94
7.86667	-83
7.87500	-73
7.88333	-63
7.89167	-54
7.90000	-47
7.90833	-40
7.91667	-33
7.92500	-27
7.93333	-21
7.94167	-15
7.95000	-9
7.95833	-4
7.96667	1
7.97500	6
7.98333	12
7.99167	17
8.00000	22
8.00833	27
8.01667	33
8.02500	39
8.03333	45
8.04167	51
8.05000	57
8.05833	63
8.06667	69
8.07500	75
8.08333	80
8.09167	84
8.10000	89
8.10833	92
8.11667	95
8.12500	98
8.13333	99
8.14167	100
8.15000	101
8.15833	100
8.16667	100
8.17500	99
8.18333	97
8.19167	95
8.20000	94
8.20833	91
8.21667	89
8.22500	87
8.23333	84
8.24167	81
8.25000	78
8.25833	75
8.26667	73
8.27500	71
8.28333	68
8.29167	66
8.30000	64
8.30833	62
8.31667	59
8.32500	57
8.33333	55
8.34167	53
8.35000	51
8.35833	50
8.36667	49
8.37500	48
8.38333	47
8.39167	45
8.40000	44
8.40833	43
8.41667	43
8.42500	42
8.43333	41
8.44167	40
8.45000	39
8.45833	38
8.46667	38
8.47500	37
8.48333	37
8.49167	36
8.50000	36
8.50833	37
8.51667	37
8.52500	37
8.53333	38
8.54167	39
8.55000	40
8.55833	42
8.56667	45
8.57500	49
8.58333	53
8.59167	58
8.60000	65
8.60833	73
8.61667	83
8.62500	94
8.63333	109
8.64167	127
8.65000	149
8.65833	178
8.66667	212
8.67500	256
8.68333	310
8.69167	377
8.70000	460
8.70833	562
8.71667	687
8.72500	838
8.73333	1020
8.74167	1237
8.75000	1492
8.75833	1788
8.76667	2129
8.77500	2516
8.78333	2949
8.79167	3428
8.80000	3950
8.80833	4509
8.81667	5100
8.82500	5714
8.83333	6341
8.84167	6971
8.85000	7592
8.85833	8191
8.86667	8755
8.87500	9273
8.88333	9733
8.89167	10126
8.90000	10445
8.90833	10682
8.91667	10835
8.92500	10902
8.93333	10885
8.94167	10785
8.95000	10609
8.95833	10362
8.96667	10053
8.97500	9691
8.98333	9284
8.99167	8841
9.00000	8373
9.00833	7889
9.01667	7396
9.02500	6902
9.03333	6415
9.04167	5939
9.05000	5480
9.05833	5041
9.06667	4626
9.07500	4235
9.08333	3869
9.09167	3530
9.10000	3218
9.10833	2931
9.11667	2670
9.12500	2433
9.13333	2218
9.14167	2024
9.15000	1849
9.15833	1692
9.16667	1550
9.17500	1423
9.18333	1308
9.19167	1204
9.20000	1111
9.20833	1027
9.21667	951
9.22500	882
9.23333	819
9.24167	762
9.25000	709
9.25833	661
9.26667	616
9.27500	574
9.28333	536
9.29167	499
9.30000	465
9.30833	433
9.31667	404
9.32500	376
9.33333	350
9.34167	327
9.35000	304
9.35833	283
9.36667	263
9.37500	245
9.38333	228
9.39167	212
9.40000	198
9.40833	184
9.41667	172
9.42500	161
9.43333	150
9.44167	140
9.45000	132
9.45833	123
9.46667	116
9.47500	110
9.48333	103
9.49167	98
9.50000	92
9.50833	87
9.51667	82
9.52500	78
9.53333	74
9.54167	71
9.55000	68
9.55833	65
9.56667	62
9.57500	60
9.58333	58
9.59167	56
9.60000	55
9.60833	53
9.61667	51
9.62500	50
9.63333	49
9.64167	48
9.65000	47
9.65833	46
9.66667	45
9.67500	45
9.68333	44
9.69167	43
9.70000	42
9.70833	42
9.71667	42
9.72500	41
9.73333	41
9.74167	40
9.75000	40
9.75833	39
9.76667	39
9.77500	39
9.78333	38
9.79167	38
9.80000	38
9.80833	38
9.81667	37
9.82500	38
9.83333	37
9.84167	37
9.85000	37
9.85833	36
9.86667	36
9.87500	36
9.88333	35
9.89167	35
9.90000	35
9.90833	34
9.91667	34
9.92500	34
9.93333	34
9.94167	34
9.95000	34
9.95833	33
9.96667	33
9.97500	33
9.98333	33
9.99167	33
10.00000	33
10.00833	33
10.01667	33
10.02500	32
10.03333	32
10.04167	32
10.05000	31
10.05833	31
10.06667	31
10.07500	31
10.08333	31
10.09167	32
10.10000	32
10.10833	31
10.11667	31
10.12500	31
10.13333	31
10.14167	31
10.15000	31
10.15833	30
10.16667	30
10.17500	30
10.18333	30
10.19167	30
10.20000	30
10.20833	30
10.21667	30
10.22500	30
10.23333	30
10.24167	30
10.25000	30
10.25833	30
10.26667	30
10.27500	31
10.28333	31
10.29167	31
10.30000	31
10.30833	31
10.31667	31
10.32500	31
10.33333	31
10.34167	31
10.35000	31
10.35833	31
10.36667	31
10.37500	31
10.38333	31
10.39167	31
10.40000	31
10.40833	32
10.41667	32
10.42500	33
10.43333	34
10.44167	35
10.45000	36
10.45833	37
10.46667	38
10.47500	40
10.48333	41
10.49167	43
10.50000	45
10.50833	47
10.51667	50
10.52500	53
10.53333	57
10.54167	61
10.55000	66
10.55833	72
10.56667	79
10.57500	87
10.58333	96
10.59167	108
10.60000	120
10.60833	135
10.61667	152
10.62500	172
10.63333	194
10.64167	220
10.65000	251
10.65833	287
10.66667	329
10.67500	379
10.68333	439
10.69167	509
10.70000	593
10.70833	692
10.71667	810
10.72500	948
10.73333	1111
10.74167	1302
10.75000	1524
10.75833	1781
10.76667	2075
10.77500	2409
10.78333	2784
10.79167	3200
10.80000	3659
10.80833	4157
10.81667	4692
10.82500	5260
10.83333	5855
10.84167	6467
10.85000	7090
10.85833	7712
10.86667	8324
10.87500	8914
10.88333	9471
10.89167	9984
10.90000	10444
10.90833	10841
10.91667	11168
10.92500	11419
10.93333	11589
10.94167	11677
10.95000	11683
10.95833	11608
10.96667	11456
10.97500	11233
10.98333	10945
10.99167	10599
11.00000	10205
11.00833	9771
11.01667	9306
11.02500	8818
11.03333	8316
11.04167	7807
11.05000	7298
11.05833	6796
11.06667	6307
11.07500	5834
11.08333	5381
11.09167	4951
11.10000	4545
11.10833	4165
11.11667	3811
11.12500	3483
11.13333	3181
11.14167	2904
11.15000	2652
11.15833	2421
11.16667	2212
11.17500	2022
11.18333	1850
11.19167	1694
11.20000	1553
11.20833	1425
11.21667	1310
11.22500	1205
11.23333	1111
11.24167	1025
11.25000	947
11.25833	875
11.26667	810
11.27500	750
11.28333	695
11.29167	645
11.30000	599
11.30833	556
11.31667	516
11.32500	479
11.33333	445
11.34167	414
11.35000	384
11.35833	357
11.36667	332
11.37500	308
11.38333	287
11.39167	267
11.40000	248
11.40833	231
11.41667	216
11.42500	202
11.43333	189
11.44167	177
11.45000	166
11.45833	156
11.46667	147
11.47500	139
11.48333	131
11.49167	124
11.50000	118
11.50833	112
11.51667	107
11.52500	102
11.53333	97
11.54167	94
11.55000	90
11.55833	87
11.56667	84
11.57500	81
11.58333	78
11.59167	75
11.60000	73
11.60833	71
11.61667	69
11.62500	68
11.63333	67
11.64167	66
11.65000	66
11.65833	66
11.66667	65
11.67500	65
11.68333	65
11.69167	66
11.70000	66
11.70833	66
11.71667	67
11.72500	67
11.73333	68
11.74167	68
11.75000	69
11.75833	69
11.76667	70
11.77500	71
11.78333	72
11.79167	72
11.80000	73
11.80833	73
11.81667	73
11.82500	73
11.83333	73
11.84167	72
11.85000	71
11.85833	70
11.86667	69
11.87500	67
11.88333	66
11.89167	65
11.90000	63
11.90833	62
11.91667	61
11.92500	60
11.93333	59
11.94167	57
11.95000	56
11.95833	55
11.96667	54
11.97500	53
11.98333	52
11.99167	51
12.00000	49
12.00833	48
12.01667	47
12.02500	46
12.03333	45
12.04167	45
12.05000	44
12.05833	43
12.06667	42
12.07500	42
12.08333	41
12.09167	41
12.10000	40
12.10833	40
12.11667	39
12.12500	39
12.13333	38
12.14167	38
12.15000	37
12.15833	37
12.16667	37
12.17500	36
12.18333	36
12.19167	36
12.20000	35
12.20833	35
12.21667	35
12.22500	35
12.23333	35
12.24167	35
12.25000	35
12.25833	35
12.26667	34
12.27500	34
12.28333	33
12.29167	33
12.30000	33
12.30833	33
12.31667	33
12.32500	33
12.33333	33
12.34167	33
12.35000	33
12.35833	33
12.36667	33
12.37500	33
12.38333	33
12.39167	33
12.40000	33
12.40833	33
12.41667	33
12.42500	33
12.43333	33
12.44167	32
12.45000	32
12.45833	32
12.46667	32
12.47500	32
12.48333	33
12.49167	33
12.50000	33
12.50833	33
12.51667	33
12.52500	33
12.53333	33
12.54167	33
12.55000	33
12.55833	33
12.56667	33
12.57500	33
12.58333	33
12.59167	32
12.60000	32
12.60833	32
12.61667	31
12.62500	31
12.63333	31
12.64167	31
12.65000	31
12.65833	32
12.66667	32
12.67500	32
12.68333	32
12.69167	32
12.70000	32
12.70833	32
12.71667	32
12.72500	32
12.73333	32
12.74167	33
12.75000	33
12.75833	32
12.76667	32
12.77500	32
12.78333	32
12.79167	32
12.80000	32
12.80833	32
12.81667	32
12.82500	32
12.83333	32
12.84167	32
12.85000	31
12.85833	31
12.86667	31
12.87500	31
12.88333	31
12.89167	31
12.90000	31
12.90833	31
12.91667	31
12.92500	31
12.93333	31
12.94167	31
12.95000	32
12.95833	32
12.96667	32
12.97500	32
12.98333	32
12.99167	32
13.00000	32
13.00833	32
13.01667	32
13.02500	32
13.03333	32
13.04167	31
13.05000	31
13.05833	31
13.06667	31
13.07500	31
13.08333	31
13.09167	31
13.10000	31
13.10833	31
13.11667	31
13.12500	31
13.13333	31
13.14167	31
13.15000	31
13.15833	31
13.16667	32
13.17500	32
13.18333	32
13.19167	33
13.20000	33
13.20833	33
13.21667	34
13.22500	34
13.23333	34
13.24167	35
13.25000	35
13.25833	36
13.26667	36
13.27500	36
13.28333	36
13.29167	36
13.30000	36
13.30833	37
13.31667	38
13.32500	38
13.33333	39
13.34167	39
13.35000	40
13.35833	41
13.36667	41
13.37500	42
13.38333	43
13.39167	45
13.40000	46
13.40833	48
13.41667	49
13.42500	51
13.43333	53
13.44167	55
13.45000	57
13.45833	59
13.46667	61
13.47500	64
13.48333	66
13.49167	68
13.50000	70
13.50833	72
13.51667	73
13.52500	74
13.53333	75
13.54167	77
13.55000	77
13.55833	78
13.56667	78
13.57500	78
13.58333	78
13.59167	77
13.60000	76
13.60833	74
13.61667	73
13.62500	72
13.63333	70
13.64167	69
13.65000	66
13.65833	64
13.66667	62
13.67500	60
13.68333	58
13.69167	57
13.70000	56
13.70833	54
13.71667	53
13.72500	52
13.73333	51
13.74167	50
13.75000	49
13.75833	48
13.76667	47
13.77500	46
13.78333	45
13.79167	44
13.80000	43
13.80833	43
13.81667	43
13.82500	42
13.83333	42
13.84167	42
13.85000	42
13.85833	41
13.86667	40
13.87500	40
13.88333	40
13.89167	40
13.90000	40
13.90833	39
13.91667	39
13.92500	39
13.93333	39
13.94167	39
13.95000	39
13.95833	39
13.96667	38
13.97500	38
13.98333	38
13.99167	38
14.00000	37
14.00833	36
14.01667	36
14.02500	36
14.03333	35
14.04167	35
14.05000	35
14.05833	34
14.06667	34
14.07500	34
14.08333	34
14.09167	34
14.10000	34
14.10833	34
14.11667	33
14.12500	33
14.13333	33
14.14167	32
14.15000	32
14.15833	32
14.16667	32
14.17500	32
14.18333	32
14.19167	32
14.20000	32
14.20833	32
14.21667	32
14.22500	32
14.23333	32
14.24167	32
14.25000	32
14.25833	32
14.26667	33
14.27500	33
14.28333	33
14.29167	33
14.30000	33
14.30833	34
14.31667	34
14.32500	34
14.33333	34
14.34167	34
14.35000	34
14.35833	35
14.36667	35
14.37500	35
14.38333	35
14.39167	35
14.40000	35
14.40833	36
14.41667	36
14.42500	36
14.43333	36
14.44167	36
14.45000	36
14.45833	37
14.46667	37
14.47500	37
14.48333	37
14.49167	36
14.50000	36
14.50833	36
14.51667	36
14.52500	36
14.53333	36
14.54167	36
14.55000	36
14.55833	36
14.56667	36
14.57500	36
14.58333	37
14.59167	37
14.60000	37
14.60833	37
14.61667	38
14.62500	38
14.63333	39
14.64167	40
14.65000	40
14.65833	41
14.66667	41
14.67500	42
14.68333	42
14.69167	43
14.70000	44
14.70833	45
14.71667	46
14.72500	46
14.73333	47
14.74167	49
14.75000	50
14.75833	51
14.76667	52
14.77500	54
14.78333	56
14.79167	57
14.80000	60
14.80833	62
14.81667	65
14.82500	68
14.83333	72
14.84167	75
14.85000	79
14.85833	84
14.86667	88
14.87500	93
14.88333	99
14.89167	106
14.90000	113
14.90833	121
14.91667	129
14.92500	139
14.93333	150
14.94167	162
14.95000	175
14.95833	190
14.96667	208
14.97500	227
14.98333	249
14.99167	273
15.00000	299
15.00833	329
15.01667	363
15.02500	401
15.03333	444
15.04167	492
15.05000	546
15.05833	607
15.06667	674
15.07500	749
15.08333	833
15.09167	926
15.10000	1028
15.10833	1140
15.11667	1262
15.12500	1394
15.13333	1536
15.14167	1688
15.15000	1850
15.15833	2019
15.16667	2196
15.17500	2379
15.18333	2566
15.19167	2756
15.20000	2946
15.20833	3136
15.21667	3321
15.22500	3500
15.23333	3671
15.24167	3830
15.25000	3977
15.25833	4108
15.26667	4221
15.27500	4316
15.28333	4391
15.29167	4445
15.30000	4478
15.30833	4488
15.31667	4478
15.32500	4446
15.33333	4393
15.34167	4322
15.35000	4233
15.35833	4128
15.36667	4009
15.37500	3878
15.38333	3737
15.39167	3587
15.40000	3432
15.40833	3272
15.41667	3111
15.42500	2949
15.43333	2788
15.44167	2630
15.45000	2476
15.45833	2326
15.46667	2182
15.47500	2045
15.48333	1914
15.49167	1791
15.50000	1676
15.50833	1568
15.51667	1467
15.52500	1374
15.53333	1288
15.54167	1209
15.55000	1137
15.55833	1071
15.56667	1011
15.57500	957
15.58333	908
15.59167	865
15.60000	826
15.60833	791
15.61667	760
15.62500	733
15.63333	709
15.64167	688
15.65000	671
15.65833	656
15.66667	643
15.67500	632
15.68333	623
15.69167	617
15.70000	612
15.70833	609
15.71667	608
15.72500	608
15.73333	609
15.74167	612
15.75000	616
15.75833	622
15.76667	628
15.77500	635
15.78333	644
15.79167	653
15.80000	664
15.80833	676
15.81667	688
15.82500	702
15.83333	716
15.84167	730
15.85000	746
15.85833	761
15.86667	778
15.87500	795
15.88333	813
15.89167	831
15.90000	849
15.90833	868
15.91667	887
15.92500	907
15.93333	927
15.94167	947
15.95000	967
15.95833	988
15.96667	1008
15.97500	1028
15.98333	1049
15.99167	1070
16.00000	1090
16.00833	1110
16.01667	1130
16.02500	1150
16.03333	1170
16.04167	1190
16.05000	1209
16.05833	1228
16.06667	1246
16.07500	1264
16.08333	1282
16.09167	1299
16.10000	1315
16.10833	1331
16.11667	1346
16.12500	1361
16.13333	1374
16.14167	1387
16.15000	1399
16.15833	1410
16.16667	1421
16.17500	1430
16.18333	1438
16.19167	1446
16.20000	1453
16.20833	1458
16.21667	1462
16.22500	1466
16.23333	1469
16.24167	1470
16.25000	1471
16.25833	1471
16.26667	1469
16.27500	1466
16.28333	1463
16.29167	1458
16.30000	1453
16.30833	1446
16.31667	1439
16.32500	1432
16.33333	1423
16.34167	1413
16.35000	1402
16.35833	1390
16.36667	1378
16.37500	1364
16.38333	1351
16.39167	1336
16.40000	1321
16.40833	1305
16.41667	1288
16.42500	1271
16.43333	1253
16.44167	1235
16.45000	1215
16.45833	1196
16.46667	1176
16.47500	1156
16.48333	1135
16.49167	1114
16.50000	1093
16.50833	1072
16.51667	1051
16.52500	1029
16.53333	1008
16.54167	986
16.55000	964
16.55833	942
16.56667	920
16.57500	898
16.58333	876
16.59167	855
16.60000	833
16.60833	812
16.61667	791
16.62500	770
16.63333	749
16.64167	729
16.65000	709
16.65833	689
16.66667	669
16.67500	649
16.68333	629
16.69167	610
16.70000	592
16.70833	574
16.71667	556
16.72500	538
16.73333	521
16.74167	504
16.75000	487
16.75833	471
16.76667	456
16.77500	441
16.78333	426
16.79167	411
16.80000	397
16.80833	383
16.81667	370
16.82500	356
16.83333	344
16.84167	331
16.85000	319
16.85833	307
16.86667	296
16.87500	285
16.88333	275
16.89167	265
16.90000	255
16.90833	246
16.91667	236
16.92500	228
16.93333	220
16.94167	212
16.95000	204
16.95833	196
16.96667	189
16.97500	182
16.98333	176
16.99167	169
17.00000	163
17.00833	157
17.01667	152
17.02500	147
17.03333	142
17.04167	138
17.05000	133
17.05833	128
17.06667	124
17.07500	120
17.08333	116
17.09167	112
17.10000	109
17.10833	105
17.11667	103
17.12500	100
17.13333	97
17.14167	94
17.15000	91
17.15833	89
17.16667	87
17.17500	85
17.18333	84
17.19167	82
17.20000	80
17.20833	78
17.21667	77
17.22500	75
17.23333	74
17.24167	73
17.25000	72
17.25833	70
17.26667	69
17.27500	68
17.28333	67
17.29167	65
17.30000	64
17.30833	63
17.31667	63
17.32500	62
17.33333	61
17.34167	61
17.35000	59
17.35833	58
17.36667	58
17.37500	57
17.38333	56
17.39167	56
17.40000	55
17.40833	54
17.41667	54
17.42500	53
17.43333	53
17.44167	53
17.45000	53
17.45833	53
17.46667	53
17.47500	53
17.48333	52
17.49167	52
17.50000	52
17.50833	52
17.51667	52
17.52500	52
17.53333	52
17.54167	53
17.55000	53
17.55833	54
17.56667	54
17.57500	55
17.58333	55
17.59167	56
17.60000	57
17.60833	59
17.61667	60
17.62500	62
17.63333	64
17.64167	65
17.65000	68
17.65833	70
17.66667	73
17.67500	76
17.68333	79
17.69167	83
17.70000	87
17.70833	92
17.71667	97
17.72500	103
17.73333	110
17.74167	117
17.75000	124
17.75833	133
17.76667	143
17.77500	153
17.78333	165
17.79167	178
17.80000	192
17.80833	208
17.81667	226
17.82500	245
17.83333	266
17.84167	290
17.85000	316
17.85833	345
17.86667	377
17.87500	413
17.88333	451
17.89167	494
17.90000	540
17.90833	590
17.91667	644
17.92500	703
17.93333	766
17.94167	834
17.95000	907
17.95833	984
17.96667	1065
17.97500	1151
17.98333	1241
17.99167	1334
18.00000	1431
18.00833	1531
18.01667	1632
18.02500	1734
18.03333	1837
18.04167	1939
18.05000	2040
18.05833	2138
18.06667	2232
18.07500	2321
18.08333	2405
18.09167	2483
18.10000	2554
18.10833	2617
18.11667	2670
18.12500	2714
18.13333	2749
18.14167	2773
18.15000	2787
18.15833	2790
18.16667	2783
18.17500	2765
18.18333	2737
18.19167	2700
18.20000	2653
18.20833	2598
18.21667	2535
18.22500	2465
18.23333	2390
18.24167	2310
18.25000	2225
18.25833	2137
18.26667	2046
18.27500	1954
18.28333	1861
18.29167	1768
18.30000	1675
18.30833	1583
18.31667	1494
18.32500	1406
18.33333	1321
18.34167	1239
18.35000	1161
18.35833	1086
18.36667	1014
18.37500	946
18.38333	882
18.39167	821
18.40000	764
18.40833	710
18.41667	660
18.42500	613
18.43333	570
18.44167	530
18.45000	492
18.45833	457
18.46667	425
18.47500	395
18.48333	368
18.49167	342
18.50000	319
18.50833	297
18.51667	277
18.52500	259
18.53333	242
18.54167	226
18.55000	211
18.55833	197
18.56667	185
18.57500	174
18.58333	164
18.59167	154
18.60000	146
18.60833	138
18.61667	131
18.62500	124
18.63333	117
18.64167	111
18.65000	106
18.65833	101
18.66667	97
18.67500	92
18.68333	88
18.69167	84
18.70000	81
18.70833	78
18.71667	75
18.72500	72
18.73333	70
18.74167	68
18.75000	67
18.75833	65
18.76667	64
18.77500	62
18.78333	61
18.79167	60
18.80000	58
18.80833	57
18.81667	56
18.82500	55
18.83333	54
18.84167	53
18.85000	53
18.85833	52
18.86667	51
18.87500	51
18.88333	50
18.89167	50
18.90000	49
18.90833	48
18.91667	47
18.92500	47
18.93333	46
18.94167	46
18.95000	45
18.95833	44
18.96667	44
18.97500	44
18.98333	43
18.99167	43
19.00000	42
19.00833	42
19.01667	41
19.02500	41
19.03333	41
19.04167	41
19.05000	42
19.05833	42
19.06667	42
19.07500	42
19.08333	43
19.09167	43
19.10000	43
19.10833	43
19.11667	43
19.12500	43
19.13333	43
19.14167	43
19.15000	44
19.15833	44
19.16667	44
19.17500	44
19.18333	44
19.19167	44
19.20000	43
19.20833	43
19.21667	43
19.22500	43
19.23333	43
19.24167	43
19.25000	43
19.25833	42
19.26667	42
19.27500	42
19.28333	41
19.29167	41
19.30000	41
19.30833	41
19.31667	41
19.32500	41
19.33333	41
19.34167	41
19.35000	41
19.35833	41
19.36667	40
19.37500	40
19.38333	41
19.39167	41
19.40000	41
19.40833	41
19.41667	41
19.42500	42
19.43333	42
19.44167	42
19.45000	42
19.45833	43
19.46667	43
19.47500	43
19.48333	43
19.49167	43
19.50000	43
19.50833	43
19.51667	44
19.52500	44
19.53333	44
19.54167	44
19.55000	44
19.55833	43
19.56667	43
19.57500	43
19.58333	42
19.59167	42
19.60000	42
19.60833	42
19.61667	42
19.62500	41
19.63333	41
19.64167	41
19.65000	41
19.65833	40
19.66667	40
19.67500	39
19.68333	39
19.69167	38
19.70000	38
19.70833	38
19.71667	38
19.72500	38
19.73333	38
19.74167	38
19.75000	39
19.75833	39
19.76667	39
19.77500	40
19.78333	40
19.79167	40
19.80000	40
19.80833	40
19.81667	40
19.82500	40
19.83333	41
19.84167	41
19.85000	41
19.85833	41
19.86667	41
19.87500	41
19.88333	41
19.89167	41
19.90000	41
19.90833	41
19.91667	41
19.92500	41
19.93333	41
19.94167	41
19.95000	41
19.95833	41
19.96667	41
19.97500	41
19.98333	40
19.99167	40
20.00000	40
20.00833	40
20.01667	40
20.02500	41
20.03333	41
20.04167	40
20.05000	40
20.05833	39
20.06667	39
20.07500	39
20.08333	40
20.09167	40
20.10000	41
20.10833	41
20.11667	42
20.12500	42
20.13333	42
20.14167	42
20.15000	43
20.15833	43
20.16667	43
20.17500	42
20.18333	42
20.19167	42
20.20000	42
20.20833	42
20.21667	42
20.22500	42
20.23333	42
20.24167	42
20.25000	42
20.25833	41
20.26667	41
20.27500	41
20.28333	40
20.29167	40
20.30000	40
20.30833	40
20.31667	40
20.32500	40
20.33333	39
20.34167	39
20.35000	39
20.35833	39
20.36667	39
20.37500	39
20.38333	39
20.39167	39
20.40000	39
20.40833	40
20.41667	40
20.42500	40
20.43333	40
20.44167	41
20.45000	40
20.45833	40
20.46667	41
20.47500	41
20.48333	42
20.49167	42
20.50000	43
20.50833	43
20.51667	42
20.52500	42
20.53333	42
20.54167	42
20.55000	42
20.55833	42
20.56667	42
20.57500	42
20.58333	41
20.59167	41
20.60000	41
20.60833	41
20.61667	40
20.62500	40
20.63333	40
20.64167	40
20.65000	40
20.65833	41
20.66667	41
20.67500	41
20.68333	41
20.69167	42
20.70000	42
20.70833	42
20.71667	43
20.72500	43
20.73333	44
20.74167	44
20.75000	45
20.75833	45
20.76667	45
20.77500	45
20.78333	45
20.79167	45
20.80000	45
20.80833	45
20.81667	44
20.82500	44
20.83333	43
20.84167	43
20.85000	43
20.85833	43
20.86667	43
20.87500	43
20.88333	42
20.89167	42
20.90000	42
20.90833	42
20.91667	43
20.92500	43
20.93333	43
20.94167	43
20.95000	43
20.95833	43
20.96667	43
20.97500	44
20.98333	44
20.99167	44
21.00000	44
21.00833	44
21.01667	44
21.02500	44
21.03333	44
21.04167	44
21.05000	43
21.05833	43
21.06667	43
21.07500	43
21.08333	43
21.09167	42
21.10000	42
21.10833	42
21.11667	41
21.12500	41
21.13333	41
21.14167	42
21.15000	41
21.15833	41
21.16667	41
21.17500	41
21.18333	41
21.19167	41
21.20000	41
21.20833	41
21.21667	42
21.22500	42
21.23333	43
21.24167	43
21.25000	43
21.25833	44
21.26667	44
21.27500	44
21.28333	44
21.29167	45
21.30000	45
21.30833	45
21.31667	45
21.32500	45
21.33333	45
21.34167	45
21.35000	46
21.35833	46
21.36667	46
21.37500	47
21.38333	47
21.39167	47
21.40000	47
21.40833	47
21.41667	46
21.42500	46
21.43333	46
21.44167	46
21.45000	45
21.45833	45
21.46667	45
21.47500	45
21.48333	45
21.49167	45
21.50000	45
21.50833	44
21.51667	44
21.52500	44
21.53333	44
21.54167	44
21.55000	43
21.55833	43
21.56667	43
21.57500	43
21.58333	42
21.59167	42
21.60000	42
21.60833	42
21.61667	42
21.62500	42
21.63333	42
21.64167	42
21.65000	42
21.65833	42
21.66667	42
21.67500	42
21.68333	42
21.69167	42
21.70000	41
21.70833	41
21.71667	41
21.72500	41
21.73333	41
21.74167	42
21.75000	42
21.75833	42
21.76667	42
21.77500	42
21.78333	42
21.79167	42
21.80000	42
21.80833	42
21.81667	42
21.82500	42
21.83333	42
21.84167	42
21.85000	42
21.85833	42
21.86667	43
21.87500	43
21.88333	43
21.89167	43
21.90000	43
21.90833	43
21.91667	44
21.92500	44
21.93333	44
21.94167	45
21.95000	45
21.95833	45
21.96667	45
21.97500	45
21.98333	45
21.99167	45
22.00000	45
22.00833	45
22.01667	45
22.02500	45
22.03333	46
22.04167	46
22.05000	46
22.05833	47
22.06667	47
22.07500	47
22.08333	46
22.09167	46
22.10000	45
22.10833	45
22.11667	45
22.12500	45
22.13333	46
22.14167	46
22.15000	46
22.15833	46
22.16667	45
22.17500	45
22.18333	45
22.19167	45
22.20000	45
22.20833	44
22.21667	44
22.22500	43
22.23333	43
22.24167	43
22.25000	42
22.25833	42
22.26667	41
22.27500	41
22.28333	40
22.29167	40
22.30000	40
22.30833	40
22.31667	39
22.32500	39
22.33333	38
22.34167	38
22.35000	38
22.35833	37
22.36667	37
22.37500	36
22.38333	35
22.39167	35
22.40000	34
22.40833	34
22.41667	33
22.42500	32
22.43333	32
22.44167	31
22.45000	30
22.45833	29
22.46667	27
22.47500	25
22.48333	23
22.49167	22
22.50000	20
22.50833	18
22.51667	17
22.52500	15
22.53333	13
22.54167	11
22.55000	9
22.55833	7
22.56667	4
22.57500	2
22.58333	-1
22.59167	-4
22.60000	-6
22.60833	-9
22.61667	-12
22.62500	-15
22.63333	-18
22.64167	-22
22.65000	-25
22.65833	-28
22.66667	-31
22.67500	-34
22.68333	-37
22.69167	-40
22.70000	-43
22.70833	-46
22.71667	-50
22.72500	-53
22.73333	-56
22.74167	-59
22.75000	-61
22.75833	-64
22.76667	-66
22.77500	-68
22.78333	-70
22.79167	-71
22.80000	-73
22.80833	-74
22.81667	-75
22.82500	-76
22.83333	-77
22.84167	-77
22.85000	-77
22.85833	-78
22.86667	-78
22.87500	-78
22.88333	-77
22.89167	-76
22.90000	-75
22.90833	-74
22.91667	-72
22.92500	-70
22.93333	-68
22.94167	-65
22.95000	-63
22.95833	-60
22.96667	-58
22.97500	-55
22.98333	-53
22.99167	-50
23.00000	-47
23.00833	-44
23.01667	-41
23.02500	-38
23.03333	-36
23.04167	-32
23.05000	-29
23.05833	-27
23.06667	-24
23.07500	-22
23.08333	-19
23.09167	-16
23.10000	-14
23.10833	-11
23.11667	-8
23.12500	-5
23.13333	-3
23.14167	-0
23.15000	2
23.15833	4
23.16667	6
23.17500	8
23.18333	11
23.19167	12
23.20000	14
23.20833	16
23.21667	17
23.22500	19
23.23333	21
23.24167	22
23.25000	23
23.25833	24
23.26667	25
23.27500	26
23.28333	27
23.29167	28
23.30000	29
23.30833	30
23.31667	30
23.32500	31
23.33333	32
23.34167	33
23.35000	34
23.35833	34
23.36667	35
23.37500	35
23.38333	36
23.39167	37
23.40000	38
23.40833	39
23.41667	39
23.42500	39
23.43333	40
23.44167	40
23.45000	40
23.45833	41
23.46667	41
23.47500	42
23.48333	42
23.49167	42
23.50000	42
23.50833	42
23.51667	42
23.52500	42
23.53333	43
23.54167	43
23.55000	44
23.55833	44
23.56667	44
23.57500	44
23.58333	43
23.59167	43
23.60000	43
23.60833	44
23.61667	44
23.62500	43
23.63333	43
23.64167	43
23.65000	44
23.65833	44
23.66667	44
23.67500	44
23.68333	44
23.69167	44
23.70000	44
23.70833	44
23.71667	44
23.72500	45
23.73333	45
23.74167	44
23.75000	44
23.75833	44
23.76667	44
23.77500	44
23.78333	44
23.79167	44
23.80000	44
23.80833	44
23.81667	44
23.82500	44
23.83333	44
23.84167	43
23.85000	43
23.85833	43
23.86667	43
23.87500	44
23.88333	44
23.89167	43
23.90000	43
23.90833	43
23.91667	43
23.92500	43
23.93333	43
23.94167	44
23.95000	44
23.95833	43
23.96667	43
23.97500	43
23.98333	43
23.99167	43
24.00000	43
24.00833	43
24.01667	43
24.02500	43
24.03333	43
24.04167	43
24.05000	42
24.05833	42
24.06667	42
24.07500	41
24.08333	41
24.09167	41
24.10000	40
24.10833	40
24.11667	40
24.12500	39
24.13333	38
24.14167	38
24.15000	37
24.15833	36
24.16667	35
24.17500	35
24.18333	34
24.19167	34
24.20000	33
24.20833	33
24.21667	32
24.22500	31
24.23333	30
24.24167	29
24.25000	29
24.25833	28
24.26667	27
24.27500	26
24.28333	24
24.29167	23
24.30000	22
24.30833	21
24.31667	20
24.32500	19
24.33333	18
24.34167	17
24.35000	15
24.35833	15
24.36667	14
24.37500	13
24.38333	12
24.39167	11
24.40000	10
24.40833	9
24.41667	8
24.42500	6
24.43333	5
24.44167	4
24.45000	3
24.45833	3
24.46667	2
24.47500	1
24.48333	0
24.49167	-0
24.50000	-1
24.50833	-1
24.51667	-2
24.52500	-2
24.53333	-2
24.54167	-2
24.55000	-2
24.55833	-1
24.56667	-0
24.57500	-0
24.58333	0
24.59167	0
24.60000	1
24.60833	1
24.61667	2
24.62500	2
24.63333	2
24.64167	3
24.65000	4
24.65833	5
24.66667	5
24.67500	6
24.68333	7
24.69167	8
24.70000	10
24.70833	11
24.71667	12
24.72500	13
24.73333	14
24.74167	15
24.75000	16
24.75833	17
24.76667	19
24.77500	20
24.78333	21
24.79167	21
24.80000	22
24.80833	23
24.81667	24
24.82500	25
24.83333	26
24.84167	27
24.85000	28
24.85833	29
24.86667	31
24.87500	32
24.88333	32
24.89167	33
24.90000	34
24.90833	35
24.91667	36
24.92500	36
24.93333	37
24.94167	39
24.95000	40
24.95833	40
24.96667	41
24.97500	41
24.98333	42
24.99167	42
25.00000	43
25.00833	43
25.01667	43
25.02500	43
25.03333	44
25.04167	44
25.05000	44
25.05833	45
25.06667	46
25.07500	47
25.08333	47
25.09167	48
25.10000	49
25.10833	49
25.11667	49
25.12500	49
25.13333	50
25.14167	50
25.15000	50
25.15833	50
25.16667	50
25.17500	51
25.18333	51
25.19167	51
25.20000	51
25.20833	51
25.21667	51
25.22500	52
25.23333	52
25.24167	52
25.25000	52
25.25833	52
25.26667	52
25.27500	53
25.28333	54
25.29167	54
25.30000	54
25.30833	54
25.31667	54
25.32500	54
25.33333	54
25.34167	53
25.35000	53
25.35833	53
25.36667	53
25.37500	54
25.38333	54
25.39167	54
25.40000	54
25.40833	54
25.41667	54
25.42500	54
25.43333	54
25.44167	55
25.45000	55
25.45833	55
25.46667	55
25.47500	56
25.48333	56
25.49167	57
25.50000	57
25.50833	57
25.51667	57
25.52500	57
25.53333	57
25.54167	57
25.55000	58
25.55833	58
25.56667	59
25.57500	60
25.58333	61
25.59167	61
25.60000	62
25.60833	63
25.61667	64
25.62500	64
25.63333	65
25.64167	66
25.65000	68
25.65833	69
25.66667	71
25.67500	73
25.68333	75
25.69167	78
25.70000	80
25.70833	83
25.71667	85
25.72500	88
25.73333	91
25.74167	94
25.75000	98
25.75833	101
25.76667	105
25.77500	110
25.78333	114
25.79167	119
25.80000	125
25.80833	131
25.81667	138
25.82500	145
25.83333	152
25.84167	160
25.85000	169
25.85833	178
25.86667	189
25.87500	199
25.88333	211
25.89167	223
25.90000	236
25.90833	250
25.91667	265
25.92500	281
25.93333	299
25.94167	317
25.95000	337
25.95833	358
25.96667	381
25.97500	405
25.98333	430
25.99167	457
26.00000	486
26.00833	517
26.01667	550
26.02500	585
26.03333	622
26.04167	663
26.05000	706
26.05833	753
26.06667	801
26.07500	853
26.08333	909
26.09167	968
26.10000	1030
26.10833	1098
26.11667	1169
26.12500	1245
26.13333	1325
26.14167	1410
26.15000	1500
26.15833	1596
26.16667	1698
26.17500	1805
26.18333	1918
26.19167	2038
26.20000	2164
26.20833	2297
26.21667	2436
26.22500	2583
26.23333	2735
26.24167	2895
26.25000	3062
26.25833	3235
26.26667	3416
26.27500	3602
26.28333	3795
26.29167	3993
26.30000	4197
26.30833	4406
26.31667	4619
26.32500	4835
26.33333	5054
26.34167	5276
26.35000	5499
26.35833	5723
26.36667	5947
26.37500	6169
26.38333	6389
26.39167	6606
26.40000	6819
26.40833	7026
26.41667	7227
26.42500	7421
26.43333	7606
26.44167	7782
26.45000	7947
26.45833	8100
26.46667	8241
26.47500	8370
26.48333	8484
26.49167	8584
26.50000	8669
26.50833	8738
26.51667	8791
26.52500	8829
26.53333	8850
26.54167	8855
26.55000	8843
26.55833	8815
26.56667	8772
26.57500	8712
26.58333	8638
26.59167	8549
26.60000	8446
26.60833	8330
26.61667	8201
26.62500	8060
26.63333	7908
26.64167	7746
26.65000	7574
26.65833	7395
26.66667	7208
26.67500	7014
26.68333	6815
26.69167	6612
26.70000	6404
26.70833	6194
26.71667	5982
26.72500	5768
26.73333	5555
26.74167	5342
26.75000	5130
26.75833	4921
26.76667	4713
26.77500	4509
26.78333	4309
26.79167	4112
26.80000	3920
26.80833	3732
26.81667	3550
26.82500	3373
26.83333	3202
26.84167	3036
26.85000	2877
26.85833	2723
26.86667	2575
26.87500	2433
26.88333	2298
26.89167	2168
26.90000	2045
26.90833	1928
26.91667	1816
26.92500	1710
26.93333	1609
26.94167	1513
26.95000	1422
26.95833	1336
26.96667	1255
26.97500	1179
26.98333	1108
26.99167	1040
27.00000	977
27.00833	917
27.01667	861
27.02500	808
27.03333	759
27.04167	712
27.05000	669
27.05833	628
27.06667	589
27.07500	554
27.08333	520
27.09167	489
27.10000	460
27.10833	433
27.11667	407
27.12500	384
27.13333	361
27.14167	341
27.15000	321
27.15833	303
27.16667	287
27.17500	271
27.18333	257
27.19167	243
27.20000	231
27.20833	219
27.21667	208
27.22500	198
27.23333	188
27.24167	179
27.25000	170
27.25833	163
27.26667	155
27.27500	149
27.28333	143
27.29167	137
27.30000	132
27.30833	127
27.31667	123
27.32500	119
27.33333	114
27.34167	111
27.35000	107
27.35833	104
27.36667	101
27.37500	98
27.38333	96
27.39167	94
27.40000	92
27.40833	90
27.41667	88
27.42500	86
27.43333	84
27.44167	82
27.45000	81
27.45833	79
27.46667	78
27.47500	77
27.48333	76
27.49167	75
27.50000	74
27.50833	74
27.51667	73
27.52500	72
27.53333	71
27.54167	71
27.55000	70
27.55833	70
27.56667	69
27.57500	69
27.58333	68
27.59167	67
27.60000	66
27.60833	66
27.61667	66
27.62500	66
27.63333	66
27.64167	65
27.65000	65
27.65833	65
27.66667	65
27.67500	64
27.68333	64
27.69167	64
27.70000	63
27.70833	63
27.71667	62
27.72500	62
27.73333	61
27.74167	61
27.75000	61
27.75833	61
27.76667	61
27.77500	61
27.78333	61
27.79167	61
27.80000	60
27.80833	59
27.81667	59
27.82500	59
27.83333	59
27.84167	59
27.85000	59
27.85833	59
27.86667	59
27.87500	59
27.88333	59
27.89167	59
27.90000	59
27.90833	59
27.91667	58
27.92500	58
27.93333	58
27.94167	58
27.95000	59
27.95833	59
27.96667	58
27.97500	58
27.98333	58
27.99167	58
28.00000	58

