R.Time (min)	Intensity
0.00000	-2
0.00833	-2
0.01667	-0
0.02500	-0
0.03333	-0
0.04167	-0
0.05000	-1
0.05833	-1
0.06667	-1
0.07500	-1
0.08333	-1
0.09167	-1
0.10000	-0
0.10833	0
0.11667	0
0.12500	0
0.13333	0
0.14167	0
0.15000	1
0.15833	0
0.16667	0
0.17500	0
0.18333	-0
0.19167	-0
0.20000	-0
0.20833	-0
0.21667	-0
0.22500	0
0.23333	1
0.24167	1
0.25000	1
0.25833	-0
0.26667	-1
0.27500	-1
0.28333	-1
0.29167	-0
0.30000	0
0.30833	0
0.31667	0
0.32500	1
0.33333	1
0.34167	1
0.35000	1
0.35833	1
0.36667	1
0.37500	1
0.38333	1
0.39167	1
0.40000	1
0.40833	1
0.41667	1
0.42500	1
0.43333	0
0.44167	0
0.45000	0
0.45833	0
0.46667	1
0.47500	1
0.48333	1
0.49167	0
0.50000	0
0.50833	0
0.51667	0
0.52500	0
0.53333	1
0.54167	1
0.55000	-0
0.55833	-0
0.56667	-1
0.57500	-0
0.58333	-0
0.59167	-0
0.60000	0
0.60833	0
0.61667	0
0.62500	0
0.63333	0
0.64167	1
0.65000	1
0.65833	1
0.66667	1
0.67500	1
0.68333	1
0.69167	1
0.70000	1
0.70833	1
0.71667	1
0.72500	1
0.73333	1
0.74167	0
0.75000	0
0.75833	0
0.76667	0
0.77500	1
0.78333	1
0.79167	0
0.80000	0
0.80833	-0
0.81667	-0
0.82500	-1
0.83333	-1
0.84167	-0
0.85000	-0
0.85833	0
0.86667	1
0.87500	1
0.88333	1
0.89167	1
0.90000	1
0.90833	0
0.91667	0
0.92500	-0
0.93333	-0
0.94167	-0
0.95000	0
0.95833	0
0.96667	0
0.97500	0
0.98333	0
0.99167	-0
1.00000	-0
1.00833	-0
1.01667	-0
1.02500	-0
1.03333	-0
1.04167	-0
1.05000	-0
1.05833	-0
1.06667	-0
1.07500	0
1.08333	1
1.09167	1
1.10000	0
1.10833	-0
1.11667	-0
1.12500	-1
1.13333	-1
1.14167	-1
1.15000	-1
1.15833	-0
1.16667	-0
1.17500	-0
1.18333	-0
1.19167	-0
1.20000	-0
1.20833	-1
1.21667	-1
1.22500	-0
1.23333	-0
1.24167	-0
1.25000	-1
1.25833	-1
1.26667	-1
1.27500	-1
1.28333	-1
1.29167	-1
1.30000	-1
1.30833	-1
1.31667	-1
1.32500	-1
1.33333	-1
1.34167	-1
1.35000	-1
1.35833	-1
1.36667	-1
1.37500	-0
1.38333	-0
1.39167	0
1.40000	0
1.40833	-0
1.41667	-1
1.42500	-1
1.43333	-1
1.44167	-1
1.45000	-1
1.45833	-1
1.46667	-2
1.47500	-2
1.48333	-2
1.49167	-2
1.50000	-2
1.50833	-2
1.51667	-2
1.52500	-2
1.53333	-2
1.54167	-1
1.55000	-1
1.55833	-2
1.56667	-2
1.57500	-2
1.58333	-2
1.59167	-2
1.60000	-1
1.60833	-1
1.61667	-1
1.62500	-1
1.63333	-1
1.64167	-1
1.65000	-2
1.65833	-2
1.66667	-2
1.67500	-2
1.68333	-2
1.69167	-3
1.70000	-3
1.70833	-3
1.71667	-3
1.72500	-3
1.73333	-3
1.74167	-3
1.75000	-2
1.75833	-3
1.76667	-3
1.77500	-3
1.78333	-3
1.79167	-3
1.80000	-3
1.80833	-3
1.81667	-3
1.82500	-3
1.83333	-3
1.84167	-3
1.85000	-4
1.85833	-4
1.86667	-4
1.87500	-4
1.88333	-4
1.89167	-4
1.90000	-5
1.90833	-5
1.91667	-5
1.92500	-5
1.93333	-5
1.94167	-5
1.95000	-5
1.95833	-5
1.96667	-5
1.97500	-4
1.98333	-4
1.99167	-4
2.00000	-4
2.00833	-4
2.01667	-4
2.02500	-4
2.03333	-4
2.04167	-4
2.05000	-4
2.05833	-3
2.06667	-3
2.07500	-3
2.08333	-2
2.09167	-2
2.10000	-2
2.10833	-2
2.11667	-2
2.12500	-2
2.13333	-2
2.14167	-2
2.15000	-2
2.15833	-1
2.16667	-1
2.17500	-1
2.18333	-0
2.19167	-0
2.20000	0
2.20833	0
2.21667	0
2.22500	0
2.23333	0
2.24167	0
2.25000	0
2.25833	1
2.26667	1
2.27500	1
2.28333	1
2.29167	1
2.30000	1
2.30833	1
2.31667	1
2.32500	2
2.33333	2
2.34167	3
2.35000	3
2.35833	4
2.36667	4
2.37500	4
2.38333	5
2.39167	5
2.40000	4
2.40833	4
2.41667	4
2.42500	4
2.43333	4
2.44167	5
2.45000	5
2.45833	5
2.46667	6
2.47500	7
2.48333	7
2.49167	7
2.50000	8
2.50833	8
2.51667	9
2.52500	9
2.53333	9
2.54167	9
2.55000	8
2.55833	8
2.56667	8
2.57500	8
2.58333	8
2.59167	9
2.60000	9
2.60833	9
2.61667	9
2.62500	10
2.63333	10
2.64167	10
2.65000	11
2.65833	11
2.66667	11
2.67500	11
2.68333	11
2.69167	11
2.70000	10
2.70833	10
2.71667	10
2.72500	10
2.73333	10
2.74167	10
2.75000	10
2.75833	10
2.76667	11
2.77500	10
2.78333	10
2.79167	10
2.80000	9
2.80833	9
2.81667	9
2.82500	9
2.83333	9
2.84167	9
2.85000	9
2.85833	9
2.86667	9
2.87500	9
2.88333	9
2.89167	9
2.90000	9
2.90833	9
2.91667	8
2.92500	8
2.93333	8
2.94167	9
2.95000	9
2.95833	9
2.96667	10
2.97500	10
2.98333	10
2.99167	10
3.00000	10
3.00833	9
3.01667	9
3.02500	9
3.03333	9
3.04167	8
3.05000	8
3.05833	8
3.06667	8
3.07500	7
3.08333	7
3.09167	7
3.10000	6
3.10833	6
3.11667	5
3.12500	6
3.13333	6
3.14167	6
3.15000	6
3.15833	6
3.16667	7
3.17500	7
3.18333	6
3.19167	6
3.20000	7
3.20833	7
3.21667	7
3.22500	7
3.23333	7
3.24167	6
3.25000	6
3.25833	6
3.26667	6
3.27500	6
3.28333	5
3.29167	5
3.30000	5
3.30833	5
3.31667	5
3.32500	5
3.33333	5
3.34167	5
3.35000	5
3.35833	5
3.36667	4
3.37500	4
3.38333	4
3.39167	4
3.40000	4
3.40833	4
3.41667	4
3.42500	4
3.43333	4
3.44167	4
3.45000	4
3.45833	4
3.46667	3
3.47500	3
3.48333	3
3.49167	3
3.50000	3
3.50833	3
3.51667	2
3.52500	2
3.53333	3
3.54167	3
3.55000	3
3.55833	3
3.56667	3
3.57500	4
3.58333	4
3.59167	5
3.60000	5
3.60833	6
3.61667	6
3.62500	7
3.63333	6
3.64167	6
3.65000	6
3.65833	5
3.66667	5
3.67500	5
3.68333	5
3.69167	5
3.70000	5
3.70833	5
3.71667	5
3.72500	6
3.73333	6
3.74167	6
3.75000	6
3.75833	6
3.76667	6
3.77500	6
3.78333	6
3.79167	6
3.80000	6
3.80833	6
3.81667	6
3.82500	6
3.83333	6
3.84167	6
3.85000	6
3.85833	6
3.86667	6
3.87500	6
3.88333	6
3.89167	6
3.90000	6
3.90833	6
3.91667	6
3.92500	6
3.93333	6
3.94167	6
3.95000	6
3.95833	6
3.96667	5
3.97500	5
3.98333	5
3.99167	5
4.00000	6
4.00833	6
4.01667	6
4.02500	6
4.03333	6
4.04167	5
4.05000	5
4.05833	5
4.06667	5
4.07500	5
4.08333	5
4.09167	5
4.10000	5
4.10833	6
4.11667	5
4.12500	5
4.13333	4
4.14167	4
4.15000	4
4.15833	4
4.16667	4
4.17500	4
4.18333	4
4.19167	4
4.20000	4
4.20833	4
4.21667	4
4.22500	3
4.23333	3
4.24167	3
4.25000	3
4.25833	4
4.26667	5
4.27500	5
4.28333	5
4.29167	6
4.30000	6
4.30833	6
4.31667	6
4.32500	6
4.33333	6
4.34167	5
4.35000	5
4.35833	5
4.36667	5
4.37500	5
4.38333	4
4.39167	4
4.40000	4
4.40833	4
4.41667	4
4.42500	5
4.43333	5
4.44167	5
4.45000	6
4.45833	6
4.46667	6
4.47500	5
4.48333	5
4.49167	5
4.50000	6
4.50833	6
4.51667	7
4.52500	7
4.53333	7
4.54167	8
4.55000	8
4.55833	8
4.56667	9
4.57500	9
4.58333	10
4.59167	10
4.60000	10
4.60833	10
4.61667	10
4.62500	10
4.63333	10
4.64167	10
4.65000	10
4.65833	10
4.66667	10
4.67500	10
4.68333	11
4.69167	11
4.70000	11
4.70833	11
4.71667	11
4.72500	11
4.73333	11
4.74167	11
4.75000	11
4.75833	11
4.76667	11
4.77500	11
4.78333	11
4.79167	12
4.80000	12
4.80833	12
4.81667	12
4.82500	11
4.83333	11
4.84167	12
4.85000	12
4.85833	12
4.86667	12
4.87500	11
4.88333	12
4.89167	12
4.90000	11
4.90833	11
4.91667	11
4.92500	12
4.93333	12
4.94167	12
4.95000	12
4.95833	12
4.96667	12
4.97500	12
4.98333	12
4.99167	12
5.00000	12
5.00833	11
5.01667	11
5.02500	11
5.03333	11
5.04167	11
5.05000	11
5.05833	11
5.06667	11
5.07500	11
5.08333	11
5.09167	11
5.10000	11
5.10833	11
5.11667	11
5.12500	11
5.13333	11
5.14167	11
5.15000	10
5.15833	10
5.16667	10
5.17500	10
5.18333	9
5.19167	9
5.20000	9
5.20833	8
5.21667	8
5.22500	8
5.23333	9
5.24167	9
5.25000	10
5.25833	10
5.26667	10
5.27500	10
5.28333	9
5.29167	9
5.30000	9
5.30833	9
5.31667	9
5.32500	9
5.33333	9
5.34167	9
5.35000	9
5.35833	9
5.36667	10
5.37500	10
5.38333	10
5.39167	10
5.40000	10
5.40833	11
5.41667	11
5.42500	11
5.43333	11
5.44167	10
5.45000	10
5.45833	10
5.46667	10
5.47500	10
5.48333	10
5.49167	10
5.50000	9
5.50833	9
5.51667	10
5.52500	10
5.53333	10
5.54167	10
5.55000	10
5.55833	10
5.56667	10
5.57500	10
5.58333	10
5.59167	10
5.60000	10
5.60833	10
5.61667	10
5.62500	10
5.63333	10
5.64167	10
5.65000	9
5.65833	9
5.66667	9
5.67500	9
5.68333	9
5.69167	9
5.70000	10
5.70833	10
5.71667	10
5.72500	11
5.73333	10
5.74167	10
5.75000	10
5.75833	10
5.76667	9
5.77500	9
5.78333	9
5.79167	9
5.80000	9
5.80833	9
5.81667	9
5.82500	9
5.83333	9
5.84167	9
5.85000	9
5.85833	9
5.86667	9
5.87500	9
5.88333	9
5.89167	9
5.90000	8
5.90833	8
5.91667	8
5.92500	8
5.93333	8
5.94167	8
5.95000	8
5.95833	8
5.96667	8
5.97500	8
5.98333	8
5.99167	8
6.00000	8
6.00833	8
6.01667	8
6.02500	8
6.03333	8
6.04167	8
6.05000	8
6.05833	8
6.06667	8
6.07500	8
6.08333	8
6.09167	8
6.10000	8
6.10833	7
6.11667	8
6.12500	8
6.13333	8
6.14167	8
6.15000	8
6.15833	8
6.16667	8
6.17500	8
6.18333	8
6.19167	7
6.20000	7
6.20833	7
6.21667	7
6.22500	8
6.23333	8
6.24167	8
6.25000	8
6.25833	7
6.26667	7
6.27500	7
6.28333	7
6.29167	6
6.30000	7
6.30833	7
6.31667	7
6.32500	8
6.33333	8
6.34167	8
6.35000	8
6.35833	8
6.36667	8
6.37500	7
6.38333	7
6.39167	6
6.40000	6
6.40833	6
6.41667	6
6.42500	6
6.43333	6
6.44167	7
6.45000	7
6.45833	7
6.46667	7
6.47500	7
6.48333	7
6.49167	7
6.50000	7
6.50833	7
6.51667	7
6.52500	7
6.53333	6
6.54167	6
6.55000	6
6.55833	7
6.56667	7
6.57500	7
6.58333	7
6.59167	7
6.60000	7
6.60833	7
6.61667	7
6.62500	7
6.63333	7
6.64167	8
6.65000	8
6.65833	8
6.66667	8
6.67500	8
6.68333	8
6.69167	8
6.70000	8
6.70833	8
6.71667	8
6.72500	8
6.73333	8
6.74167	8
6.75000	8
6.75833	8
6.76667	8
6.77500	7
6.78333	7
6.79167	7
6.80000	8
6.80833	8
6.81667	9
6.82500	9
6.83333	8
6.84167	8
6.85000	9
6.85833	9
6.86667	9
6.87500	9
6.88333	10
6.89167	10
6.90000	10
6.90833	10
6.91667	10
6.92500	10
6.93333	10
6.94167	9
6.95000	9
6.95833	9
6.96667	9
6.97500	9
6.98333	9
6.99167	10
7.00000	10
7.00833	10
7.01667	10
7.02500	11
7.03333	11
7.04167	11
7.05000	11
7.05833	11
7.06667	11
7.07500	10
7.08333	10
7.09167	10
7.10000	9
7.10833	9
7.11667	9
7.12500	9
7.13333	9
7.14167	9
7.15000	9
7.15833	9
7.16667	10
7.17500	10
7.18333	10
7.19167	11
7.20000	11
7.20833	11
7.21667	12
7.22500	12
7.23333	12
7.24167	12
7.25000	12
7.25833	12
7.26667	12
7.27500	12
7.28333	12
7.29167	11
7.30000	11
7.30833	11
7.31667	11
7.32500	12
7.33333	12
7.34167	11
7.35000	11
7.35833	11
7.36667	11
7.37500	12
7.38333	12
7.39167	13
7.40000	13
7.40833	13
7.41667	13
7.42500	14
7.43333	14
7.44167	13
7.45000	13
7.45833	13
7.46667	13
7.47500	13
7.48333	13
7.49167	13
7.50000	13
7.50833	13
7.51667	12
7.52500	12
7.53333	12
7.54167	12
7.55000	11
7.55833	11
7.56667	11
7.57500	10
7.58333	10
7.59167	10
7.60000	10
7.60833	11
7.61667	11
7.62500	11
7.63333	10
7.64167	10
7.65000	10
7.65833	11
7.66667	11
7.67500	11
7.68333	10
7.69167	10
7.70000	10
7.70833	10
7.71667	10
7.72500	10
7.73333	10
7.74167	11
7.75000	12
7.75833	12
7.76667	13
7.77500	14
7.78333	15
7.79167	17
7.80000	20
7.80833	24
7.81667	28
7.82500	34
7.83333	42
7.84167	52
7.85000	65
7.85833	81
7.86667	101
7.87500	124
7.88333	151
7.89167	182
7.90000	216
7.90833	253
7.91667	293
7.92500	334
7.93333	376
7.94167	418
7.95000	458
7.95833	496
7.96667	531
7.97500	561
7.98333	586
7.99167	606
8.00000	620
8.00833	627
8.01667	629
8.02500	624
8.03333	614
8.04167	599
8.05000	580
8.05833	557
8.06667	532
8.07500	504
8.08333	475
8.09167	445
8.10000	415
8.10833	386
8.11667	357
8.12500	329
8.13333	303
8.14167	278
8.15000	255
8.15833	233
8.16667	213
8.17500	195
8.18333	178
8.19167	163
8.20000	149
8.20833	136
8.21667	125
8.22500	115
8.23333	106
8.24167	97
8.25000	90
8.25833	82
8.26667	75
8.27500	69
8.28333	63
8.29167	58
8.30000	53
8.30833	48
8.31667	43
8.32500	39
8.33333	35
8.34167	32
8.35000	29
8.35833	26
8.36667	24
8.37500	22
8.38333	19
8.39167	17
8.40000	16
8.40833	14
8.41667	13
8.42500	12
8.43333	11
8.44167	11
8.45000	10
8.45833	11
8.46667	11
8.47500	11
8.48333	11
8.49167	11
8.50000	12
8.50833	13
8.51667	13
8.52500	14
8.53333	15
8.54167	15
8.55000	16
8.55833	17
8.56667	18
8.57500	19
8.58333	20
8.59167	21
8.60000	22
8.60833	22
8.61667	23
8.62500	23
8.63333	23
8.64167	23
8.65000	23
8.65833	23
8.66667	23
8.67500	23
8.68333	23
8.69167	23
8.70000	23
8.70833	22
8.71667	22
8.72500	21
8.73333	21
8.74167	21
8.75000	20
8.75833	19
8.76667	19
8.77500	19
8.78333	18
8.79167	18
8.80000	18
8.80833	17
8.81667	17
8.82500	17
8.83333	17
8.84167	17
8.85000	17
8.85833	17
8.86667	16
8.87500	16
8.88333	16
8.89167	15
8.90000	15
8.90833	15
8.91667	15
8.92500	15
8.93333	15
8.94167	14
8.95000	14
8.95833	13
8.96667	13
8.97500	13
8.98333	13
8.99167	13
9.00000	13
9.00833	14
9.01667	14
9.02500	14
9.03333	14
9.04167	15
9.05000	15
9.05833	15
9.06667	14
9.07500	14
9.08333	14
9.09167	14
9.10000	14
9.10833	14
9.11667	14
9.12500	15
9.13333	15
9.14167	14
9.15000	14
9.15833	14
9.16667	14
9.17500	15
9.18333	15
9.19167	15
9.20000	16
9.20833	16
9.21667	16
9.22500	17
9.23333	18
9.24167	18
9.25000	19
9.25833	21
9.26667	22
9.27500	23
9.28333	24
9.29167	25
9.30000	26
9.30833	27
9.31667	28
9.32500	29
9.33333	30
9.34167	31
9.35000	32
9.35833	33
9.36667	34
9.37500	35
9.38333	36
9.39167	37
9.40000	37
9.40833	38
9.41667	38
9.42500	38
9.43333	38
9.44167	39
9.45000	39
9.45833	40
9.46667	40
9.47500	41
9.48333	41
9.49167	41
9.50000	41
9.50833	41
9.51667	41
9.52500	41
9.53333	40
9.54167	40
9.55000	39
9.55833	39
9.56667	38
9.57500	37
9.58333	36
9.59167	36
9.60000	35
9.60833	34
9.61667	33
9.62500	33
9.63333	33
9.64167	33
9.65000	32
9.65833	31
9.66667	31
9.67500	31
9.68333	31
9.69167	30
9.70000	30
9.70833	29
9.71667	28
9.72500	27
9.73333	26
9.74167	25
9.75000	25
9.75833	24
9.76667	24
9.77500	24
9.78333	23
9.79167	22
9.80000	21
9.80833	21
9.81667	20
9.82500	20
9.83333	20
9.84167	20
9.85000	20
9.85833	19
9.86667	19
9.87500	18
9.88333	18
9.89167	18
9.90000	18
9.90833	18
9.91667	18
9.92500	18
9.93333	18
9.94167	18
9.95000	17
9.95833	17
9.96667	17
9.97500	17
9.98333	17
9.99167	16
10.00000	16
10.00833	15
10.01667	15
10.02500	15
10.03333	15
10.04167	16
10.05000	16
10.05833	16
10.06667	16
10.07500	16
10.08333	16
10.09167	16
10.10000	16
10.10833	16
10.11667	16
10.12500	16
10.13333	16
10.14167	16
10.15000	16
10.15833	16
10.16667	16
10.17500	17
10.18333	17
10.19167	17
10.20000	17
10.20833	17
10.21667	17
10.22500	17
10.23333	16
10.24167	16
10.25000	16
10.25833	16
10.26667	16
10.27500	16
10.28333	16
10.29167	16
10.30000	16
10.30833	17
10.31667	17
10.32500	18
10.33333	18
10.34167	18
10.35000	19
10.35833	18
10.36667	18
10.37500	18
10.38333	19
10.39167	19
10.40000	19
10.40833	18
10.41667	18
10.42500	18
10.43333	19
10.44167	19
10.45000	19
10.45833	18
10.46667	18
10.47500	18
10.48333	18
10.49167	18
10.50000	18
10.50833	18
10.51667	18
10.52500	18
10.53333	18
10.54167	17
10.55000	17
10.55833	17
10.56667	17
10.57500	17
10.58333	16
10.59167	16
10.60000	16
10.60833	16
10.61667	16
10.62500	17
10.63333	17
10.64167	17
10.65000	16
10.65833	16
10.66667	17
10.67500	17
10.68333	17
10.69167	16
10.70000	16
10.70833	16
10.71667	15
10.72500	15
10.73333	15
10.74167	14
10.75000	14
10.75833	14
10.76667	13
10.77500	13
10.78333	13
10.79167	13
10.80000	13
10.80833	13
10.81667	13
10.82500	13
10.83333	13
10.84167	13
10.85000	13
10.85833	12
10.86667	12
10.87500	12
10.88333	12
10.89167	13
10.90000	13
10.90833	14
10.91667	16
10.92500	17
10.93333	19
10.94167	21
10.95000	22
10.95833	24
10.96667	26
10.97500	28
10.98333	31
10.99167	34
11.00000	38
11.00833	43
11.01667	49
11.02500	56
11.03333	65
11.04167	75
11.05000	88
11.05833	104
11.06667	123
11.07500	146
11.08333	174
11.09167	209
11.10000	252
11.10833	305
11.11667	370
11.12500	448
11.13333	542
11.14167	654
11.15000	788
11.15833	945
11.16667	1128
11.17500	1340
11.18333	1582
11.19167	1858
11.20000	2168
11.20833	2513
11.21667	2893
11.22500	3308
11.23333	3755
11.24167	4233
11.25000	4738
11.25833	5265
11.26667	5810
11.27500	6367
11.28333	6928
11.29167	7487
11.30000	8036
11.30833	8569
11.31667	9077
11.32500	9553
11.33333	9991
11.34167	10384
11.35000	10728
11.35833	11018
11.36667	11250
11.37500	11423
11.38333	11535
11.39167	11586
11.40000	11578
11.40833	11512
11.41667	11390
11.42500	11217
11.43333	10995
11.44167	10731
11.45000	10428
11.45833	10093
11.46667	9729
11.47500	9343
11.48333	8938
11.49167	8520
11.50000	8094
11.50833	7662
11.51667	7230
11.52500	6802
11.53333	6380
11.54167	5966
11.55000	5565
11.55833	5176
11.56667	4802
11.57500	4444
11.58333	4103
11.59167	3780
11.60000	3475
11.60833	3189
11.61667	2921
11.62500	2671
11.63333	2437
11.64167	2221
11.65000	2020
11.65833	1835
11.66667	1665
11.67500	1509
11.68333	1366
11.69167	1235
11.70000	1116
11.70833	1008
11.71667	910
11.72500	821
11.73333	741
11.74167	668
11.75000	603
11.75833	544
11.76667	492
11.77500	444
11.78333	402
11.79167	364
11.80000	329
11.80833	299
11.81667	271
11.82500	247
11.83333	226
11.84167	206
11.85000	189
11.85833	174
11.86667	160
11.87500	148
11.88333	137
11.89167	128
11.90000	119
11.90833	112
11.91667	105
11.92500	99
11.93333	93
11.94167	88
11.95000	84
11.95833	80
11.96667	76
11.97500	73
11.98333	70
11.99167	68
12.00000	65
12.00833	63
12.01667	62
12.02500	61
12.03333	60
12.04167	59
12.05000	58
12.05833	57
12.06667	56
12.07500	56
12.08333	56
12.09167	55
12.10000	55
12.10833	56
12.11667	56
12.12500	56
12.13333	56
12.14167	57
12.15000	57
12.15833	58
12.16667	58
12.17500	59
12.18333	59
12.19167	59
12.20000	60
12.20833	60
12.21667	60
12.22500	60
12.23333	60
12.24167	59
12.25000	59
12.25833	58
12.26667	58
12.27500	57
12.28333	56
12.29167	56
12.30000	55
12.30833	54
12.31667	53
12.32500	52
12.33333	50
12.34167	49
12.35000	48
12.35833	46
12.36667	45
12.37500	44
12.38333	42
12.39167	41
12.40000	40
12.40833	39
12.41667	38
12.42500	37
12.43333	36
12.44167	35
12.45000	34
12.45833	34
12.46667	33
12.47500	32
12.48333	31
12.49167	31
12.50000	30
12.50833	29
12.51667	29
12.52500	28
12.53333	27
12.54167	26
12.55000	26
12.55833	25
12.56667	25
12.57500	24
12.58333	24
12.59167	23
12.60000	22
12.60833	22
12.61667	22
12.62500	22
12.63333	23
12.64167	23
12.65000	23
12.65833	22
12.66667	22
12.67500	22
12.68333	22
12.69167	22
12.70000	22
12.70833	22
12.71667	22
12.72500	23
12.73333	23
12.74167	23
12.75000	23
12.75833	23
12.76667	23
12.77500	23
12.78333	23
12.79167	23
12.80000	24
12.80833	24
12.81667	24
12.82500	24
12.83333	24
12.84167	24
12.85000	23
12.85833	23
12.86667	22
12.87500	22
12.88333	22
12.89167	22
12.90000	22
12.90833	22
12.91667	22
12.92500	23
12.93333	23
12.94167	24
12.95000	23
12.95833	23
12.96667	23
12.97500	22
12.98333	22
12.99167	22
13.00000	21
13.00833	20
13.01667	20
13.02500	19
13.03333	19
13.04167	19
13.05000	19
13.05833	19
13.06667	19
13.07500	19
13.08333	19
13.09167	19
13.10000	19
13.10833	19
13.11667	19
13.12500	19
13.13333	19
13.14167	19
13.15000	19
13.15833	19
13.16667	19
13.17500	19
13.18333	19
13.19167	19
13.20000	19
13.20833	19
13.21667	19
13.22500	19
13.23333	19
13.24167	19
13.25000	19
13.25833	19
13.26667	19
13.27500	19
13.28333	19
13.29167	19
13.30000	19
13.30833	19
13.31667	19
13.32500	19
13.33333	20
13.34167	20
13.35000	20
13.35833	20
13.36667	20
13.37500	19
13.38333	19
13.39167	18
13.40000	18
13.40833	19
13.41667	19
13.42500	20
13.43333	20
13.44167	20
13.45000	20
13.45833	20
13.46667	21
13.47500	21
13.48333	20
13.49167	19
13.50000	19
13.50833	19
13.51667	18
13.52500	18
13.53333	18
13.54167	18
13.55000	18
13.55833	18
13.56667	19
13.57500	19
13.58333	19
13.59167	18
13.60000	18
13.60833	17
13.61667	18
13.62500	18
13.63333	18
13.64167	17
13.65000	17
13.65833	17
13.66667	17
13.67500	17
13.68333	17
13.69167	17
13.70000	17
13.70833	17
13.71667	16
13.72500	16
13.73333	16
13.74167	16
13.75000	16
13.75833	16
13.76667	16
13.77500	15
13.78333	15
13.79167	15
13.80000	15
13.80833	15
13.81667	15
13.82500	14
13.83333	14
13.84167	14
13.85000	14
13.85833	14
13.86667	14
13.87500	14
13.88333	14
13.89167	14
13.90000	14
13.90833	13
13.91667	12
13.92500	12
13.93333	11
13.94167	10
13.95000	10
13.95833	9
13.96667	9
13.97500	8
13.98333	8
13.99167	8
14.00000	8
14.00833	8
14.01667	8
14.02500	8
14.03333	7
14.04167	7
14.05000	7
14.05833	6
14.06667	7
14.07500	6
14.08333	6
14.09167	6
14.10000	7
14.10833	7
14.11667	7
14.12500	7
14.13333	6
14.14167	6
14.15000	6
14.15833	6
14.16667	6
14.17500	6
14.18333	6
14.19167	6
14.20000	6
14.20833	6
14.21667	7
14.22500	7
14.23333	7
14.24167	8
14.25000	8
14.25833	9
14.26667	9
14.27500	10
14.28333	11
14.29167	12
14.30000	12
14.30833	13
14.31667	14
14.32500	14
14.33333	15
14.34167	15
14.35000	16
14.35833	16
14.36667	17
14.37500	17
14.38333	18
14.39167	19
14.40000	19
14.40833	20
14.41667	20
14.42500	21
14.43333	21
14.44167	22
14.45000	22
14.45833	22
14.46667	23
14.47500	23
14.48333	24
14.49167	24
14.50000	24
14.50833	25
14.51667	26
14.52500	27
14.53333	28
14.54167	29
14.55000	30
14.55833	31
14.56667	32
14.57500	33
14.58333	34
14.59167	34
14.60000	35
14.60833	36
14.61667	38
14.62500	39
14.63333	40
14.64167	41
14.65000	42
14.65833	43
14.66667	44
14.67500	45
14.68333	45
14.69167	47
14.70000	48
14.70833	50
14.71667	52
14.72500	54
14.73333	56
14.74167	58
14.75000	60
14.75833	62
14.76667	64
14.77500	66
14.78333	68
14.79167	70
14.80000	72
14.80833	74
14.81667	75
14.82500	77
14.83333	79
14.84167	81
14.85000	83
14.85833	85
14.86667	87
14.87500	89
14.88333	91
14.89167	93
14.90000	95
14.90833	97
14.91667	99
14.92500	101
14.93333	104
14.94167	106
14.95000	107
14.95833	109
14.96667	111
14.97500	114
14.98333	116
14.99167	118
15.00000	120
15.00833	122
15.01667	124
15.02500	127
15.03333	129
15.04167	131
15.05000	134
15.05833	137
15.06667	139
15.07500	142
15.08333	145
15.09167	148
15.10000	151
15.10833	155
15.11667	159
15.12500	163
15.13333	167
15.14167	171
15.15000	176
15.15833	181
15.16667	187
15.17500	193
15.18333	201
15.19167	209
15.20000	218
15.20833	229
15.21667	242
15.22500	256
15.23333	273
15.24167	293
15.25000	314
15.25833	340
15.26667	369
15.27500	404
15.28333	443
15.29167	488
15.30000	539
15.30833	597
15.31667	663
15.32500	737
15.33333	820
15.34167	912
15.35000	1013
15.35833	1125
15.36667	1248
15.37500	1381
15.38333	1525
15.39167	1680
15.40000	1845
15.40833	2020
15.41667	2204
15.42500	2395
15.43333	2594
15.44167	2797
15.45000	3004
15.45833	3213
15.46667	3422
15.47500	3630
15.48333	3834
15.49167	4032
15.50000	4223
15.50833	4403
15.51667	4573
15.52500	4729
15.53333	4871
15.54167	4997
15.55000	5106
15.55833	5197
15.56667	5268
15.57500	5321
15.58333	5354
15.59167	5368
15.60000	5363
15.60833	5338
15.61667	5296
15.62500	5237
15.63333	5162
15.64167	5072
15.65000	4968
15.65833	4852
15.66667	4725
15.67500	4587
15.68333	4442
15.69167	4290
15.70000	4133
15.70833	3972
15.71667	3807
15.72500	3641
15.73333	3474
15.74167	3308
15.75000	3142
15.75833	2979
15.76667	2818
15.77500	2661
15.78333	2509
15.79167	2361
15.80000	2218
15.80833	2080
15.81667	1948
15.82500	1821
15.83333	1700
15.84167	1586
15.85000	1476
15.85833	1373
15.86667	1275
15.87500	1183
15.88333	1097
15.89167	1016
15.90000	940
15.90833	870
15.91667	804
15.92500	742
15.93333	684
15.94167	631
15.95000	581
15.95833	536
15.96667	494
15.97500	456
15.98333	420
15.99167	388
16.00000	358
16.00833	330
16.01667	305
16.02500	282
16.03333	260
16.04167	241
16.05000	223
16.05833	207
16.06667	191
16.07500	177
16.08333	165
16.09167	153
16.10000	143
16.10833	133
16.11667	124
16.12500	116
16.13333	109
16.14167	103
16.15000	98
16.15833	93
16.16667	88
16.17500	84
16.18333	80
16.19167	76
16.20000	73
16.20833	69
16.21667	66
16.22500	63
16.23333	61
16.24167	59
16.25000	57
16.25833	55
16.26667	53
16.27500	51
16.28333	49
16.29167	48
16.30000	47
16.30833	46
16.31667	45
16.32500	43
16.33333	42
16.34167	41
16.35000	40
16.35833	39
16.36667	38
16.37500	37
16.38333	37
16.39167	37
16.40000	37
16.40833	36
16.41667	36
16.42500	36
16.43333	35
16.44167	34
16.45000	34
16.45833	34
16.46667	33
16.47500	33
16.48333	32
16.49167	31
16.50000	31
16.50833	30
16.51667	30
16.52500	30
16.53333	30
16.54167	30
16.55000	31
16.55833	31
16.56667	30
16.57500	30
16.58333	29
16.59167	29
16.60000	29
16.60833	28
16.61667	28
16.62500	28
16.63333	27
16.64167	28
16.65000	29
16.65833	29
16.66667	29
16.67500	29
16.68333	30
16.69167	30
16.70000	31
16.70833	31
16.71667	31
16.72500	31
16.73333	31
16.74167	31
16.75000	31
16.75833	31
16.76667	31
16.77500	32
16.78333	32
16.79167	32
16.80000	32
16.80833	32
16.81667	32
16.82500	32
16.83333	33
16.84167	33
16.85000	33
16.85833	32
16.86667	32
16.87500	31
16.88333	31
16.89167	31
16.90000	31
16.90833	31
16.91667	30
16.92500	30
16.93333	30
16.94167	30
16.95000	29
16.95833	29
16.96667	28
16.97500	27
16.98333	27
16.99167	27
17.00000	27
17.00833	27
17.01667	26
17.02500	25
17.03333	24
17.04167	24
17.05000	24
17.05833	24
17.06667	24
17.07500	24
17.08333	24
17.09167	24
17.10000	24
17.10833	23
17.11667	23
17.12500	23
17.13333	22
17.14167	22
17.15000	22
17.15833	22
17.16667	22
17.17500	22
17.18333	22
17.19167	22
17.20000	22
17.20833	22
17.21667	21
17.22500	21
17.23333	20
17.24167	20
17.25000	20
17.25833	20
17.26667	20
17.27500	20
17.28333	20
17.29167	20
17.30000	21
17.30833	20
17.31667	20
17.32500	20
17.33333	20
17.34167	20
17.35000	20
17.35833	20
17.36667	20
17.37500	20
17.38333	20
17.39167	20
17.40000	21
17.40833	21
17.41667	21
17.42500	21
17.43333	21
17.44167	21
17.45000	21
17.45833	21
17.46667	21
17.47500	21
17.48333	21
17.49167	21
17.50000	22
17.50833	23
17.51667	23
17.52500	23
17.53333	24
17.54167	24
17.55000	24
17.55833	23
17.56667	23
17.57500	22
17.58333	22
17.59167	22
17.60000	23
17.60833	23
17.61667	23
17.62500	23
17.63333	23
17.64167	23
17.65000	24
17.65833	25
17.66667	25
17.67500	26
17.68333	26
17.69167	27
17.70000	28
17.70833	29
17.71667	30
17.72500	32
17.73333	33
17.74167	35
17.75000	37
17.75833	38
17.76667	41
17.77500	44
17.78333	47
17.79167	51
17.80000	55
17.80833	59
17.81667	64
17.82500	70
17.83333	76
17.84167	84
17.85000	92
17.85833	102
17.86667	112
17.87500	125
17.88333	139
17.89167	154
17.90000	172
17.90833	192
17.91667	215
17.92500	240
17.93333	268
17.94167	299
17.95000	333
17.95833	371
17.96667	413
17.97500	459
17.98333	509
17.99167	563
18.00000	622
18.00833	685
18.01667	753
18.02500	824
18.03333	899
18.04167	978
18.05000	1060
18.05833	1146
18.06667	1234
18.07500	1324
18.08333	1417
18.09167	1510
18.10000	1605
18.10833	1699
18.11667	1792
18.12500	1884
18.13333	1974
18.14167	2060
18.15000	2143
18.15833	2222
18.16667	2296
18.17500	2364
18.18333	2426
18.19167	2482
18.20000	2531
18.20833	2572
18.21667	2605
18.22500	2631
18.23333	2649
18.24167	2659
18.25000	2662
18.25833	2656
18.26667	2643
18.27500	2623
18.28333	2596
18.29167	2562
18.30000	2522
18.30833	2476
18.31667	2425
18.32500	2369
18.33333	2309
18.34167	2246
18.35000	2179
18.35833	2109
18.36667	2038
18.37500	1964
18.38333	1890
18.39167	1815
18.40000	1740
18.40833	1664
18.41667	1589
18.42500	1515
18.43333	1442
18.44167	1370
18.45000	1299
18.45833	1230
18.46667	1163
18.47500	1098
18.48333	1036
18.49167	976
18.50000	918
18.50833	862
18.51667	809
18.52500	758
18.53333	710
18.54167	664
18.55000	620
18.55833	579
18.56667	540
18.57500	503
18.58333	468
18.59167	436
18.60000	406
18.60833	378
18.61667	352
18.62500	327
18.63333	303
18.64167	281
18.65000	261
18.65833	243
18.66667	226
18.67500	210
18.68333	195
18.69167	181
18.70000	168
18.70833	156
18.71667	146
18.72500	136
18.73333	127
18.74167	119
18.75000	111
18.75833	104
18.76667	97
18.77500	91
18.78333	86
18.79167	80
18.80000	75
18.80833	71
18.81667	67
18.82500	64
18.83333	60
18.84167	57
18.85000	54
18.85833	52
18.86667	49
18.87500	46
18.88333	44
18.89167	42
18.90000	40
18.90833	39
18.91667	38
18.92500	36
18.93333	35
18.94167	34
18.95000	33
18.95833	33
18.96667	32
18.97500	31
18.98333	31
18.99167	30
19.00000	30
19.00833	29
19.01667	29
19.02500	28
19.03333	28
19.04167	27
19.05000	27
19.05833	26
19.06667	25
19.07500	25
19.08333	25
19.09167	25
19.10000	25
19.10833	25
19.11667	25
19.12500	25
19.13333	25
19.14167	25
19.15000	24
19.15833	24
19.16667	23
19.17500	23
19.18333	23
19.19167	23
19.20000	23
19.20833	23
19.21667	23
19.22500	23
19.23333	23
19.24167	22
19.25000	22
19.25833	22
19.26667	22
19.27500	22
19.28333	22
19.29167	23
19.30000	23
19.30833	23
19.31667	23
19.32500	24
19.33333	24
19.34167	24
19.35000	24
19.35833	24
19.36667	24
19.37500	25
19.38333	25
19.39167	25
19.40000	25
19.40833	25
19.41667	25
19.42500	24
19.43333	24
19.44167	24
19.45000	24
19.45833	24
19.46667	25
19.47500	25
19.48333	25
19.49167	25
19.50000	25
19.50833	25
19.51667	26
19.52500	26
19.53333	26
19.54167	26
19.55000	27
19.55833	27
19.56667	27
19.57500	27
19.58333	28
19.59167	28
19.60000	28
19.60833	28
19.61667	29
19.62500	29
19.63333	29
19.64167	29
19.65000	29
19.65833	29
19.66667	29
19.67500	29
19.68333	29
19.69167	29
19.70000	29
19.70833	29
19.71667	29
19.72500	29
19.73333	29
19.74167	29
19.75000	29
19.75833	29
19.76667	30
19.77500	30
19.78333	30
19.79167	30
19.80000	30
19.80833	30
19.81667	30
19.82500	30
19.83333	31
19.84167	31
19.85000	31
19.85833	31
19.86667	31
19.87500	31
19.88333	31
19.89167	31
19.90000	31
19.90833	31
19.91667	31
19.92500	30
19.93333	30
19.94167	31
19.95000	31
19.95833	31
19.96667	31
19.97500	31
19.98333	30
19.99167	30
20.00000	30
20.00833	30
20.01667	30
20.02500	30
20.03333	30
20.04167	30
20.05000	30
20.05833	31
20.06667	31
20.07500	32
20.08333	32
20.09167	32
20.10000	32
20.10833	32
20.11667	31
20.12500	31
20.13333	31
20.14167	30
20.15000	30
20.15833	30
20.16667	31
20.17500	31
20.18333	30
20.19167	30
20.20000	29
20.20833	29
20.21667	30
20.22500	30
20.23333	30
20.24167	29
20.25000	29
20.25833	29
20.26667	29
20.27500	29
20.28333	29
20.29167	29
20.30000	29
20.30833	29
20.31667	29
20.32500	28
20.33333	29
20.34167	29
20.35000	30
20.35833	30
20.36667	30
20.37500	29
20.38333	29
20.39167	29
20.40000	29
20.40833	28
20.41667	29
20.42500	29
20.43333	28
20.44167	29
20.45000	29
20.45833	29
20.46667	30
20.47500	30
20.48333	30
20.49167	30
20.50000	30
20.50833	29
20.51667	29
20.52500	29
20.53333	29
20.54167	29
20.55000	29
20.55833	28
20.56667	28
20.57500	28
20.58333	28
20.59167	29
20.60000	28
20.60833	28
20.61667	28
20.62500	27
20.63333	27
20.64167	28
20.65000	28
20.65833	28
20.66667	28
20.67500	28
20.68333	27
20.69167	27
20.70000	27
20.70833	27
20.71667	27
20.72500	27
20.73333	27
20.74167	27
20.75000	27
20.75833	27
20.76667	27
20.77500	27
20.78333	28
20.79167	28
20.80000	28
20.80833	27
20.81667	27
20.82500	27
20.83333	27
20.84167	27
20.85000	27
20.85833	27
20.86667	27
20.87500	27
20.88333	26
20.89167	26
20.90000	26
20.90833	26
20.91667	26
20.92500	26
20.93333	26
20.94167	26
20.95000	26
20.95833	26
20.96667	26
20.97500	26
20.98333	26
20.99167	26
21.00000	26
21.00833	27
21.01667	27
21.02500	27
21.03333	27
21.04167	27
21.05000	27
21.05833	27
21.06667	27
21.07500	27
21.08333	27
21.09167	27
21.10000	27
21.10833	27
21.11667	26
21.12500	26
21.13333	26
21.14167	27
21.15000	27
21.15833	28
21.16667	27
21.17500	28
21.18333	28
21.19167	27
21.20000	27
21.20833	27
21.21667	26
21.22500	26
21.23333	26
21.24167	26
21.25000	26
21.25833	26
21.26667	26
21.27500	26
21.28333	25
21.29167	25
21.30000	25
21.30833	25
21.31667	25
21.32500	25
21.33333	25
21.34167	25
21.35000	25
21.35833	25
21.36667	25
21.37500	25
21.38333	25
21.39167	25
21.40000	25
21.40833	25
21.41667	24
21.42500	24
21.43333	24
21.44167	24
21.45000	24
21.45833	24
21.46667	24
21.47500	24
21.48333	24
21.49167	24
21.50000	25
21.50833	25
21.51667	25
21.52500	25
21.53333	25
21.54167	25
21.55000	25
21.55833	25
21.56667	25
21.57500	25
21.58333	25
21.59167	25
21.60000	25
21.60833	25
21.61667	25
21.62500	25
21.63333	25
21.64167	25
21.65000	25
21.65833	25
21.66667	25
21.67500	25
21.68333	25
21.69167	26
21.70000	26
21.70833	27
21.71667	27
21.72500	27
21.73333	27
21.74167	27
21.75000	27
21.75833	27
21.76667	27
21.77500	27
21.78333	27
21.79167	27
21.80000	26
21.80833	26
21.81667	26
21.82500	26
21.83333	26
21.84167	25
21.85000	25
21.85833	25
21.86667	25
21.87500	24
21.88333	23
21.89167	22
21.90000	22
21.90833	21
21.91667	20
21.92500	20
21.93333	18
21.94167	17
21.95000	16
21.95833	14
21.96667	13
21.97500	11
21.98333	10
21.99167	9
22.00000	7
22.00833	4
22.01667	2
22.02500	-1
22.03333	-3
22.04167	-5
22.05000	-7
22.05833	-9
22.06667	-12
22.07500	-15
22.08333	-18
22.09167	-21
22.10000	-24
22.10833	-27
22.11667	-30
22.12500	-33
22.13333	-36
22.14167	-38
22.15000	-41
22.15833	-45
22.16667	-48
22.17500	-51
22.18333	-55
22.19167	-58
22.20000	-61
22.20833	-64
22.21667	-66
22.22500	-68
22.23333	-71
22.24167	-73
22.25000	-76
22.25833	-78
22.26667	-80
22.27500	-82
22.28333	-84
22.29167	-85
22.30000	-85
22.30833	-86
22.31667	-87
22.32500	-87
22.33333	-87
22.34167	-87
22.35000	-87
22.35833	-86
22.36667	-86
22.37500	-85
22.38333	-85
22.39167	-84
22.40000	-83
22.40833	-82
22.41667	-80
22.42500	-79
22.43333	-76
22.44167	-74
22.45000	-72
22.45833	-69
22.46667	-67
22.47500	-64
22.48333	-62
22.49167	-60
22.50000	-57
22.50833	-54
22.51667	-50
22.52500	-48
22.53333	-45
22.54167	-42
22.55000	-40
22.55833	-37
22.56667	-35
22.57500	-33
22.58333	-30
22.59167	-27
22.60000	-25
22.60833	-22
22.61667	-19
22.62500	-17
22.63333	-14
22.64167	-12
22.65000	-10
22.65833	-8
22.66667	-6
22.67500	-4
22.68333	-1
22.69167	0
22.70000	2
22.70833	4
22.71667	6
22.72500	7
22.73333	8
22.74167	9
22.75000	10
22.75833	11
22.76667	12
22.77500	13
22.78333	14
22.79167	15
22.80000	16
22.80833	17
22.81667	18
22.82500	19
22.83333	20
22.84167	21
22.85000	21
22.85833	22
22.86667	23
22.87500	23
22.88333	24
22.89167	24
22.90000	24
22.90833	24
22.91667	25
22.92500	25
22.93333	26
22.94167	26
22.95000	27
22.95833	27
22.96667	28
22.97500	28
22.98333	28
22.99167	28
23.00000	28
23.00833	29
23.01667	29
23.02500	29
23.03333	29
23.04167	30
23.05000	30
23.05833	30
23.06667	30
23.07500	30
23.08333	30
23.09167	30
23.10000	30
23.10833	30
23.11667	30
23.12500	30
23.13333	30
23.14167	30
23.15000	30
23.15833	30
23.16667	30
23.17500	31
23.18333	31
23.19167	31
23.20000	31
23.20833	32
23.21667	32
23.22500	31
23.23333	31
23.24167	31
23.25000	31
23.25833	31
23.26667	31
23.27500	31
23.28333	31
23.29167	31
23.30000	31
23.30833	31
23.31667	31
23.32500	31
23.33333	31
23.34167	32
23.35000	32
23.35833	33
23.36667	33
23.37500	33
23.38333	33
23.39167	33
23.40000	33
23.40833	33
23.41667	33
23.42500	33
23.43333	33
23.44167	32
23.45000	32
23.45833	32
23.46667	32
23.47500	32
23.48333	32
23.49167	31
23.50000	31
23.50833	31
23.51667	31
23.52500	31
23.53333	31
23.54167	31
23.55000	30
23.55833	30
23.56667	30
23.57500	30
23.58333	30
23.59167	30
23.60000	29
23.60833	29
23.61667	29
23.62500	28
23.63333	27
23.64167	27
23.65000	26
23.65833	26
23.66667	25
23.67500	25
23.68333	24
23.69167	23
23.70000	23
23.70833	22
23.71667	21
23.72500	20
23.73333	20
23.74167	19
23.75000	18
23.75833	17
23.76667	16
23.77500	16
23.78333	15
23.79167	14
23.80000	13
23.80833	12
23.81667	11
23.82500	10
23.83333	9
23.84167	8
23.85000	8
23.85833	7
23.86667	6
23.87500	6
23.88333	5
23.89167	5
23.90000	4
23.90833	3
23.91667	2
23.92500	2
23.93333	1
23.94167	-0
23.95000	-1
23.95833	-1
23.96667	-2
23.97500	-3
23.98333	-3
23.99167	-2
24.00000	-2
24.00833	-2
24.01667	-1
24.02500	-1
24.03333	-1
24.04167	-1
24.05000	-1
24.05833	-1
24.06667	-0
24.07500	0
24.08333	0
24.09167	0
24.10000	1
24.10833	1
24.11667	2
24.12500	2
24.13333	3
24.14167	3
24.15000	4
24.15833	5
24.16667	6
24.17500	7
24.18333	7
24.19167	8
24.20000	9
24.20833	10
24.21667	10
24.22500	10
24.23333	11
24.24167	11
24.25000	11
24.25833	12
24.26667	13
24.27500	14
24.28333	14
24.29167	15
24.30000	16
24.30833	17
24.31667	18
24.32500	18
24.33333	19
24.34167	20
24.35000	20
24.35833	20
24.36667	21
24.37500	21
24.38333	21
24.39167	22
24.40000	22
24.40833	22
24.41667	22
24.42500	23
24.43333	23
24.44167	23
24.45000	24
24.45833	24
24.46667	24
24.47500	24
24.48333	25
24.49167	25
24.50000	25
24.50833	25
24.51667	25
24.52500	25
24.53333	25
24.54167	25
24.55000	25
24.55833	26
24.56667	26
24.57500	26
24.58333	27
24.59167	27
24.60000	27
24.60833	27
24.61667	28
24.62500	28
24.63333	28
24.64167	29
24.65000	28
24.65833	28
24.66667	28
24.67500	28
24.68333	28
24.69167	28
24.70000	28
24.70833	28
24.71667	28
24.72500	28
24.73333	28
24.74167	28
24.75000	28
24.75833	29
24.76667	29
24.77500	29
24.78333	29
24.79167	30
24.80000	30
24.80833	30
24.81667	30
24.82500	30
24.83333	30
24.84167	30
24.85000	30
24.85833	30
24.86667	30
24.87500	30
24.88333	31
24.89167	31
24.90000	31
24.90833	31
24.91667	31
24.92500	31
24.93333	31
24.94167	31
24.95000	32
24.95833	32
24.96667	32
24.97500	33
24.98333	33
24.99167	34
25.00000	34
25.00833	35
25.01667	35
25.02500	35
25.03333	35
25.04167	35
25.05000	35
25.05833	35
25.06667	35
25.07500	35
25.08333	34
25.09167	34
25.10000	35
25.10833	35
25.11667	35
25.12500	35
25.13333	36
25.14167	36
25.15000	36
25.15833	35
25.16667	35
25.17500	35
25.18333	36
25.19167	36
25.20000	37
25.20833	37
25.21667	37
25.22500	37
25.23333	37
25.24167	37
25.25000	37
25.25833	37
25.26667	38
25.27500	38
25.28333	38
25.29167	39
25.30000	40
25.30833	40
25.31667	40
25.32500	41
25.33333	41
25.34167	42
25.35000	43
25.35833	44
25.36667	46
25.37500	48
25.38333	49
25.39167	51
25.40000	53
25.40833	55
25.41667	57
25.42500	59
25.43333	62
25.44167	65
25.45000	68
25.45833	71
25.46667	75
25.47500	79
25.48333	84
25.49167	89
25.50000	94
25.50833	100
25.51667	107
25.52500	114
25.53333	122
25.54167	131
25.55000	140
25.55833	150
25.56667	161
25.57500	173
25.58333	186
25.59167	201
25.60000	216
25.60833	233
25.61667	251
25.62500	270
25.63333	292
25.64167	315
25.65000	341
25.65833	369
25.66667	399
25.67500	432
25.68333	468
25.69167	507
25.70000	549
25.70833	594
25.71667	643
25.72500	696
25.73333	752
25.74167	812
25.75000	876
25.75833	945
25.76667	1019
25.77500	1098
25.78333	1182
25.79167	1271
25.80000	1365
25.80833	1465
25.81667	1570
25.82500	1680
25.83333	1796
25.84167	1917
25.85000	2044
25.85833	2175
25.86667	2312
25.87500	2454
25.88333	2599
25.89167	2750
25.90000	2904
25.90833	3061
25.91667	3221
25.92500	3384
25.93333	3550
25.94167	3718
25.95000	3887
25.95833	4056
25.96667	4226
25.97500	4395
25.98333	4562
25.99167	4728
26.00000	4891
26.00833	5050
26.01667	5206
26.02500	5356
26.03333	5501
26.04167	5641
26.05000	5775
26.05833	5901
26.06667	6019
26.07500	6128
26.08333	6230
26.09167	6322
26.10000	6405
26.10833	6479
26.11667	6543
26.12500	6597
26.13333	6640
26.14167	6673
26.15000	6696
26.15833	6708
26.16667	6711
26.17500	6703
26.18333	6685
26.19167	6657
26.20000	6620
26.20833	6574
26.21667	6518
26.22500	6455
26.23333	6383
26.24167	6303
26.25000	6216
26.25833	6123
26.26667	6022
26.27500	5916
26.28333	5805
26.29167	5688
26.30000	5567
26.30833	5442
26.31667	5314
26.32500	5183
26.33333	5049
26.34167	4914
26.35000	4777
26.35833	4639
26.36667	4500
26.37500	4361
26.38333	4222
26.39167	4082
26.40000	3944
26.40833	3806
26.41667	3670
26.42500	3536
26.43333	3403
26.44167	3273
26.45000	3144
26.45833	3019
26.46667	2896
26.47500	2776
26.48333	2659
26.49167	2545
26.50000	2434
26.50833	2326
26.51667	2221
26.52500	2120
26.53333	2022
26.54167	1927
26.55000	1836
26.55833	1747
26.56667	1662
26.57500	1580
26.58333	1501
26.59167	1425
26.60000	1352
26.60833	1283
26.61667	1217
26.62500	1154
26.63333	1094
26.64167	1037
26.65000	982
26.65833	930
26.66667	880
26.67500	832
26.68333	787
26.69167	744
26.70000	704
26.70833	665
26.71667	629
26.72500	594
26.73333	562
26.74167	531
26.75000	502
26.75833	475
26.76667	450
26.77500	426
26.78333	403
26.79167	381
26.80000	361
26.80833	341
26.81667	323
26.82500	306
26.83333	290
26.84167	275
26.85000	261
26.85833	248
26.86667	236
26.87500	224
26.88333	213
26.89167	203
26.90000	193
26.90833	184
26.91667	175
26.92500	168
26.93333	160
26.94167	154
26.95000	148
26.95833	142
26.96667	137
26.97500	132
26.98333	128
26.99167	123
27.00000	119
27.00833	114
27.01667	110
27.02500	106
27.03333	102
27.04167	99
27.05000	96
27.05833	93
27.06667	90
27.07500	88
27.08333	85
27.09167	83
27.10000	81
27.10833	79
27.11667	78
27.12500	76
27.13333	75
27.14167	73
27.15000	72
27.15833	71
27.16667	70
27.17500	68
27.18333	68
27.19167	67
27.20000	67
27.20833	66
27.21667	65
27.22500	64
27.23333	63
27.24167	62
27.25000	61
27.25833	61
27.26667	60
27.27500	59
27.28333	58
27.29167	57
27.30000	57
27.30833	56
27.31667	56
27.32500	56
27.33333	55
27.34167	55
27.35000	55
27.35833	54
27.36667	54
27.37500	53
27.38333	53
27.39167	53
27.40000	52
27.40833	52
27.41667	52
27.42500	51
27.43333	51
27.44167	51
27.45000	51
27.45833	51
27.46667	50
27.47500	51
27.48333	50
27.49167	50
27.50000	49
27.50833	49
27.51667	49
27.52500	48
27.53333	48
27.54167	48
27.55000	48
27.55833	48
27.56667	48
27.57500	48
27.58333	48
27.59167	48
27.60000	47
27.60833	46
27.61667	46
27.62500	46
27.63333	46
27.64167	46
27.65000	46
27.65833	46
27.66667	46
27.67500	45
27.68333	45
27.69167	45
27.70000	44
27.70833	44
27.71667	44
27.72500	45
27.73333	45
27.74167	44
27.75000	44
27.75833	44
27.76667	44
27.77500	44
27.78333	44
27.79167	44
27.80000	44
27.80833	44
27.81667	44
27.82500	44
27.83333	44
27.84167	44
27.85000	44
27.85833	43
27.86667	43
27.87500	43
27.88333	43
27.89167	42
27.90000	42
27.90833	42
27.91667	42
27.92500	42
27.93333	42
27.94167	42
27.95000	42
27.95833	42
27.96667	42
27.97500	42
27.98333	42
27.99167	42
28.00000	42

